TIME	CALLS	PUTS	TOTAL	P/C RATIO
2025-06-11 09:00:00	435363	238255	673618	0.55
2025-06-11 09:30:00	731668	410097	1141765	0.56
2025-06-11 10:00:00	1033325	556172	1589497	0.54
2025-06-11 10:30:00	1240972	664565	1905537	0.54
2025-06-11 11:00:00	1402039	752801	2154840	0.54
2025-06-11 11:30:00	1612069	854333	2466402	0.53
2025-06-11 12:00:00	1726888	921321	2648209	0.53
2025-06-11 12:30:00	1852242	994695	2846937	0.54
2025-06-11 13:00:00	1999025	1075070	3074095	0.54
2025-06-11 13:30:00	2222967	1201746	3424713	0.54
2025-06-11 14:00:00	2364910	1297635	3662545	0.55
2025-06-11 14:30:00	2531167	1394235	3925402	0.55
2025-06-11 15:00:00	2739927	1620338	4360265	0.59
2025-06-11 15:15:00	2749470	1628843	4378313	0.59
2025-06-10 09:00:00	363856	206002	569858	0.57
2025-06-10 09:30:00	626859	342667	969526	0.55
2025-06-10 10:00:00	832448	464535	1296983	0.56
2025-06-10 10:30:00	1014757	558456	1573213	0.55
2025-06-10 11:00:00	1181514	660137	1841651	0.56
2025-06-10 11:30:00	1318806	732212	2051018	0.56
2025-06-10 12:00:00	1449239	838561	2287800	0.58
2025-06-10 12:30:00	1605579	937360	2542939	0.58
2025-06-10 13:00:00	1742172	1015404	2757576	0.58
2025-06-10 13:30:00	1870201	1093857	2964058	0.58
2025-06-10 14:00:00	2000121	1198684	3198805	0.6
2025-06-10 14:30:00	2184067	1378633	3562700	0.63
2025-06-10 15:00:00	2413838	1511329	3925167	0.63
2025-06-10 15:15:00	2439019	1524479	3963498	0.63
2025-06-09 09:00:00	481342	239751	721093	0.5
2025-06-09 09:30:00	790723	418222	1208945	0.53
2025-06-09 10:00:00	1006856	548721	1555577	0.54
2025-06-09 10:30:00	1185931	653789	1839720	0.55
2025-06-09 11:00:00	1322577	743326	2065903	0.56
2025-06-09 11:30:00	1485977	820477	2306454	0.55
2025-06-09 12:00:00	1682580	918657	2601237	0.55
2025-06-09 12:30:00	1821096	1011728	2832824	0.56
2025-06-09 13:00:00	1969888	1098225	3068113	0.56
2025-06-09 13:30:00	2211201	1171410	3382611	0.53
2025-06-09 14:00:00	2350656	1248206	3598862	0.53
2025-06-09 14:30:00	2489716	1425403	3915119	0.57
2025-06-09 15:00:00	2716870	1562545	4279415	0.58
2025-06-09 15:15:00	2726322	1576726	4303048	0.58
2025-06-06 09:00:00	614064	452266	1066330	0.74
2025-06-06 09:30:00	953503	670871	1624374	0.7
2025-06-06 10:00:00	1275130	871650	2146780	0.68
2025-06-06 10:30:00	1630674	1072108	2702782	0.66
2025-06-06 11:00:00	1839977	1217624	3057601	0.66
2025-06-06 11:30:00	2028813	1338949	3367762	0.66
2025-06-06 12:00:00	2208597	1493886	3702483	0.68
2025-06-06 12:30:00	2374460	1617622	3992082	0.68
2025-06-06 13:00:00	2551335	1730410	4281745	0.68
2025-06-06 13:30:00	2768462	1856290	4624752	0.67
2025-06-06 14:00:00	2990216	1999257	4989473	0.67
2025-06-06 14:30:00	3253289	2225202	5478491	0.68
2025-06-06 15:00:00	3573793	2482642	6056435	0.69
2025-06-06 15:15:00	3589237	2505578	6094815	0.7
2025-06-05 09:00:00	441483	244895	686378	0.55
2025-06-05 09:30:00	752691	444379	1197070	0.59
2025-06-05 10:00:00	1004536	575945	1580481	0.57
2025-06-05 10:30:00	1249616	718682	1968298	0.58
2025-06-05 11:00:00	1492810	835069	2327879	0.56
2025-06-05 11:30:00	1670859	977167	2648026	0.58
2025-06-05 12:00:00	1868641	1141172	3009813	0.61
2025-06-05 12:30:00	2029518	1255071	3284589	0.62
2025-06-05 13:00:00	2158907	1340861	3499768	0.62
2025-06-05 13:30:00	2314001	1452397	3766398	0.63
2025-06-05 14:00:00	2452688	1585949	4038637	0.65
2025-06-05 14:30:00	2713193	1806514	4519707	0.67
2025-06-05 15:00:00	3096569	2016066	5112635	0.65
2025-06-05 15:15:00	3107266	2028783	5136049	0.65
2025-06-04 09:00:00	378441	223231	601672	0.59
2025-06-04 09:30:00	669975	428907	1098882	0.64
2025-06-04 10:00:00	838284	592065	1430349	0.71
2025-06-04 10:30:00	1016850	681799	1698649	0.67
2025-06-04 11:00:00	1150481	783660	1934141	0.68
2025-06-04 11:30:00	1266473	869459	2135932	0.69
2025-06-04 12:00:00	1392635	967317	2359952	0.69
2025-06-04 12:30:00	1523015	1030828	2553843	0.68
2025-06-04 13:00:00	1644598	1108618	2753216	0.67
2025-06-04 13:30:00	1761658	1177066	2938724	0.67
2025-06-04 14:00:00	1884628	1256750	3141378	0.67
2025-06-04 14:30:00	2011681	1344201	3355882	0.67
2025-06-04 15:00:00	2208954	1481511	3690465	0.67
2025-06-04 15:15:00	2219720	1494437	3714157	0.67
2025-06-03 09:00:00	343009	185738	528747	0.54
2025-06-03 09:30:00	621137	611796	1232933	0.98
2025-06-03 10:00:00	842645	772278	1614923	0.92
2025-06-03 10:30:00	1031392	906916	1938308	0.88
2025-06-03 11:00:00	1197413	1160710	2358123	0.97
2025-06-03 11:30:00	1340731	1269401	2610132	0.95
2025-06-03 12:00:00	1502822	1380241	2883063	0.92
2025-06-03 12:30:00	1623146	1462922	3086068	0.9
2025-06-03 13:00:00	1762448	1572839	3335287	0.89
2025-06-03 13:30:00	1922392	1679418	3601810	0.87
2025-06-03 14:00:00	2032652	1740013	3772665	0.86
2025-06-03 14:30:00	2163502	1823706	3987208	0.84
2025-06-03 15:00:00	2367822	1950805	4318627	0.82
2025-06-03 15:15:00	2379386	1961764	4341150	0.82
2025-06-02 09:00:00	414767	219915	634682	0.53
2025-06-02 09:30:00	668932	384603	1053535	0.57
2025-06-02 10:00:00	858203	515717	1373920	0.6
2025-06-02 10:30:00	1034952	639970	1674922	0.62
2025-06-02 11:00:00	1167021	735379	1902400	0.63
2025-06-02 11:30:00	1283826	837918	2121744	0.65
2025-06-02 12:00:00	1433391	904583	2337974	0.63
2025-06-02 12:30:00	1541276	978462	2519738	0.63
2025-06-02 13:00:00	1645472	1058371	2703843	0.64
2025-06-02 13:30:00	1778930	1137478	2916408	0.64
2025-06-02 14:00:00	1896751	1219523	3116274	0.64
2025-06-02 14:30:00	2025067	1320036	3345103	0.65
2025-06-02 15:00:00	2230390	1436800	3667190	0.64
2025-06-02 15:15:00	2251191	1454545	3705736	0.65
2025-05-30 09:00:00	431926	320991	752917	0.74
2025-05-30 09:30:00	781034	550826	1331860	0.71
2025-05-30 10:00:00	1120657	773542	1894199	0.69
2025-05-30 10:30:00	1366356	933610	2299966	0.68
2025-05-30 11:00:00	1576659	1097928	2674587	0.7
2025-05-30 11:30:00	1790586	1360816	3151402	0.76
2025-05-30 12:00:00	2115998	1604701	3720699	0.76
2025-05-30 12:30:00	2322434	1742441	4064875	0.75
2025-05-30 13:00:00	2485934	1868079	4354013	0.75
2025-05-30 13:30:00	2677805	2019278	4697083	0.75
2025-05-30 14:00:00	2851992	2148725	5000717	0.75
2025-05-30 14:30:00	3101867	2335291	5437158	0.75
2025-05-30 15:00:00	3495431	2557709	6053140	0.73
2025-05-30 15:15:00	3517355	2579333	6096688	0.73
2025-05-29 09:00:00	547730	294427	842157	0.54
2025-05-29 09:30:00	853749	501756	1355505	0.59
2025-05-29 10:00:00	1078960	629109	1708069	0.58
2025-05-29 10:30:00	1231377	766397	1997774	0.62
2025-05-29 11:00:00	1400628	874747	2275375	0.62
2025-05-29 11:30:00	1548743	964735	2513478	0.62
2025-05-29 12:00:00	1653315	1043339	2696654	0.63
2025-05-29 12:30:00	1769578	1117518	2887096	0.63
2025-05-29 13:00:00	1927896	1197963	3125859	0.62
2025-05-29 13:30:00	2077711	1286437	3364148	0.62
2025-05-29 14:00:00	2237014	1384692	3621706	0.62
2025-05-29 14:30:00	2383379	1465725	3849104	0.61
2025-05-29 15:00:00	2570594	1600435	4171029	0.62
2025-05-29 15:15:00	2582347	1612957	4195304	0.62
2025-05-28 09:00:00	372715	197484	570199	0.53
2025-05-28 09:30:00	593863	335111	928974	0.56
2025-05-28 10:00:00	792660	429257	1221917	0.54
2025-05-28 10:30:00	985690	530674	1516364	0.54
2025-05-28 11:00:00	1133563	617341	1750904	0.54
2025-05-28 11:30:00	1266451	700164	1966615	0.55
2025-05-28 12:00:00	1408834	771022	2179856	0.55
2025-05-28 12:30:00	1533887	850657	2384544	0.55
2025-05-28 13:00:00	1692638	937031	2629669	0.55
2025-05-28 13:30:00	1848030	1028397	2876427	0.56
2025-05-28 14:00:00	2016704	1136556	3153260	0.56
2025-05-28 14:30:00	2231650	1376599	3608249	0.62
2025-05-28 15:00:00	2516748	1596468	4113216	0.63
2025-05-28 15:15:00	2528211	1607116	4135327	0.64
2025-05-27 09:00:00	460473	226874	687347	0.49
2025-05-27 09:30:00	776367	400909	1177276	0.52
2025-05-27 10:00:00	983079	524502	1507581	0.53
2025-05-27 10:30:00	1166805	616046	1782851	0.53
2025-05-27 11:00:00	1321312	705810	2027122	0.53
2025-05-27 11:30:00	1479821	799145	2278966	0.54
2025-05-27 12:00:00	1626643	899764	2526407	0.55
2025-05-27 12:30:00	1760691	976334	2737025	0.55
2025-05-27 13:00:00	1888079	1072191	2960270	0.57
2025-05-27 13:30:00	2019291	1159052	3178343	0.57
2025-05-27 14:00:00	2146744	1236070	3382814	0.58
2025-05-27 14:30:00	2270122	1423504	3693626	0.63
2025-05-27 15:00:00	2461142	1557106	4018248	0.63
2025-05-27 15:15:00	2472528	1571155	4043683	0.64
2025-05-23 09:00:00	560577	395068	955645	0.7
2025-05-23 09:30:00	914292	621284	1535576	0.68
2025-05-23 10:00:00	1166884	797691	1964575	0.68
2025-05-23 10:30:00	1393081	941596	2334677	0.68
2025-05-23 11:00:00	1565955	1111825	2677780	0.71
2025-05-23 11:30:00	1767673	1223593	2991266	0.69
2025-05-23 12:00:00	1931325	1325980	3257305	0.69
2025-05-23 12:30:00	2125755	1465068	3590823	0.69
2025-05-23 13:00:00	2298515	1640723	3939238	0.71
2025-05-23 13:30:00	2499761	1787901	4287662	0.72
2025-05-23 14:00:00	2652002	1910645	4562647	0.72
2025-05-23 14:30:00	2828412	2145236	4973648	0.76
2025-05-23 15:00:00	3109608	2418132	5527740	0.78
2025-05-23 15:15:00	3125796	2445786	5571582	0.78
2025-05-22 09:00:00	429738	254700	684438	0.59
2025-05-22 09:30:00	754982	420183	1175165	0.56
2025-05-22 10:00:00	997222	588126	1585348	0.59
2025-05-22 10:30:00	1186316	712467	1898783	0.6
2025-05-22 11:00:00	1343913	825321	2169234	0.61
2025-05-22 11:30:00	1504887	911133	2416020	0.61
2025-05-22 12:00:00	1624935	991591	2616526	0.61
2025-05-22 12:30:00	1753261	1075369	2828630	0.61
2025-05-22 13:00:00	1873403	1165081	3038484	0.62
2025-05-22 13:30:00	2072773	1249148	3321921	0.6
2025-05-22 14:00:00	2197589	1397450	3595039	0.64
2025-05-22 14:30:00	2350496	2017789	4368285	0.86
2025-05-22 15:00:00	2581201	2182419	4763620	0.85
2025-05-22 15:15:00	2594404	2195280	4789684	0.85
2025-05-21 09:00:00	345515	209965	555480	0.61
2025-05-21 09:30:00	576794	352480	929274	0.61
2025-05-21 10:00:00	789369	477489	1266858	0.6
2025-05-21 10:30:00	1051604	611425	1663029	0.58
2025-05-21 11:00:00	1249912	702239	1952151	0.56
2025-05-21 11:30:00	1432086	776840	2208926	0.54
2025-05-21 12:00:00	1579493	866507	2446000	0.55
2025-05-21 12:30:00	1836093	1077353	2913446	0.59
2025-05-21 13:00:00	2056067	1288926	3344993	0.63
2025-05-21 13:30:00	2221846	1479195	3701041	0.67
2025-05-21 14:00:00	2361686	1606272	3967958	0.68
2025-05-21 14:30:00	2611038	1796620	4407658	0.69
2025-05-21 15:00:00	2886131	2016793	4902924	0.7
2025-05-21 15:15:00	2901777	2040609	4942386	0.7
2025-05-20 09:00:00	394638	175851	570489	0.45
2025-05-20 09:30:00	608437	290219	898656	0.48
2025-05-20 10:00:00	780919	385394	1166313	0.49
2025-05-20 10:30:00	901056	466246	1367302	0.52
2025-05-20 11:00:00	1014363	539800	1554163	0.53
2025-05-20 11:30:00	1108150	618498	1726648	0.56
2025-05-20 12:00:00	1207757	671248	1879005	0.56
2025-05-20 12:30:00	1319265	732262	2051527	0.56
2025-05-20 13:00:00	1444283	808963	2253246	0.56
2025-05-20 13:30:00	1607913	894159	2502072	0.56
2025-05-20 14:00:00	1765682	985568	2751250	0.56
2025-05-20 14:30:00	1934034	1090451	3024485	0.56
2025-05-20 15:00:00	2145028	1312343	3457371	0.61
2025-05-20 15:15:00	2156146	1326517	3482663	0.62
2025-05-19 09:00:00	375484	230205	605689	0.61
2025-05-19 09:30:00	617634	400162	1017796	0.65
2025-05-19 10:00:00	771013	531013	1302026	0.69
2025-05-19 10:30:00	1053483	601523	1655006	0.57
2025-05-19 11:00:00	1158575	674672	1833247	0.58
2025-05-19 11:30:00	1293384	747436	2040820	0.58
2025-05-19 12:00:00	1402719	845993	2248712	0.6
2025-05-19 12:30:00	1541480	926973	2468453	0.6
2025-05-19 13:00:00	1652682	994030	2646712	0.6
2025-05-19 13:30:00	1742469	1077270	2819739	0.62
2025-05-19 14:00:00	1826593	1135268	2961861	0.62
2025-05-19 14:30:00	1922481	1205757	3128238	0.63
2025-05-19 15:00:00	2067406	1310354	3377760	0.63
2025-05-19 15:15:00	2078029	1322660	3400689	0.64
2025-05-16 09:00:00	506791	286790	793581	0.57
2025-05-16 09:30:00	891981	456492	1348473	0.51
2025-05-16 10:00:00	1198143	638013	1836156	0.53
2025-05-16 10:30:00	1426369	751097	2177466	0.53
2025-05-16 11:00:00	1665886	867029	2532915	0.52
2025-05-16 11:30:00	1870950	974196	2845146	0.52
2025-05-16 12:00:00	2076324	1070718	3147042	0.52
2025-05-16 12:30:00	2262580	1183166	3445746	0.52
2025-05-16 13:00:00	2443478	1296641	3740119	0.53
2025-05-16 13:30:00	2631522	1407599	4039121	0.53
2025-05-16 14:00:00	2866771	1524338	4391109	0.53
2025-05-16 14:30:00	3111684	1667844	4779528	0.54
2025-05-16 15:00:00	3467528	1871409	5338937	0.54
2025-05-16 15:15:00	3485073	1888106	5373179	0.54
2025-05-15 09:00:00	382194	216368	598562	0.57
2025-05-15 09:30:00	652141	348391	1000532	0.53
2025-05-15 10:00:00	873018	477948	1350966	0.55
2025-05-15 10:30:00	1060266	588990	1649256	0.56
2025-05-15 11:00:00	1240168	680293	1920461	0.55
2025-05-15 11:30:00	1396686	774726	2171412	0.55
2025-05-15 12:00:00	1594408	860183	2454591	0.54
2025-05-15 12:30:00	1737169	942193	2679362	0.54
2025-05-15 13:00:00	1902690	1019530	2922220	0.54
2025-05-15 13:30:00	2047876	1098215	3146091	0.54
2025-05-15 14:00:00	2217907	1177719	3395626	0.53
2025-05-15 14:30:00	2396234	1292481	3688715	0.54
2025-05-15 15:00:00	2629224	1415571	4044795	0.54
2025-05-15 15:15:00	2638002	1462520	4100522	0.55
2025-05-14 09:00:00	531958	278458	810416	0.52
2025-05-14 09:30:00	822886	426005	1248891	0.52
2025-05-14 10:00:00	1067068	540346	1607414	0.51
2025-05-14 10:30:00	1282279	647388	1929667	0.5
2025-05-14 11:00:00	1551951	755302	2307253	0.49
2025-05-14 11:30:00	1740173	841430	2581603	0.48
2025-05-14 12:00:00	1898370	923222	2821592	0.49
2025-05-14 12:30:00	2050460	1025958	3076418	0.5
2025-05-14 13:00:00	2223428	1092751	3316179	0.49
2025-05-14 13:30:00	2376540	1164738	3541278	0.49
2025-05-14 14:00:00	2514618	1268889	3783507	0.5
2025-05-14 14:30:00	2681451	1358321	4039772	0.51
2025-05-14 15:00:00	2905406	1489317	4394723	0.51
2025-05-14 15:15:00	2918503	1501223	4419726	0.51
2025-05-13 09:00:00	456040	236183	692223	0.52
2025-05-13 09:30:00	1086117	470449	1556566	0.43
2025-05-13 10:00:00	1441522	641608	2083130	0.45
2025-05-13 10:30:00	1704121	774736	2478857	0.45
2025-05-13 11:00:00	1951812	894641	2846453	0.46
2025-05-13 11:30:00	2131722	986802	3118524	0.46
2025-05-13 12:00:00	2362998	1111595	3474593	0.47
2025-05-13 12:30:00	2521752	1228881	3750633	0.49
2025-05-13 13:00:00	2749770	1358522	4108292	0.49
2025-05-13 13:30:00	2922056	1464582	4386638	0.5
2025-05-13 14:00:00	3060863	1570370	4631233	0.51
2025-05-13 14:30:00	3283247	1819285	5102532	0.55
2025-05-13 15:00:00	3533466	1962308	5495774	0.56
2025-05-13 15:15:00	3550445	1977232	5527677	0.56
2025-05-12 09:00:00	687288	364472	1051760	0.53
2025-05-12 09:30:00	1110403	591695	1702098	0.53
2025-05-12 10:00:00	1369993	745071	2115064	0.54
2025-05-12 10:30:00	1594524	873660	2468184	0.55
2025-05-12 11:00:00	1817973	998936	2816909	0.55
2025-05-12 11:30:00	2008540	1122219	3130759	0.56
2025-05-12 12:00:00	2162469	1218271	3380740	0.56
2025-05-12 12:30:00	2406910	1319264	3726174	0.55
2025-05-12 13:00:00	2560118	1419379	3979497	0.55
2025-05-12 13:30:00	2704597	1515411	4220008	0.56
2025-05-12 14:00:00	2851784	1613344	4465128	0.57
2025-05-12 14:30:00	2981468	1704395	4685863	0.57
2025-05-12 15:00:00	3214066	1862662	5076728	0.58
2025-05-12 15:15:00	3230576	1882103	5112679	0.58
2025-05-09 09:00:00	500503	274135	774638	0.55
2025-05-09 09:30:00	896819	484578	1381397	0.54
2025-05-09 10:00:00	1256248	677005	1933253	0.54
2025-05-09 10:30:00	1494213	797097	2291310	0.53
2025-05-09 11:00:00	1658377	893081	2551458	0.54
2025-05-09 11:30:00	1804194	1020472	2824666	0.57
2025-05-09 12:00:00	1960526	1141934	3102460	0.58
2025-05-09 12:30:00	2114502	1233309	3347811	0.58
2025-05-09 13:00:00	2339421	1341514	3680935	0.57
2025-05-09 13:30:00	2476902	1427207	3904109	0.58
2025-05-09 14:00:00	2670959	1504103	4175062	0.56
2025-05-09 14:30:00	2885123	1606332	4491455	0.56
2025-05-09 15:00:00	3161098	1834382	4995480	0.58
2025-05-09 15:15:00	3183462	1854065	5037527	0.58
2025-05-08 09:00:00	438294	271254	709548	0.62
2025-05-08 09:30:00	740316	432264	1172580	0.58
2025-05-08 10:00:00	970139	572865	1543004	0.59
2025-05-08 10:30:00	1179322	690094	1869416	0.59
2025-05-08 11:00:00	1481642	1144544	2626186	0.77
2025-05-08 11:30:00	1963422	1557721	3521143	0.79
2025-05-08 12:00:00	2158417	1690297	3848714	0.78
2025-05-08 12:30:00	2359109	1782829	4141938	0.76
2025-05-08 13:00:00	2494381	1870274	4364655	0.75
2025-05-08 13:30:00	2688973	1990080	4679053	0.74
2025-05-08 14:00:00	2833395	2065520	4898915	0.73
2025-05-08 14:30:00	3006922	2194276	5201198	0.73
2025-05-08 15:00:00	3294712	2623880	5918592	0.8
2025-05-08 15:15:00	3307972	2640454	5948426	0.8
2025-05-07 09:00:00	284896	162252	447148	0.57
2025-05-07 09:30:00	556219	271663	827882	0.49
2025-05-07 10:00:00	941256	373452	1314708	0.4
2025-05-07 10:30:00	1070245	472337	1542582	0.44
2025-05-07 11:00:00	1207387	575705	1783092	0.48
2025-05-07 11:30:00	1317378	644741	1962119	0.49
2025-05-07 12:00:00	1425315	711415	2136730	0.5
2025-05-07 12:30:00	1555468	770272	2325740	0.5
2025-05-07 13:00:00	1641437	833676	2475113	0.51
2025-05-07 13:30:00	1773543	933271	2706814	0.53
2025-05-07 14:00:00	1891791	1017517	2909308	0.54
2025-05-07 14:30:00	2000792	1097828	3098620	0.55
2025-05-07 15:00:00	2247107	1278896	3526003	0.57
2025-05-07 15:15:00	2255233	1289740	3544973	0.57
2025-05-06 09:00:00	305133	244862	549995	0.8
2025-05-06 09:30:00	512402	402418	914820	0.79
2025-05-06 10:00:00	649488	494678	1144166	0.76
2025-05-06 10:30:00	798681	565199	1363880	0.71
2025-05-06 11:00:00	944654	631715	1576369	0.67
2025-05-06 11:30:00	1107738	703905	1811643	0.64
2025-05-06 12:00:00	1196641	772703	1969344	0.65
2025-05-06 12:30:00	1275837	838485	2114322	0.66
2025-05-06 13:00:00	1352319	895465	2247784	0.66
2025-05-06 13:30:00	1451880	979711	2431591	0.67
2025-05-06 14:00:00	1551819	1072824	2624643	0.69
2025-05-06 14:30:00	1694745	1166360	2861105	0.69
2025-05-06 15:00:00	1899312	1333565	3232877	0.7
2025-05-06 15:15:00	1935083	1350960	3286043	0.7
2025-05-05 09:00:00	260295	202741	463036	0.78
2025-05-05 09:30:00	572076	359397	931473	0.63
2025-05-05 10:00:00	778048	470647	1248695	0.6
2025-05-05 10:30:00	892014	546779	1438793	0.61
2025-05-05 11:00:00	1028423	619669	1648092	0.6
2025-05-05 11:30:00	1123771	679427	1803198	0.6
2025-05-05 12:00:00	1225604	741462	1967066	0.6
2025-05-05 12:30:00	1333013	804807	2137820	0.6
2025-05-05 13:00:00	1439425	972495	2411920	0.68
2025-05-05 13:30:00	1537059	1035356	2572415	0.67
2025-05-05 14:00:00	1639199	1125128	2764327	0.69
2025-05-05 14:30:00	1741117	1221657	2962774	0.7
2025-05-05 15:00:00	1934979	1348133	3283112	0.7
2025-05-05 15:15:00	1944021	1364482	3308503	0.7
2025-05-02 09:00:00	499911	348426	848337	0.7
2025-05-02 09:30:00	832862	556522	1389384	0.67
2025-05-02 10:00:00	1070309	702166	1772475	0.66
2025-05-02 10:30:00	1281596	840355	2121951	0.66
2025-05-02 11:00:00	1459653	953002	2412655	0.65
2025-05-02 11:30:00	1896396	1117792	3014188	0.59
2025-05-02 12:00:00	2085980	1244444	3330424	0.6
2025-05-02 12:30:00	2249790	1367705	3617495	0.61
2025-05-02 13:00:00	2391997	1456268	3848265	0.61
2025-05-02 13:30:00	2554386	1556073	4110459	0.61
2025-05-02 14:00:00	2744321	1695409	4439730	0.62
2025-05-02 14:30:00	2946045	1830822	4776867	0.62
2025-05-02 15:00:00	3218730	2026184	5244914	0.63
2025-05-02 15:15:00	3232222	2041926	5274148	0.63
2025-05-01 09:00:00	462670	276136	738806	0.6
2025-05-01 09:30:00	801093	514051	1315144	0.64
2025-05-01 10:00:00	1050913	643368	1694281	0.61
2025-05-01 10:30:00	1301230	778467	2079697	0.6
2025-05-01 11:00:00	1493647	896371	2390018	0.6
2025-05-01 11:30:00	1614318	1008034	2622352	0.62
2025-05-01 12:00:00	1724731	1097374	2822105	0.64
2025-05-01 12:30:00	1826527	1173553	3000080	0.64
2025-05-01 13:00:00	1962779	1237527	3200306	0.63
2025-05-01 13:30:00	2072368	1324996	3397364	0.64
2025-05-01 14:00:00	2195861	1402280	3598141	0.64
2025-05-01 14:30:00	2347225	1498710	3845935	0.64
2025-05-01 15:00:00	2566572	1657325	4223897	0.65
2025-05-01 15:15:00	2577507	1674498	4252005	0.65
2025-04-30 09:00:00	341317	267091	608408	0.78
2025-04-30 09:30:00	622808	433572	1056380	0.7
2025-04-30 10:00:00	799060	544034	1343094	0.68
2025-04-30 10:30:00	889959	650018	1539977	0.73
2025-04-30 11:00:00	983547	712301	1695848	0.72
2025-04-30 11:30:00	1089167	773624	1862791	0.71
2025-04-30 12:00:00	1172732	841431	2014163	0.72
2025-04-30 12:30:00	1251321	912378	2163699	0.73
2025-04-30 13:00:00	1342435	975662	2318097	0.73
2025-04-30 13:30:00	1439220	1058230	2497450	0.74
2025-04-30 14:00:00	1522494	1127856	2650350	0.74
2025-04-30 14:30:00	1645154	1239676	2884830	0.75
2025-04-30 15:00:00	1926994	1421570	3348564	0.74
2025-04-30 15:15:00	1938691	1435481	3374172	0.74
2025-04-29 09:00:00	243064	151498	394562	0.62
2025-04-29 09:30:00	420917	269017	689934	0.64
2025-04-29 10:00:00	537334	353808	891142	0.66
2025-04-29 10:30:00	780623	428715	1209338	0.55
2025-04-29 11:00:00	862208	504589	1366797	0.59
2025-04-29 11:30:00	952435	564152	1516587	0.59
2025-04-29 12:00:00	1046191	745839	1792030	0.71
2025-04-29 12:30:00	1122661	798546	1921207	0.71
2025-04-29 13:00:00	1237306	878231	2115537	0.71
2025-04-29 13:30:00	1348275	953111	2301386	0.71
2025-04-29 14:00:00	1476651	1012015	2488666	0.69
2025-04-29 14:30:00	1594110	1098263	2692373	0.69
2025-04-29 15:00:00	1787034	1223689	3010723	0.68
2025-04-29 15:15:00	1796071	1243338	3039409	0.69
2025-04-28 09:00:00	344954	226178	571132	0.66
2025-04-28 09:30:00	553616	338865	892481	0.61
2025-04-28 10:00:00	694786	432581	1127367	0.62
2025-04-28 10:30:00	829673	543842	1373515	0.66
2025-04-28 11:00:00	936783	637179	1573962	0.68
2025-04-28 11:30:00	1022455	725851	1748306	0.71
2025-04-28 12:00:00	1101231	788470	1889701	0.72
2025-04-28 12:30:00	1177499	851128	2028627	0.72
2025-04-28 13:00:00	1261224	919515	2180739	0.73
2025-04-28 13:30:00	1337192	984060	2321252	0.74
2025-04-28 14:00:00	1416754	1035297	2452051	0.73
2025-04-28 14:30:00	1584485	1112224	2696709	0.7
2025-04-28 15:00:00	1804402	1224565	3028967	0.68
2025-04-28 15:15:00	1812384	1238609	3050993	0.68
2025-04-25 09:00:00	479292	272337	751629	0.57
2025-04-25 09:30:00	852465	501973	1354438	0.59
2025-04-25 10:00:00	1124923	667645	1792568	0.59
2025-04-25 10:30:00	1390324	799094	2189418	0.57
2025-04-25 11:00:00	1658792	935565	2594357	0.56
2025-04-25 11:30:00	1843375	1051586	2894961	0.57
2025-04-25 12:00:00	2094644	1205040	3299684	0.58
2025-04-25 12:30:00	2341202	1348925	3690127	0.58
2025-04-25 13:00:00	2591900	1523865	4115765	0.59
2025-04-25 13:30:00	2757322	1628606	4385928	0.59
2025-04-25 14:00:00	2940119	1737784	4677903	0.59
2025-04-25 14:30:00	3153491	1860182	5013673	0.59
2025-04-25 15:00:00	3516216	2038408	5554624	0.58
2025-04-25 15:15:00	3533477	2056641	5590118	0.58
2025-04-24 09:00:00	281972	181651	463623	0.64
2025-04-24 09:30:00	530156	346879	877035	0.65
2025-04-24 10:00:00	740630	502025	1242655	0.68
2025-04-24 10:30:00	927398	639124	1566522	0.69
2025-04-24 11:00:00	1046418	720621	1767039	0.69
2025-04-24 11:30:00	1169667	888192	2057859	0.76
2025-04-24 12:00:00	1340082	975393	2315475	0.73
2025-04-24 12:30:00	1475458	1052251	2527709	0.71
2025-04-24 13:00:00	1604785	1133029	2737814	0.71
2025-04-24 13:30:00	1759085	1224773	2983858	0.7
2025-04-24 14:00:00	1911280	1355330	3266610	0.71
2025-04-24 14:30:00	2055035	1747600	3802635	0.85
2025-04-24 15:00:00	2304755	1912516	4217271	0.83
2025-04-24 15:15:00	2319487	1929292	4248779	0.83
2025-04-23 09:00:00	728455	396108	1124563	0.54
2025-04-23 09:30:00	1078200	774906	1853106	0.72
2025-04-23 10:00:00	1404352	940916	2345268	0.67
2025-04-23 10:30:00	1627128	1094152	2721280	0.67
2025-04-23 11:00:00	1804518	1235609	3040127	0.68
2025-04-23 11:30:00	1953634	1362348	3315982	0.7
2025-04-23 12:00:00	2107677	1444662	3552339	0.69
2025-04-23 12:30:00	2221665	1517505	3739170	0.68
2025-04-23 13:00:00	2318813	1573547	3892360	0.68
2025-04-23 13:30:00	2404264	1659647	4063911	0.69
2025-04-23 14:00:00	2498089	1747698	4245787	0.7
2025-04-23 14:30:00	2623781	1843127	4466908	0.7
2025-04-23 15:00:00	2794528	1981351	4775879	0.71
2025-04-23 15:15:00	2811654	2010435	4822089	0.72
2025-04-22 09:00:00	326842	251089	577931	0.77
2025-04-22 09:30:00	562823	383812	946635	0.68
2025-04-22 10:00:00	783005	493832	1276837	0.63
2025-04-22 10:30:00	995005	613189	1608194	0.62
2025-04-22 11:00:00	1154989	722492	1877481	0.63
2025-04-22 11:30:00	1376822	844261	2221083	0.61
2025-04-22 12:00:00	1591062	943123	2534185	0.59
2025-04-22 12:30:00	1744662	1074949	2819611	0.62
2025-04-22 13:00:00	1855488	1163438	3018926	0.63
2025-04-22 13:30:00	1984893	1233565	3218458	0.62
2025-04-22 14:00:00	2125568	1301997	3427565	0.61
2025-04-22 14:30:00	2251974	1390753	3642727	0.62
2025-04-22 15:00:00	2444443	1528686	3973129	0.63
2025-04-22 15:15:00	2449585	1537301	3986886	0.63
2025-04-21 09:00:00	279223	201660	480883	0.72
2025-04-21 09:30:00	489523	372210	861733	0.76
2025-04-21 10:00:00	651124	539933	1191057	0.83
2025-04-21 10:30:00	775834	630187	1406021	0.81
2025-04-21 11:00:00	904919	775561	1680480	0.86
2025-04-21 11:30:00	1239513	1131259	2370772	0.91
2025-04-21 12:00:00	1343441	1203708	2547149	0.9
2025-04-21 12:30:00	1452442	1298427	2750869	0.89
2025-04-21 13:00:00	1551639	1402900	2954539	0.9
2025-04-21 13:30:00	1637435	1473874	3111309	0.9
2025-04-21 14:00:00	1713954	1538839	3252793	0.9
2025-04-21 14:30:00	1843734	1672974	3516708	0.91
2025-04-21 15:00:00	2005895	1791544	3797439	0.89
2025-04-21 15:15:00	2017223	1801537	3818760	0.89
2025-04-17 09:00:00	395232	320150	715382	0.81
2025-04-17 09:30:00	639213	695465	1334678	1.09
2025-04-17 10:00:00	963763	886319	1850082	0.92
2025-04-17 10:30:00	1185773	1051793	2237566	0.89
2025-04-17 11:00:00	1350857	1162748	2513605	0.86
2025-04-17 11:30:00	1524047	1343711	2867758	0.88
2025-04-17 12:00:00	1756326	1488956	3245282	0.85
2025-04-17 12:30:00	1886357	1591454	3477811	0.84
2025-04-17 13:00:00	2019979	1688564	3708543	0.84
2025-04-17 13:30:00	2332762	1808863	4141625	0.78
2025-04-17 14:00:00	2527931	1927551	4455482	0.76
2025-04-17 14:30:00	2740168	2075252	4815420	0.76
2025-04-17 15:00:00	3088526	2303180	5391706	0.75
2025-04-17 15:15:00	3109546	2324371	5433917	0.75
2025-04-16 09:00:00	315287	224420	539707	0.71
2025-04-16 09:30:00	534903	369250	904153	0.69
2025-04-16 10:00:00	731123	474894	1206017	0.65
2025-04-16 10:30:00	844327	578643	1422970	0.69
2025-04-16 11:00:00	965298	648911	1614209	0.67
2025-04-16 11:30:00	1066746	736174	1802920	0.69
2025-04-16 12:00:00	1164090	801068	1965158	0.69
2025-04-16 12:30:00	1257303	882391	2139694	0.7
2025-04-16 13:00:00	1425555	1046694	2472249	0.73
2025-04-16 13:30:00	1624053	1221693	2845746	0.75
2025-04-16 14:00:00	1767420	1371954	3139374	0.78
2025-04-16 14:30:00	1941569	1511761	3453330	0.78
2025-04-16 15:00:00	2149526	1816730	3966256	0.85
2025-04-16 15:15:00	2157716	1827161	3984877	0.85
2025-04-15 09:00:00	312931	165890	478821	0.53
2025-04-15 09:30:00	603213	542219	1145432	0.9
2025-04-15 10:00:00	755259	672528	1427787	0.89
2025-04-15 10:30:00	933381	828241	1761622	0.89
2025-04-15 11:00:00	1041913	917782	1959695	0.88
2025-04-15 11:30:00	1140817	989996	2130813	0.87
2025-04-15 12:00:00	1245918	1214366	2460284	0.97
2025-04-15 12:30:00	1336876	1345890	2682766	1.01
2025-04-15 13:00:00	1421585	1418225	2839810	1.0
2025-04-15 13:30:00	1512131	1501773	3013904	0.99
2025-04-15 14:00:00	1595467	1568456	3163923	0.98
2025-04-15 14:30:00	1703326	1670025	3373351	0.98
2025-04-15 15:00:00	1874471	1780139	3654610	0.95
2025-04-15 15:15:00	1884842	1790090	3674932	0.95
2025-04-14 09:00:00	356072	451070	807142	1.27
2025-04-14 09:30:00	574081	632238	1206319	1.1
2025-04-14 10:00:00	744390	788711	1533101	1.06
2025-04-14 10:30:00	872999	896740	1769739	1.03
2025-04-14 11:00:00	1040784	1015064	2055848	0.98
2025-04-14 11:30:00	1249261	1112232	2361493	0.89
2025-04-14 12:00:00	1350683	1203298	2553981	0.89
2025-04-14 12:30:00	1439549	1261731	2701280	0.88
2025-04-14 13:00:00	1523667	1328075	2851742	0.87
2025-04-14 13:30:00	1601874	1384792	2986666	0.86
2025-04-14 14:00:00	1693942	1565690	3259632	0.92
2025-04-14 14:30:00	1799421	1676439	3475860	0.93
2025-04-14 15:00:00	1943052	1782275	3725327	0.92
2025-04-14 15:15:00	1953075	1794330	3747405	0.92
2025-04-11 09:00:00	484599	378135	862734	0.78
2025-04-11 09:30:00	715203	587319	1302522	0.82
2025-04-11 10:00:00	922175	734560	1656735	0.8
2025-04-11 10:30:00	1189047	869805	2058852	0.73
2025-04-11 11:00:00	1343404	986381	2329785	0.73
2025-04-11 11:30:00	1528088	1093010	2621098	0.72
2025-04-11 12:00:00	1899919	1233270	3133189	0.65
2025-04-11 12:30:00	2035852	1346748	3382600	0.66
2025-04-11 13:00:00	2234245	1512397	3746642	0.68
2025-04-11 13:30:00	2423669	1620816	4044485	0.67
2025-04-11 14:00:00	2571464	1712616	4284080	0.67
2025-04-11 14:30:00	2804342	1861875	4666217	0.66
2025-04-11 15:00:00	3120487	2010510	5130997	0.64
2025-04-11 15:15:00	3149441	2031327	5180768	0.64
2025-04-10 09:00:00	366632	536673	903305	1.46
2025-04-10 09:30:00	601624	866824	1468448	1.44
2025-04-10 10:00:00	821374	1025909	1847283	1.25
2025-04-10 10:30:00	1002697	1171486	2174183	1.17
2025-04-10 11:00:00	1172248	1353095	2525343	1.15
2025-04-10 11:30:00	1360929	1591197	2952126	1.17
2025-04-10 12:00:00	1517402	1760751	3278153	1.16
2025-04-10 12:30:00	1720470	1879020	3599490	1.09
2025-04-10 13:00:00	1836890	1971242	3808132	1.07
2025-04-10 13:30:00	2012505	2112579	4125084	1.05
2025-04-10 14:00:00	2140874	2244615	4385489	1.05
2025-04-10 14:30:00	2264729	2547005	4811734	1.12
2025-04-10 15:00:00	2509158	2751601	5260759	1.1
2025-04-10 15:15:00	2560979	2769304	5330283	1.08
2025-04-09 09:00:00	363674	332788	696462	0.92
2025-04-09 09:30:00	591565	526209	1117774	0.89
2025-04-09 10:00:00	745502	722056	1467558	0.97
2025-04-09 10:30:00	889800	855368	1745168	0.96
2025-04-09 11:00:00	1009656	959214	1968870	0.95
2025-04-09 11:30:00	1122643	1066510	2189153	0.95
2025-04-09 12:00:00	1224897	1192256	2417153	0.97
2025-04-09 12:30:00	1522985	1407207	2930192	0.92
2025-04-09 13:00:00	2035496	1701081	3736577	0.84
2025-04-09 13:30:00	2486566	1992445	4479011	0.8
2025-04-09 14:00:00	2744758	2195432	4940190	0.8
2025-04-09 14:30:00	2985212	2391871	5377083	0.8
2025-04-09 15:00:00	3361852	2614240	5976092	0.78
2025-04-09 15:15:00	3379567	2674252	6053819	0.79
2025-04-08 09:00:00	363471	261828	625299	0.72
2025-04-08 09:30:00	623168	603972	1227140	0.97
2025-04-08 10:00:00	806204	763558	1569762	0.95
2025-04-08 10:30:00	971801	948337	1920138	0.98
2025-04-08 11:00:00	1099218	1054101	2153319	0.96
2025-04-08 11:30:00	1206717	1167043	2373760	0.97
2025-04-08 12:00:00	1334462	1299779	2634241	0.97
2025-04-08 12:30:00	1458491	1434915	2893406	0.98
2025-04-08 13:00:00	1656833	1669297	3326130	1.01
2025-04-08 13:30:00	1753384	1766208	3519592	1.01
2025-04-08 14:00:00	1850654	1875198	3725852	1.01
2025-04-08 14:30:00	2003142	2110757	4113899	1.05
2025-04-08 15:00:00	2205064	2394535	4599599	1.09
2025-04-08 15:15:00	2220970	2415769	4636739	1.09
2025-04-07 09:00:00	548860	531220	1080080	0.97
2025-04-07 09:30:00	932455	875328	1807783	0.94
2025-04-07 10:00:00	1182191	1079282	2261473	0.91
2025-04-07 10:30:00	1353236	1252373	2605609	0.93
2025-04-07 11:00:00	1322867	1233046	2555913	0.93
2025-04-07 11:30:00	1430105	1341082	2771187	0.94
2025-04-07 12:00:00	1527557	1450156	2977713	0.95
2025-04-07 15:00:00	2617668	2492861	5110529	0.95
2025-04-07 15:15:00	2632360	2515638	5147998	0.96
2025-04-04 09:00:00	534885	1106743	1641628	2.07
2025-04-04 09:30:00	1042290	1891126	2933416	1.81
2025-04-04 10:00:00	1537111	2451913	3989024	1.6
2025-04-04 10:30:00	1907656	2830755	4738411	1.48
2025-04-04 11:00:00	2211378	3040316	5251694	1.37
2025-04-04 11:30:00	2458369	3372998	5831367	1.37
2025-04-04 12:00:00	2681606	3633891	6315497	1.36
2025-04-04 12:30:00	2896110	3837813	6733923	1.33
2025-04-04 13:00:00	3162845	4008330	7171175	1.27
2025-04-04 13:30:00	3496910	4232609	7729519	1.21
2025-04-04 14:00:00	3796047	4482334	8278381	1.18
2025-04-04 14:30:00	4040961	4809848	8850809	1.19
2025-04-04 15:00:00	4555733	5087337	9643070	1.12
2025-04-04 15:15:00	4577108	5117702	9694810	1.12
2025-04-03 09:00:00	401545	463650	865195	1.15
2025-04-03 09:30:00	675735	916049	1591784	1.36
2025-04-03 10:00:00	965103	1159306	2124409	1.2
2025-04-03 10:30:00	1163550	1348931	2512481	1.16
2025-04-03 11:00:00	1324320	1490477	2814797	1.13
2025-04-03 11:30:00	1479712	1664499	3144211	1.12
2025-04-03 12:00:00	1596727	1769799	3366526	1.11
2025-04-03 12:30:00	1696088	1842349	3538437	1.09
2025-04-03 13:00:00	1811974	1923742	3735716	1.06
2025-04-03 13:30:00	2000869	2259172	4260041	1.13
2025-04-03 14:00:00	2130592	2737447	4868039	1.28
2025-04-03 14:30:00	2273548	3101290	5374838	1.36
2025-04-03 15:00:00	2500816	3321674	5822490	1.33
2025-04-03 15:15:00	2512447	3341000	5853447	1.33
2025-04-02 09:00:00	222723	155175	377898	0.7
2025-04-02 09:30:00	355426	260645	616071	0.73
2025-04-02 10:00:00	471728	359106	830834	0.76
2025-04-02 10:30:00	604907	438804	1043711	0.73
2025-04-02 11:00:00	728002	559416	1287418	0.77
2025-04-02 11:30:00	825843	631699	1457542	0.76
2025-04-02 12:00:00	944564	706137	1650701	0.75
2025-04-02 12:30:00	1072900	794318	1867218	0.74
2025-04-02 13:00:00	1154126	988271	2142397	0.86
2025-04-02 13:30:00	1235910	1047972	2283882	0.85
2025-04-02 14:00:00	1320614	1101426	2422040	0.83
2025-04-02 14:30:00	1394227	1171809	2566036	0.84
2025-04-02 15:00:00	1545957	1303064	2849021	0.84
2025-04-02 15:15:00	1563291	1317702	2880993	0.84
2025-04-01 09:00:00	302983	147517	450500	0.49
2025-04-01 09:30:00	509843	266227	776070	0.52
2025-04-01 10:00:00	725465	373461	1098926	0.51
2025-04-01 10:30:00	876049	478861	1354910	0.55
2025-04-01 11:00:00	984392	556432	1540824	0.57
2025-04-01 11:30:00	1117548	634925	1752473	0.57
2025-04-01 12:00:00	1201807	717276	1919083	0.6
2025-04-01 12:30:00	1265788	770000	2035788	0.61
2025-04-01 13:00:00	1334954	818462	2153416	0.61
2025-04-01 13:30:00	1425088	894991	2320079	0.63
2025-04-01 14:00:00	1501245	966761	2468006	0.64
2025-04-01 14:30:00	1593641	1030463	2624104	0.65
2025-04-01 15:00:00	1729796	1131765	2861561	0.65
2025-04-01 15:15:00	1740812	1143231	2884043	0.66
2025-03-31 09:00:00	439723	386512	826235	0.88
2025-03-31 09:30:00	690860	633400	1324260	0.92
2025-03-31 10:00:00	865782	771302	1637084	0.89
2025-03-31 10:30:00	1013909	879785	1893694	0.87
2025-03-31 11:00:00	1141732	985714	2127446	0.86
2025-03-31 11:30:00	1291820	1081618	2373438	0.84
2025-03-31 12:00:00	1410151	1150611	2560762	0.82
2025-03-31 12:30:00	1480832	1251526	2732358	0.85
2025-03-31 13:00:00	1561157	1312923	2874080	0.84
2025-03-31 13:30:00	1844661	1410800	3255461	0.76
2025-03-31 14:00:00	1937853	1491913	3429766	0.77
2025-03-31 14:30:00	2172819	1585102	3757921	0.73
2025-03-31 15:00:00	2334355	1779904	4114259	0.76
2025-03-31 15:15:00	2346138	1795768	4141906	0.77
2025-03-28 09:00:00	334518	296331	630849	0.89
2025-03-28 09:30:00	642477	663126	1305603	1.03
2025-03-28 10:00:00	994692	944659	1939351	0.95
2025-03-28 10:30:00	1193522	1132961	2326483	0.95
2025-03-28 11:00:00	1352452	1300066	2652518	0.96
2025-03-28 11:30:00	1513011	1461018	2974029	0.97
2025-03-28 12:00:00	1707610	1598668	3306278	0.94
2025-03-28 12:30:00	1873592	1725222	3598814	0.92
2025-03-28 13:00:00	2026195	1842584	3868779	0.91
2025-03-28 13:30:00	2170393	1946708	4117101	0.9
2025-03-28 14:00:00	2392426	2121490	4513916	0.89
2025-03-28 14:30:00	2680076	2310834	4990910	0.86
2025-03-28 15:00:00	2949465	2671743	5621208	0.91
2025-03-28 15:15:00	2969592	2695903	5665495	0.91
2025-03-27 09:00:00	351057	295706	646763	0.84
2025-03-27 09:30:00	539116	478881	1017997	0.89
2025-03-27 10:00:00	866774	596389	1463163	0.69
2025-03-27 10:30:00	1000534	701030	1701564	0.7
2025-03-27 11:00:00	1125736	797081	1922817	0.71
2025-03-27 11:30:00	1234625	873832	2108457	0.71
2025-03-27 12:00:00	1352595	943781	2296376	0.7
2025-03-27 12:30:00	1447014	1045457	2492471	0.72
2025-03-27 13:00:00	1566399	1180266	2746665	0.75
2025-03-27 13:30:00	1690387	1461181	3151568	0.86
2025-03-27 14:00:00	1797943	1555196	3353139	0.86
2025-03-27 14:30:00	1987756	1638456	3626212	0.82
2025-03-27 15:00:00	2133947	1773723	3907670	0.83
2025-03-27 15:15:00	2144091	1782479	3926570	0.83
2025-03-26 09:00:00	302767	226625	529392	0.75
2025-03-26 09:30:00	532318	397293	929611	0.75
2025-03-26 10:00:00	703728	550036	1253764	0.78
2025-03-26 10:30:00	837381	660624	1498005	0.79
2025-03-26 11:00:00	969544	757879	1727423	0.78
2025-03-26 11:30:00	1109919	849953	1959872	0.77
2025-03-26 12:00:00	1223589	954034	2177623	0.78
2025-03-26 12:30:00	1337150	1050180	2387330	0.79
2025-03-26 13:00:00	1457126	1248568	2705694	0.86
2025-03-26 13:30:00	1545992	1326391	2872383	0.86
2025-03-26 14:00:00	1663027	1419578	3082605	0.85
2025-03-26 14:30:00	1784351	1501042	3285393	0.84
2025-03-26 15:00:00	1977068	1612031	3589099	0.82
2025-03-26 15:15:00	1991226	1623783	3615009	0.82
2025-03-25 09:00:00	291983	155045	447028	0.53
2025-03-25 09:30:00	465099	280445	745544	0.6
2025-03-25 10:00:00	645235	503219	1148454	0.78
2025-03-25 10:30:00	786096	599320	1385416	0.76
2025-03-25 11:00:00	887435	682562	1569997	0.77
2025-03-25 11:30:00	966756	761144	1727900	0.79
2025-03-25 12:00:00	1042762	833574	1876336	0.8
2025-03-25 12:30:00	1122840	889918	2012758	0.79
2025-03-25 13:00:00	1194506	938368	2132874	0.79
2025-03-25 13:30:00	1292290	991307	2283597	0.77
2025-03-25 14:00:00	1368853	1057022	2425875	0.77
2025-03-25 14:30:00	1468690	1131112	2599802	0.77
2025-03-25 15:00:00	1676634	1244966	2921600	0.74
2025-03-25 15:15:00	1684779	1254088	2938867	0.74
2025-03-24 09:00:00	511108	312842	823950	0.61
2025-03-24 09:30:00	900215	504583	1404798	0.56
2025-03-24 10:00:00	1159765	677859	1837624	0.58
2025-03-24 10:30:00	1403359	806013	2209372	0.57
2025-03-24 11:00:00	1568179	921370	2489549	0.59
2025-03-24 11:30:00	1731612	1026646	2758258	0.59
2025-03-24 12:00:00	1854925	1120521	2975446	0.6
2025-03-24 12:30:00	1958057	1189979	3148036	0.61
2025-03-24 13:00:00	2059221	1267946	3327167	0.62
2025-03-24 13:30:00	2208875	1351879	3560754	0.61
2025-03-24 14:00:00	2349929	1434514	3784443	0.61
2025-03-24 14:30:00	2532636	1534215	4066851	0.61
2025-03-24 15:00:00	2743621	1657271	4400892	0.6
2025-03-24 15:15:00	2755928	1681123	4437051	0.61
2025-03-21 09:00:00	439186	330113	769299	0.75
2025-03-21 09:30:00	785536	556719	1342255	0.71
2025-03-21 10:00:00	1015061	718069	1733130	0.71
2025-03-21 10:30:00	1241586	875765	2117351	0.71
2025-03-21 11:00:00	1432211	1028865	2461076	0.72
2025-03-21 11:30:00	1646355	1191331	2837686	0.72
2025-03-21 12:00:00	1842085	1324969	3167054	0.72
2025-03-21 12:30:00	2005787	1470651	3476438	0.73
2025-03-21 13:00:00	2201276	1594496	3795772	0.72
2025-03-21 13:30:00	2379667	1693293	4072960	0.71
2025-03-21 14:00:00	2573458	1813477	4386935	0.7
2025-03-21 14:30:00	2776673	1965491	4742164	0.71
2025-03-21 15:00:00	3156870	2170153	5327023	0.69
2025-03-21 15:15:00	3177761	2200637	5378398	0.69
2025-03-20 09:00:00	322679	231373	554052	0.72
2025-03-20 09:30:00	640695	405070	1045765	0.63
2025-03-20 10:00:00	804522	538266	1342788	0.67
2025-03-20 10:30:00	970450	647239	1617689	0.67
2025-03-20 11:00:00	1152711	773659	1926370	0.67
2025-03-20 11:30:00	1377979	860771	2238750	0.62
2025-03-20 12:00:00	1504059	939782	2443841	0.62
2025-03-20 12:30:00	1603700	1010797	2614497	0.63
2025-03-20 13:00:00	1706242	1087316	2793558	0.64
2025-03-20 13:30:00	1820406	1177764	2998170	0.65
2025-03-20 14:00:00	1935569	1274364	3209933	0.66
2025-03-20 14:30:00	2102277	1369630	3471907	0.65
2025-03-20 15:00:00	2307836	1504153	3811989	0.65
2025-03-20 15:15:00	2320242	1515753	3835995	0.65
2025-03-19 09:00:00	291300	174252	465552	0.6
2025-03-19 09:30:00	523988	331312	855300	0.63
2025-03-19 10:00:00	707421	468953	1176374	0.66
2025-03-19 10:30:00	852517	554076	1406593	0.65
2025-03-19 11:00:00	1126047	635150	1761197	0.56
2025-03-19 11:30:00	1233730	708659	1942389	0.57
2025-03-19 12:00:00	1409824	771235	2181059	0.55
2025-03-19 12:30:00	1505245	834413	2339658	0.55
2025-03-19 13:00:00	1594644	907699	2502343	0.57
2025-03-19 13:30:00	1731663	992250	2723913	0.57
2025-03-19 14:00:00	1927632	1168975	3096607	0.61
2025-03-19 14:30:00	2275489	1372801	3648290	0.6
2025-03-19 15:00:00	2538004	1539663	4077667	0.61
2025-03-19 15:15:00	2553339	1554273	4107612	0.61
2025-03-18 09:00:00	308662	235941	544603	0.76
2025-03-18 09:30:00	557079	380743	937822	0.68
2025-03-18 10:00:00	723826	494922	1218748	0.68
2025-03-18 10:30:00	851799	588288	1440087	0.69
2025-03-18 11:00:00	961631	676936	1638567	0.7
2025-03-18 11:30:00	1155469	755898	1911367	0.65
2025-03-18 12:00:00	1258027	820170	2078197	0.65
2025-03-18 12:30:00	1353697	898845	2252542	0.66
2025-03-18 13:00:00	1480699	950590	2431289	0.64
2025-03-18 13:30:00	1599650	1016583	2616233	0.64
2025-03-18 14:00:00	1698592	1085031	2783623	0.64
2025-03-18 14:30:00	1789551	1144541	2934092	0.64
2025-03-18 15:00:00	2007180	1257954	3265134	0.63
2025-03-18 15:15:00	2017082	1267397	3284479	0.63
2025-03-17 09:00:00	402239	434549	836788	1.08
2025-03-17 09:30:00	667017	677644	1344661	1.02
2025-03-17 10:00:00	852832	815422	1668254	0.96
2025-03-17 10:30:00	1006113	935920	1942033	0.93
2025-03-17 11:00:00	1138295	1048302	2186597	0.92
2025-03-17 11:30:00	1377464	1121987	2499451	0.81
2025-03-17 12:00:00	1496233	1220316	2716549	0.82
2025-03-17 12:30:00	1616158	1290285	2906443	0.8
2025-03-17 13:00:00	1747055	1373136	3120191	0.79
2025-03-17 13:30:00	1901301	1472152	3373453	0.77
2025-03-17 14:00:00	2082790	1636088	3718878	0.79
2025-03-17 14:30:00	2246490	1765645	4012135	0.79
2025-03-17 15:00:00	2424842	1875550	4300392	0.77
2025-03-17 15:15:00	2435908	1886772	4322680	0.77
2025-03-14 09:00:00	487704	340216	827920	0.7
2025-03-14 09:30:00	793313	601244	1394557	0.76
2025-03-14 10:00:00	1078061	793693	1871754	0.74
2025-03-14 10:30:00	1459935	1017550	2477485	0.7
2025-03-14 11:00:00	1784757	1423629	3208386	0.8
2025-03-14 11:30:00	1952727	1563187	3515914	0.8
2025-03-14 12:00:00	2116103	1689785	3805888	0.8
2025-03-14 12:30:00	2316006	1838871	4154877	0.79
2025-03-14 13:00:00	2491112	1965493	4456605	0.79
2025-03-14 13:30:00	2676920	2078583	4755503	0.78
2025-03-14 14:00:00	2812877	2250835	5063712	0.8
2025-03-14 14:30:00	3023003	2443850	5466853	0.81
2025-03-14 15:00:00	3347513	2665840	6013353	0.8
2025-03-14 15:15:00	3369299	2702831	6072130	0.8
2025-03-13 09:00:00	324004	201994	525998	0.62
2025-03-13 09:30:00	616501	392131	1008632	0.64
2025-03-13 10:00:00	775708	509201	1284909	0.66
2025-03-13 10:30:00	912992	630317	1543309	0.69
2025-03-13 11:00:00	1064286	778659	1842945	0.73
2025-03-13 11:30:00	1182876	858431	2041307	0.73
2025-03-13 12:00:00	1319192	970698	2289890	0.74
2025-03-13 12:30:00	1452244	1063879	2516123	0.73
2025-03-13 13:00:00	1569945	1359017	2928962	0.87
2025-03-13 13:30:00	1782908	1948273	3731181	1.09
2025-03-13 14:00:00	1997237	2335977	4333214	1.17
2025-03-13 14:30:00	2170668	2448319	4618987	1.13
2025-03-13 15:00:00	2368504	2603120	4971624	1.1
2025-03-13 15:15:00	2386400	2615177	5001577	1.1
2025-03-12 09:00:00	447918	264134	712052	0.59
2025-03-12 09:30:00	703238	450551	1153789	0.64
2025-03-12 10:00:00	918461	900954	1819415	0.98
2025-03-12 10:30:00	1156548	1114093	2270641	0.96
2025-03-12 11:00:00	1296414	1263884	2560298	0.97
2025-03-12 11:30:00	1445555	1370594	2816149	0.95
2025-03-12 12:00:00	1607261	1461523	3068784	0.91
2025-03-12 12:30:00	1726660	1536207	3262867	0.89
2025-03-12 13:00:00	1859847	1634171	3494018	0.88
2025-03-12 13:30:00	1966146	1732213	3698359	0.88
2025-03-12 14:00:00	2076930	1816900	3893830	0.87
2025-03-12 14:30:00	2217509	1899515	4117024	0.86
2025-03-12 15:00:00	2412613	2014717	4427330	0.84
2025-03-12 15:15:00	2426126	2029301	4455427	0.84
2025-03-11 09:00:00	360322	244515	604837	0.68
2025-03-11 09:30:00	649674	462584	1112258	0.71
2025-03-11 10:00:00	876172	673674	1549846	0.77
2025-03-11 10:30:00	1042656	832972	1875628	0.8
2025-03-11 11:00:00	1181326	928141	2109467	0.79
2025-03-11 11:30:00	1317484	1031588	2349072	0.78
2025-03-11 12:00:00	1509102	1294474	2803576	0.86
2025-03-11 12:30:00	1643508	1511510	3155018	0.92
2025-03-11 13:00:00	1790555	1637780	3428335	0.91
2025-03-11 13:30:00	1940725	1799604	3740329	0.93
2025-03-11 14:00:00	2130978	1959355	4090333	0.92
2025-03-11 14:30:00	2355531	2070987	4426518	0.88
2025-03-11 15:00:00	2555441	2193820	4749261	0.86
2025-03-11 15:15:00	2570768	2226660	4797428	0.87
2025-03-10 09:00:00	358645	219016	577661	0.61
2025-03-10 09:30:00	632705	459386	1092091	0.73
2025-03-10 10:00:00	951933	658891	1610824	0.69
2025-03-10 10:30:00	1166663	806627	1973290	0.69
2025-03-10 11:00:00	1358715	932367	2291082	0.69
2025-03-10 11:30:00	1552973	1081884	2634857	0.7
2025-03-10 12:00:00	1686058	1162113	2848171	0.69
2025-03-10 12:30:00	1877117	1270918	3148035	0.68
2025-03-10 13:00:00	2101125	1427598	3528723	0.68
2025-03-10 13:30:00	2253287	1559337	3812624	0.69
2025-03-10 14:00:00	2409068	1695103	4104171	0.7
2025-03-10 14:30:00	2612818	1900502	4513320	0.73
2025-03-10 15:00:00	2806977	2044284	4851261	0.73
2025-03-10 15:15:00	2825865	2068163	4894028	0.73
2025-03-07 09:00:00	448733	307688	756421	0.69
2025-03-07 09:30:00	728955	511859	1240814	0.7
2025-03-07 10:00:00	1066013	747139	1813152	0.7
2025-03-07 10:30:00	1269928	924966	2194894	0.73
2025-03-07 11:00:00	1526162	1158834	2684996	0.76
2025-03-07 11:30:00	1751230	1346632	3097862	0.77
2025-03-07 12:00:00	2030123	1542015	3572138	0.76
2025-03-07 12:30:00	2224103	1688521	3912624	0.76
2025-03-07 13:00:00	2494245	1830560	4324805	0.73
2025-03-07 13:30:00	2719584	1984495	4704079	0.73
2025-03-07 14:00:00	2932417	2120213	5052630	0.72
2025-03-07 14:30:00	3173921	2299384	5473305	0.72
2025-03-07 15:00:00	3546515	2525907	6072422	0.71
2025-03-07 15:15:00	3566176	2548524	6114700	0.71
2025-03-06 09:00:00	411999	311839	723838	0.76
2025-03-06 09:30:00	682308	505171	1187479	0.74
2025-03-06 10:00:00	873766	662784	1536550	0.76
2025-03-06 10:30:00	1062415	766598	1829013	0.72
2025-03-06 11:00:00	1218190	890508	2108698	0.73
2025-03-06 11:30:00	1408634	1077741	2486375	0.77
2025-03-06 12:00:00	1559723	1227121	2786844	0.79
2025-03-06 12:30:00	1723431	1348397	3071828	0.78
2025-03-06 13:00:00	1865454	1475052	3340506	0.79
2025-03-06 13:30:00	2024696	1603014	3627710	0.79
2025-03-06 14:00:00	2293389	1760880	4054269	0.77
2025-03-06 14:30:00	2438309	1885386	4323695	0.77
2025-03-06 15:00:00	2670219	2040437	4710656	0.76
2025-03-06 15:15:00	2686563	2097936	4784499	0.78
2025-03-05 09:00:00	300667	196292	496959	0.65
2025-03-05 09:30:00	477846	339019	816865	0.71
2025-03-05 10:00:00	711010	427166	1138176	0.6
2025-03-05 10:30:00	849940	562356	1412296	0.66
2025-03-05 11:00:00	976962	673739	1650701	0.69
2025-03-05 11:30:00	1361063	966153	2327216	0.71
2025-03-05 12:00:00	1578626	1097284	2675910	0.7
2025-03-05 12:30:00	1721304	1221263	2942567	0.71
2025-03-05 13:00:00	1914878	1309577	3224455	0.68
2025-03-05 13:30:00	2171326	1444891	3616217	0.67
2025-03-05 14:00:00	2317829	1550125	3867954	0.67
2025-03-05 14:30:00	2136872	1339669	3476541	0.63
2025-03-05 15:00:00	2365463	1472081	3837544	0.62
2025-03-05 15:15:00	2776794	1886273	4663067	0.68
2025-03-04 09:00:00	343191	336322	679513	0.98
2025-03-04 09:30:00	643140	701484	1344624	1.09
2025-03-04 10:00:00	930215	894536	1824751	0.96
2025-03-04 10:30:00	1099456	1037018	2136474	0.94
2025-03-04 11:00:00	1321700	1167487	2489187	0.88
2025-03-04 11:30:00	1466722	1283113	2749835	0.87
2025-03-04 12:00:00	1626859	1376059	3002918	0.85
2025-03-04 12:30:00	2001657	1773857	3775514	0.89
2025-03-04 13:00:00	2163129	1901630	4064759	0.88
2025-03-04 13:30:00	2352212	2025902	4378114	0.86
2025-03-04 14:00:00	2496896	2144068	4640964	0.86
2025-03-04 14:30:00	2442035	1881356	4323391	0.77
2025-03-04 15:00:00	2599479	2045815	4645294	0.79
2025-03-04 15:15:00	2612142	2075628	4687770	0.79
2025-03-03 09:00:00	463545	316558	780103	0.68
2025-03-03 09:30:00	746708	509336	1256044	0.68
2025-03-03 10:00:00	953420	656210	1609630	0.69
2025-03-03 10:30:00	1119529	791057	1910586	0.71
2025-03-03 11:00:00	1265368	894989	2160357	0.71
2025-03-03 11:30:00	1373208	989230	2362438	0.72
2025-03-03 12:00:00	1508250	1091603	2599853	0.72
2025-03-03 12:30:00	1693399	1288196	2981595	0.76
2025-03-03 13:00:00	1851435	1430360	3281795	0.77
2025-03-03 13:30:00	1969069	1531781	3500850	0.78
2025-03-03 14:00:00	2133697	1712419	3846116	0.8
2025-03-03 14:30:00	2442175	2031811	4473986	0.83
2025-03-03 15:00:00	2752481	2357702	5110183	0.86
2025-03-03 15:15:00	2768358	2375277	5143635	0.86
2025-02-28 09:00:00	649599	549684	1199283	0.85
2025-02-28 09:30:00	1254147	899277	2153424	0.72
2025-02-28 10:00:00	1666714	1156478	2823192	0.69
2025-02-28 10:30:00	2034462	1419739	3454201	0.7
2025-02-28 11:00:00	2362515	1588736	3951251	0.67
2025-02-28 11:30:00	2549903	1746440	4296343	0.68
2025-02-28 12:00:00	2800882	2027213	4828095	0.72
2025-02-28 12:30:00	3033564	2268687	5302251	0.75
2025-02-28 13:00:00	3218912	2453612	5672524	0.76
2025-02-28 13:30:00	3365864	2620701	5986565	0.78
2025-02-28 14:00:00	3614548	2838497	6453045	0.79
2025-02-28 14:30:00	3919098	3110244	7029342	0.79
2025-02-28 15:00:00	4441202	3455231	7896433	0.78
2025-02-28 15:15:00	4468265	3494154	7962419	0.78
2025-02-27 09:00:00	579264	427369	1006633	0.74
2025-02-27 09:30:00	1013471	752129	1765600	0.74
2025-02-27 10:00:00	1339203	940628	2279831	0.7
2025-02-27 10:30:00	1645046	1094869	2739915	0.67
2025-02-27 11:00:00	1846042	1262105	3108147	0.68
2025-02-27 11:30:00	2023252	1391466	3414718	0.69
2025-02-27 12:00:00	2172676	1501581	3674257	0.69
2025-02-27 12:30:00	2327779	1613282	3941061	0.69
2025-02-27 13:00:00	2475716	1701416	4177132	0.69
2025-02-27 13:30:00	2653291	1894551	4547842	0.71
2025-02-27 14:00:00	2986145	2182140	5168285	0.73
2025-02-27 14:30:00	3294417	2544425	5838842	0.77
2025-02-27 15:00:00	3613190	2941223	6554413	0.81
2025-02-27 15:15:00	3637445	2975463	6612908	0.82
2025-02-26 09:00:00	462943	295137	758080	0.64
2025-02-26 09:30:00	868699	726241	1594940	0.84
2025-02-26 10:00:00	1114153	912521	2026674	0.82
2025-02-26 10:30:00	1434356	1051806	2486162	0.73
2025-02-26 11:00:00	1624266	1222899	2847165	0.75
2025-02-26 11:30:00	1795104	1348034	3143138	0.75
2025-02-26 12:00:00	1976999	1508542	3485541	0.76
2025-02-26 12:30:00	2166899	1674501	3841400	0.77
2025-02-26 13:00:00	2373465	1847546	4221011	0.78
2025-02-26 13:30:00	2563420	2072815	4636235	0.81
2025-02-26 14:00:00	2729183	2189641	4918824	0.8
2025-02-26 14:30:00	2931544	2346265	5277809	0.8
2025-02-26 15:00:00	3210372	2564781	5775153	0.8
2025-02-26 15:15:00	3226880	2584849	5811729	0.8
2025-02-25 09:00:00	389146	296785	685931	0.76
2025-02-25 09:30:00	776804	627622	1404426	0.81
2025-02-25 10:00:00	1095011	904697	1999708	0.83
2025-02-25 10:30:00	1331510	1072414	2403924	0.81
2025-02-25 11:00:00	1654983	1338982	2993965	0.81
2025-02-25 11:30:00	1796542	1424338	3220880	0.79
2025-02-25 12:00:00	1947668	1539618	3487286	0.79
2025-02-25 12:30:00	2161983	1678496	3840479	0.78
2025-02-25 13:00:00	2290488	1762741	4053229	0.77
2025-02-25 13:30:00	2407208	1849507	4256715	0.77
2025-02-25 14:00:00	2960390	2341356	5301746	0.79
2025-02-25 14:30:00	3146387	2471918	5618305	0.79
2025-02-25 15:00:00	2921716	2195905	5117621	0.75
2025-02-25 15:15:00	2933971	2206855	5140826	0.75
2025-02-24 09:00:00	484908	384866	869774	0.79
2025-02-24 09:30:00	855121	750989	1606110	0.88
2025-02-24 10:00:00	1112264	1050485	2162749	0.94
2025-02-24 10:30:00	1332652	1201524	2534176	0.9
2025-02-24 11:00:00	1536855	1318884	2855739	0.86
2025-02-24 11:30:00	1747403	1417912	3165315	0.81
2025-02-24 12:00:00	1874649	1499711	3374360	0.8
2025-02-24 12:30:00	1985819	1578027	3563846	0.79
2025-02-24 13:00:00	2087973	1642178	3730151	0.79
2025-02-24 13:30:00	2209800	1723138	3932938	0.78
2025-02-24 14:00:00	2350083	1813255	4163338	0.77
2025-02-24 14:30:00	2537950	1926617	4464567	0.76
2025-02-24 15:00:00	2718654	2118650	4837304	0.78
2025-02-24 15:15:00	2737435	2154345	4891780	0.79
2025-02-21 09:00:00	455843	247310	703153	0.54
2025-02-21 09:30:00	856764	469635	1326399	0.55
2025-02-21 10:00:00	1142815	662707	1805522	0.58
2025-02-21 10:30:00	1375725	822224	2197949	0.6
2025-02-21 11:00:00	1575531	933642	2509173	0.59
2025-02-21 11:30:00	1816642	1076985	2893627	0.59
2025-02-21 12:00:00	2070806	1289580	3360386	0.62
2025-02-21 12:30:00	2327014	1506080	3833094	0.65
2025-02-21 13:00:00	2594787	1710006	4304793	0.66
2025-02-21 13:30:00	2814993	1904973	4719966	0.68
2025-02-21 14:00:00	3086986	2177500	5264486	0.71
2025-02-21 14:30:00	3350919	2399621	5750540	0.72
2025-02-21 15:00:00	3701783	2648837	6350620	0.72
2025-02-21 15:15:00	3724086	2685841	6409927	0.72
2025-02-20 09:00:00	609520	326537	936057	0.54
2025-02-20 09:30:00	1052895	587944	1640839	0.56
2025-02-20 10:00:00	1313635	785481	2099116	0.6
2025-02-20 10:30:00	1560089	944234	2504323	0.61
2025-02-20 11:00:00	1747350	1059804	2807154	0.61
2025-02-20 11:30:00	1921604	1171100	3092704	0.61
2025-02-20 12:00:00	2078900	1273224	3352124	0.61
2025-02-20 12:30:00	2271625	1399557	3671182	0.62
2025-02-20 13:00:00	2432758	1483060	3915818	0.61
2025-02-20 13:30:00	2589832	1586394	4176226	0.61
2025-02-20 14:00:00	2753311	1702115	4455426	0.62
2025-02-20 14:30:00	2919171	1803459	4722630	0.62
2025-02-20 15:00:00	3153375	1948530	5101905	0.62
2025-02-20 15:15:00	3167980	1963258	5131238	0.62
2025-02-19 09:00:00	334376	189937	524313	0.57
2025-02-19 09:30:00	573035	368606	941641	0.64
2025-02-19 10:00:00	760388	498834	1259222	0.66
2025-02-19 10:30:00	920106	584885	1504991	0.64
2025-02-19 11:00:00	1169280	749282	1918562	0.64
2025-02-19 11:30:00	1291764	838122	2129886	0.65
2025-02-19 12:00:00	1440085	913860	2353945	0.63
2025-02-19 12:30:00	1556407	1000280	2556687	0.64
2025-02-19 13:00:00	1658630	1068547	2727177	0.64
2025-02-19 13:30:00	1807638	1160636	2968274	0.64
2025-02-19 14:00:00	1942258	1266837	3209095	0.65
2025-02-19 14:30:00	2099065	1388368	3487433	0.66
2025-02-19 15:00:00	2329703	1574169	3903872	0.68
2025-02-19 15:15:00	2345624	1587449	3933073	0.68
2025-02-18 09:00:00	505005	273806	778811	0.54
2025-02-18 09:30:00	943298	481547	1424845	0.51
2025-02-18 10:00:00	1181579	635642	1817221	0.54
2025-02-18 10:30:00	1473021	784286	2257307	0.53
2025-02-18 11:00:00	1618092	1070903	2688995	0.66
2025-02-18 11:30:00	1802890	1203683	3006573	0.67
2025-02-18 12:00:00	1928733	1290191	3218924	0.67
2025-02-18 12:30:00	2065328	1411677	3477005	0.68
2025-02-18 13:00:00	2201016	1497436	3698452	0.68
2025-02-18 13:30:00	2372782	1614592	3987374	0.68
2025-02-18 14:00:00	2500438	1706115	4206553	0.68
2025-02-18 14:30:00	2654904	1803158	4458062	0.68
2025-02-18 15:00:00	2916750	1953650	4870400	0.67
2025-02-18 15:15:00	2931213	1969812	4901025	0.67
2025-02-14 09:00:00	587220	287718	874938	0.49
2025-02-14 09:30:00	981390	533009	1514399	0.54
2025-02-14 10:00:00	1310686	722416	2033102	0.55
2025-02-14 10:30:00	1652374	869312	2521686	0.53
2025-02-14 11:00:00	1891516	987945	2879461	0.52
2025-02-14 11:30:00	2082389	1085640	3168029	0.52
2025-02-14 12:00:00	2306328	1210509	3516837	0.52
2025-02-14 12:30:00	2467487	1319834	3787321	0.53
2025-02-14 13:00:00	2674623	1453250	4127873	0.54
2025-02-14 13:30:00	2847455	1550290	4397745	0.54
2025-02-14 14:00:00	3041918	1664656	4706574	0.55
2025-02-14 14:30:00	3277270	1807088	5084358	0.55
2025-02-14 15:00:00	3762415	2017354	5779769	0.54
2025-02-14 15:15:00	3781516	2033516	5815032	0.54
2025-02-13 09:00:00	379940	200372	580312	0.53
2025-02-13 09:30:00	676818	350963	1027781	0.52
2025-02-13 10:00:00	917750	522741	1440491	0.57
2025-02-13 10:30:00	1017898	583097	1600995	0.57
2025-02-13 11:00:00	1198699	749388	1948087	0.63
2025-02-13 11:30:00	1297668	833395	2131063	0.64
2025-02-13 12:00:00	1385234	887183	2272417	0.64
2025-02-13 12:30:00	1483028	947018	2430046	0.64
2025-02-13 13:00:00	1641310	1040057	2681367	0.63
2025-02-13 13:30:00	1658613	991101	2649714	0.6
2025-02-13 14:00:00	1819843	1091759	2911602	0.6
2025-02-13 14:30:00	1982067	1573493	3555560	0.79
2025-02-13 15:00:00	2220209	1812914	4033123	0.82
2025-02-13 15:15:00	2232933	1832623	4065556	0.82
2025-02-12 09:00:00	155620	149372	304992	0.96
2025-02-12 09:30:00	14163	11791	25954	0.83
2025-02-12 10:00:00	18057	14347	32404	0.79
2025-02-12 10:30:00	24141	16700	40841	0.69
2025-02-12 11:00:00	27407	18611	46018	0.68
2025-02-12 11:30:00	29647	20462	50109	0.69
2025-02-12 12:00:00	34104	23030	57134	0.68
2025-02-12 12:30:00	1997467	1320859	3318326	0.66
2025-02-12 13:00:00	2119799	1395211	3515010	0.66
2025-02-12 13:30:00	2236345	1482849	3719194	0.66
2025-02-12 14:00:00	2373861	1586252	3960113	0.67
2025-02-12 14:30:00	2514328	1681433	4195761	0.67
2025-02-12 15:00:00	2731209	1834994	4566203	0.67
2025-02-12 15:15:00	2743933	1848531	4592464	0.67
2025-02-11 09:00:00	356131	214507	570638	0.6
2025-02-11 09:30:00	663260	377541	1040801	0.57
2025-02-11 10:00:00	880767	509587	1390354	0.58
2025-02-11 10:30:00	1070769	627252	1698021	0.59
2025-02-11 11:00:00	446082	216212	662294	0.48
2025-02-11 11:30:00	522042	259378	781420	0.5
2025-02-11 12:00:00	43496	21322	64818	0.49
2025-02-11 12:30:00	1692649	1070537	2763186	0.63
2025-02-11 13:00:00	1588352	929570	2517922	0.59
2025-02-11 13:30:00	1704087	990565	2694652	0.58
2025-02-11 14:00:00	1822851	1081226	2904077	0.59
2025-02-11 14:30:00	1953996	1157221	3111217	0.59
2025-02-11 15:00:00	2153150	1295163	3448313	0.6
2025-02-11 15:15:00	2465825	1627459	4093284	0.66
2025-02-10 09:00:00	518323	308321	826644	0.59
2025-02-10 09:30:00	889747	536376	1426123	0.6
2025-02-10 10:00:00	1176874	724210	1901084	0.62
2025-02-10 10:30:00	1432258	929789	2362047	0.65
2025-02-10 11:00:00	1612459	1070377	2682836	0.66
2025-02-10 11:30:00	1789858	1187099	2976957	0.66
2025-02-10 12:00:00	2019236	1290132	3309368	0.64
2025-02-10 12:30:00	2156841	1387020	3543861	0.64
2025-02-10 13:00:00	2286143	1473597	3759740	0.64
2025-02-10 13:30:00	2418843	1568738	3987581	0.65
2025-02-10 14:00:00	2598051	1670550	4268601	0.64
2025-02-10 14:30:00	2750140	1782059	4532199	0.65
2025-02-10 15:00:00	2983509	1945868	4929377	0.65
2025-02-10 15:15:00	2992189	1959711	4951900	0.65
2025-02-07 09:00:00	507369	313657	821026	0.62
2025-02-07 09:30:00	894683	570949	1465632	0.64
2025-02-07 10:00:00	1191326	746559	1937885	0.63
2025-02-07 10:30:00	1427544	936699	2364243	0.66
2025-02-07 11:00:00	1661305	1079807	2741112	0.65
2025-02-07 11:30:00	1917905	1231764	3149669	0.64
2025-02-07 12:00:00	2086734	1332100	3418834	0.64
2025-02-07 12:30:00	2267904	1433130	3701034	0.63
2025-02-07 13:00:00	2559666	1553733	4113399	0.61
2025-02-07 13:30:00	2754960	1673861	4428821	0.61
2025-02-07 14:00:00	2935870	1805725	4741595	0.62
2025-02-07 14:30:00	3162584	1964839	5127423	0.62
2025-02-07 15:00:00	3457139	2186150	5643289	0.63
2025-02-07 15:15:00	3474832	2202242	5677074	0.63
2025-02-06 09:00:00	442640	250936	693576	0.57
2025-02-06 09:30:00	733459	456135	1189594	0.62
2025-02-06 10:00:00	972533	617747	1590280	0.64
2025-02-06 10:30:00	1165451	745593	1911044	0.64
2025-02-06 11:00:00	1342467	875186	2217653	0.65
2025-02-06 11:30:00	1510065	1005340	2515405	0.67
2025-02-06 12:00:00	1628465	1082331	2710796	0.66
2025-02-06 12:30:00	1774013	1159116	2933129	0.65
2025-02-06 13:00:00	1898977	1235649	3134626	0.65
2025-02-06 13:30:00	2052357	1328468	3380825	0.65
2025-02-06 14:00:00	2212419	1460117	3672536	0.66
2025-02-06 14:30:00	2369739	1556110	3925849	0.66
2025-02-06 15:00:00	2625845	1740557	4366402	0.66
2025-02-06 15:15:00	2640850	1755238	4396088	0.66
2025-02-05 09:00:00	419922	212888	632810	0.51
2025-02-05 09:30:00	716696	402188	1118884	0.56
2025-02-05 10:00:00	955201	518536	1473737	0.54
2025-02-05 10:30:00	1127030	628461	1755491	0.56
2025-02-05 11:00:00	1302990	773171	2076161	0.59
2025-02-05 11:30:00	1464060	922518	2386578	0.63
2025-02-05 12:00:00	1580507	1007406	2587913	0.64
2025-02-05 12:30:00	1716998	1082757	2799755	0.63
2025-02-05 13:00:00	1870939	1178574	3049513	0.63
2025-02-05 13:30:00	1978912	1260069	3238981	0.64
2025-02-05 14:00:00	2088779	1342982	3431761	0.64
2025-02-05 14:30:00	2241665	1465209	3706874	0.65
2025-02-05 15:00:00	2516747	1604554	4121301	0.64
2025-02-05 15:15:00	2529727	1618193	4147920	0.64
2025-02-04 09:00:00	380548	230249	610797	0.61
2025-02-04 09:30:00	690700	408412	1099112	0.59
2025-02-04 10:00:00	903045	534016	1437061	0.59
2025-02-04 10:30:00	1084809	643176	1727985	0.59
2025-02-04 11:00:00	1234470	749230	1983700	0.61
2025-02-04 11:30:00	1370517	850412	2220929	0.62
2025-02-04 12:00:00	1498577	931083	2429660	0.62
2025-02-04 12:30:00	1611099	1052390	2663489	0.65
2025-02-04 13:00:00	1720686	1110866	2831552	0.65
2025-02-04 13:30:00	1844393	1201907	3046300	0.65
2025-02-04 14:00:00	1983200	1286463	3269663	0.65
2025-02-04 14:30:00	2107698	1385979	3493677	0.66
2025-02-04 15:00:00	2076298	1292501	3368799	0.62
2025-02-04 15:15:00	2086663	1301823	3388486	0.62
2025-02-03 09:00:00	524663	436722	961385	0.83
2025-02-03 09:30:00	880597	730661	1611258	0.83
2025-02-03 10:00:00	1160433	927723	2088156	0.8
2025-02-03 10:30:00	1357639	1075978	2433617	0.79
2025-02-03 11:00:00	1538047	1183498	2721545	0.77
2025-02-03 11:30:00	1651829	1282611	2934440	0.78
2025-02-03 12:00:00	1772227	1367241	3139468	0.77
2025-02-03 12:30:00	1864691	1444041	3308732	0.77
2025-02-03 13:00:00	1999573	1533808	3533381	0.77
2025-02-03 13:30:00	2128376	1627885	3756261	0.76
2025-02-03 14:00:00	2240355	1715310	3955665	0.77
2025-02-03 14:30:00	2389017	1863300	4252317	0.78
2025-02-03 15:00:00	2591229	2007756	4598985	0.77
2025-02-03 15:15:00	2607651	2025503	4633154	0.78
2025-01-31 09:00:00	435776	281765	717541	0.65
2025-01-31 09:30:00	871242	524504	1395746	0.6
2025-01-31 10:00:00	1281938	721808	2003746	0.56
2025-01-31 10:30:00	1495296	855680	2350976	0.57
2025-01-31 11:00:00	1670945	972597	2643542	0.58
2025-01-31 11:30:00	1988795	1088901	3077696	0.55
2025-01-31 12:00:00	2129570	1212750	3342320	0.57
2025-01-31 12:30:00	2336906	1337470	3674376	0.57
2025-01-31 13:00:00	2546845	1522862	4069707	0.6
2025-01-31 13:30:00	2724757	1677466	4402223	0.62
2025-01-31 14:00:00	2906177	1828577	4734754	0.63
2025-01-31 14:30:00	3114821	2005013	5119834	0.64
2025-01-31 15:00:00	3362935	2217473	5580408	0.66
2025-01-31 15:15:00	3382717	2238803	5621520	0.66
2025-01-30 09:00:00	443422	293078	736500	0.66
2025-01-30 09:30:00	781079	486080	1267159	0.62
2025-01-30 10:00:00	1166439	646333	1812772	0.55
2025-01-30 10:30:00	1366056	778281	2144337	0.57
2025-01-30 11:00:00	1544989	907090	2452079	0.59
2025-01-30 11:30:00	1677601	999405	2677006	0.6
2025-01-30 12:00:00	1792948	1079946	2872894	0.6
2025-01-30 12:30:00	1915490	1156038	3071528	0.6
2025-01-30 13:00:00	2067121	1243283	3310404	0.6
2025-01-30 13:30:00	2330744	1321980	3652724	0.57
2025-01-30 14:00:00	2466112	1411983	3878095	0.57
2025-01-30 14:30:00	2671542	1553259	4224801	0.58
2025-01-30 15:00:00	2947292	1837463	4784755	0.62
2025-01-30 15:15:00	2960229	1853314	4813543	0.63
2025-01-29 09:00:00	299839	215899	515738	0.72
2025-01-29 09:30:00	504196	350375	854571	0.69
2025-01-29 10:00:00	686701	450834	1137535	0.66
2025-01-29 10:30:00	843100	544955	1388055	0.65
2025-01-29 11:00:00	962325	627938	1590263	0.65
2025-01-29 11:30:00	1072384	694010	1766394	0.65
2025-01-29 12:00:00	1160109	761569	1921678	0.66
2025-01-29 12:30:00	1296153	870334	2166487	0.67
2025-01-29 13:00:00	1400000	950511	2350511	0.68
2025-01-29 13:30:00	1534918	1083849	2618767	0.71
2025-01-29 14:00:00	1699475	1199937	2899412	0.71
2025-01-29 14:30:00	1843017	1308138	3151155	0.71
2025-01-29 15:00:00	2068360	1452337	3520697	0.7
2025-01-29 15:15:00	2076215	1459139	3535354	0.7
2025-01-28 09:00:00	351842	202256	554098	0.57
2025-01-28 09:30:00	627259	397498	1024757	0.63
2025-01-28 10:00:00	886097	522519	1408616	0.59
2025-01-28 10:30:00	1098722	662908	1761630	0.6
2025-01-28 11:00:00	1247943	769307	2017250	0.62
2025-01-28 11:30:00	1483529	882597	2366126	0.59
2025-01-28 12:00:00	1622840	975936	2598776	0.6
2025-01-28 12:30:00	1765396	1065493	2830889	0.6
2025-01-28 13:00:00	1936191	1132462	3068653	0.58
2025-01-28 13:30:00	2055145	1206464	3261609	0.59
2025-01-28 14:00:00	2239692	1299853	3539545	0.58
2025-01-28 14:30:00	2385468	1395288	3780756	0.58
2025-01-28 15:00:00	2599766	1510991	4110757	0.58
2025-01-28 15:15:00	2613742	1525828	4139570	0.58
2025-01-27 09:00:00	513688	453341	967029	0.88
2025-01-27 09:30:00	849739	681801	1531540	0.8
2025-01-27 10:00:00	1060506	835393	1895899	0.79
2025-01-27 10:30:00	1267066	1094383	2361449	0.86
2025-01-27 11:00:00	1533317	1265584	2798901	0.83
2025-01-27 11:30:00	1702554	1385072	3087626	0.81
2025-01-27 12:00:00	1842849	1492264	3335113	0.81
2025-01-27 12:30:00	1999145	1588773	3587918	0.79
2025-01-27 13:00:00	2152418	1699144	3851562	0.79
2025-01-27 13:30:00	2493828	1816468	4310296	0.73
2025-01-27 14:00:00	2641729	1926207	4567936	0.73
2025-01-27 14:30:00	2805179	2043522	4848701	0.73
2025-01-27 15:00:00	3010158	2208809	5218967	0.73
2025-01-27 15:15:00	3026735	2224496	5251231	0.73
2025-01-24 09:00:00	478712	245295	724007	0.51
2025-01-24 09:30:00	798535	444157	1242692	0.56
2025-01-24 10:00:00	1063618	601385	1665003	0.57
2025-01-24 10:30:00	1291576	727112	2018688	0.56
2025-01-24 11:00:00	1523899	860233	2384132	0.56
2025-01-24 11:30:00	1725916	967652	2693568	0.56
2025-01-24 12:00:00	1930822	1087517	3018339	0.56
2025-01-24 12:30:00	2119213	1205569	3324782	0.57
2025-01-24 13:00:00	2300421	1339467	3639888	0.58
2025-01-24 13:30:00	2482815	1493589	3976404	0.6
2025-01-24 14:00:00	2630096	1580954	4211050	0.6
2025-01-24 14:30:00	2833227	1697605	4530832	0.6
2025-01-24 15:00:00	3079863	1873036	4952899	0.61
2025-01-24 15:15:00	3091808	1886308	4978116	0.61
2025-01-23 09:00:00	386231	226907	613138	0.59
2025-01-23 09:30:00	688273	397518	1085791	0.58
2025-01-23 10:00:00	882149	520952	1403101	0.59
2025-01-23 10:30:00	1145272	653805	1799077	0.57
2025-01-23 11:00:00	1362504	752661	2115165	0.55
2025-01-23 11:30:00	1486801	837333	2324134	0.56
2025-01-23 12:00:00	1631313	938361	2569674	0.58
2025-01-23 12:30:00	1788224	1055346	2843570	0.59
2025-01-23 13:00:00	1936641	1141043	3077684	0.59
2025-01-23 13:30:00	2092432	1238143	3330575	0.59
2025-01-23 14:00:00	2256119	1338168	3594287	0.59
2025-01-23 14:30:00	2634470	1735131	4369601	0.66
2025-01-23 15:00:00	2940709	1918443	4859152	0.65
2025-01-23 15:15:00	2964713	1937683	4902396	0.65
2025-01-22 09:00:00	486890	279140	766030	0.57
2025-01-22 09:30:00	792536	455067	1247603	0.57
2025-01-22 10:00:00	1055044	580379	1635423	0.55
2025-01-22 10:30:00	1235149	690749	1925898	0.56
2025-01-22 11:00:00	1405425	792796	2198221	0.56
2025-01-22 11:30:00	1538204	873390	2411594	0.57
2025-01-22 12:00:00	1656106	952958	2609064	0.58
2025-01-22 12:30:00	1757241	1046966	2804207	0.6
2025-01-22 13:00:00	1888756	1128799	3017555	0.6
2025-01-22 13:30:00	2022828	1209480	3232308	0.6
2025-01-22 14:00:00	2131398	1280271	3411669	0.6
2025-01-22 14:30:00	2255715	1354676	3610391	0.6
2025-01-22 15:00:00	2471242	1491414	3962656	0.6
2025-01-22 15:15:00	2481443	1504928	3986371	0.61
2025-01-21 09:00:00	654354	392402	1046756	0.6
2025-01-21 09:30:00	996793	597334	1594127	0.6
2025-01-21 10:00:00	1273913	777530	2051443	0.61
2025-01-21 10:30:00	1506725	925636	2432361	0.61
2025-01-21 11:00:00	1731896	1055147	2787043	0.61
2025-01-21 11:30:00	1898482	1175702	3074184	0.62
2025-01-21 12:00:00	2085298	1299148	3384446	0.62
2025-01-21 12:30:00	2336490	1415970	3752460	0.61
2025-01-21 13:00:00	2493966	1501577	3995543	0.6
2025-01-21 13:30:00	2655197	1604324	4259521	0.6
2025-01-21 14:00:00	2800818	1698396	4499214	0.61
2025-01-21 14:30:00	2955049	1813489	4768538	0.61
2025-01-21 15:00:00	3213717	1939159	5152876	0.6
2025-01-21 15:15:00	3234083	1957392	5191475	0.61
2025-01-17 09:00:00	601224	299034	900258	0.5
2025-01-17 09:30:00	1050617	527893	1578510	0.5
2025-01-17 10:00:00	1384282	673987	2058269	0.49
2025-01-17 10:30:00	1663899	873110	2537009	0.52
2025-01-17 11:00:00	1944044	999038	2943082	0.51
2025-01-17 11:30:00	2124364	1105804	3230168	0.52
2025-01-17 12:00:00	2334469	1203613	3538082	0.52
2025-01-17 12:30:00	2520376	1335563	3855939	0.53
2025-01-17 13:00:00	2719689	1453909	4173598	0.53
2025-01-17 13:30:00	3038132	1559829	4597961	0.51
2025-01-17 14:00:00	3241300	1666229	4907529	0.51
2025-01-17 14:30:00	3514775	1810567	5325342	0.52
2025-01-17 15:00:00	3977365	2161989	6139354	0.54
2025-01-17 15:15:00	3992458	2158350	6150808	0.54
2025-01-16 09:00:00	346016	202038	548054	0.58
2025-01-16 09:30:00	594501	365855	960356	0.62
2025-01-16 10:00:00	860251	457826	1318077	0.53
2025-01-16 10:30:00	1048370	582139	1630509	0.56
2025-01-16 11:00:00	1247715	681700	1929415	0.55
2025-01-16 11:30:00	1384913	778948	2163861	0.56
2025-01-16 12:00:00	1711940	1056948	2768888	0.62
2025-01-16 12:30:00	1838618	1129045	2967663	0.61
2025-01-16 13:00:00	2017860	1240731	3258591	0.61
2025-01-16 13:30:00	2170716	1615786	3786502	0.74
2025-01-16 14:00:00	2329603	2309029	4638632	0.99
2025-01-16 14:30:00	2524733	2437234	4961967	0.97
2025-01-16 15:00:00	2419341	2296112	4715453	0.95
2025-01-16 15:15:00	2431690	2310427	4742117	0.95
2025-01-15 09:00:00	451458	281801	733259	0.62
2025-01-15 09:30:00	749323	511182	1260505	0.68
2025-01-15 10:00:00	964568	638023	1602591	0.66
2025-01-15 10:30:00	1100364	715109	1815473	0.65
2025-01-15 11:00:00	1237845	801621	2039466	0.65
2025-01-15 11:30:00	1452999	865021	2318020	0.6
2025-01-15 12:00:00	1642650	936301	2578951	0.57
2025-01-15 12:30:00	1744351	988792	2733143	0.57
2025-01-15 13:00:00	2067340	1345626	3412966	0.65
2025-01-15 13:30:00	2520776	1675704	4196480	0.66
2025-01-15 14:00:00	2700040	1781313	4481353	0.66
2025-01-15 14:30:00	2863268	1908228	4771496	0.67
2025-01-15 15:00:00	3094487	2067440	5161927	0.67
2025-01-15 15:15:00	3106840	2082820	5189660	0.67
2025-01-14 09:00:00	378373	211662	590035	0.56
2025-01-14 09:30:00	763462	421160	1184622	0.55
2025-01-14 10:00:00	996722	580805	1577527	0.58
2025-01-14 10:30:00	1207910	713513	1921423	0.59
2025-01-14 11:00:00	1379877	883025	2262902	0.64
2025-01-14 11:30:00	1525152	984296	2509448	0.65
2025-01-14 12:00:00	1640738	1076326	2717064	0.66
2025-01-14 12:30:00	1764197	1145517	2909714	0.65
2025-01-14 13:00:00	1923144	1258202	3181346	0.65
2025-01-14 13:30:00	2088179	1342595	3430774	0.64
2025-01-14 14:00:00	2406767	1452409	3859176	0.6
2025-01-14 14:30:00	2581944	1572643	4154587	0.61
2025-01-14 15:00:00	2807000	1718872	4525872	0.61
2025-01-14 15:15:00	2879544	1734487	4614031	0.6
2025-01-13 09:00:00	426360	338703	765063	0.79
2025-01-13 09:30:00	551164	498024	1049188	0.9
2025-01-13 10:00:00	729089	651047	1380136	0.89
2025-01-13 10:30:00	838672	749316	1587988	0.89
2025-01-13 11:00:00	40172	27777	67949	0.69
2025-01-13 11:30:00	45552	35913	81465	0.79
2025-01-13 12:00:00	48862	37011	85873	0.76
2025-01-13 12:30:00	51302	38780	90082	0.76
2025-01-13 13:00:00	54717	40452	95169	0.74
2025-01-13 13:30:00	1826877	1603853	3430730	0.88
2025-01-13 14:00:00	1942106	1695050	3637156	0.87
2025-01-13 14:30:00	2124286	1852529	3976815	0.87
2025-01-13 15:00:00	2314394	1965115	4279509	0.85
2025-01-13 15:15:00	2018026	1618136	3636162	0.8
2025-01-10 09:00:00	501581	397087	898668	0.79
2025-01-10 09:30:00	970907	785380	1756287	0.81
2025-01-10 10:00:00	1263045	1010978	2274023	0.8
2025-01-10 10:30:00	1462775	1186862	2649637	0.81
2025-01-10 11:00:00	1641882	1359534	3001416	0.83
2025-01-10 11:30:00	1841208	1482216	3323424	0.81
2025-01-10 12:00:00	2012339	1594018	3606357	0.79
2025-01-10 12:30:00	2182426	1719161	3901587	0.79
2025-01-10 13:00:00	2339616	1850119	4189735	0.79
2025-01-10 13:30:00	2485778	2015962	4501740	0.81
2025-01-10 14:00:00	2617323	2127606	4744929	0.81
2025-01-10 14:30:00	2777317	2271938	5049255	0.82
2025-01-10 15:00:00	2998524	2485973	5484497	0.83
2025-01-10 15:15:00	3012962	2504990	5517952	0.83
2025-01-08 09:00:00	399751	289556	689307	0.72
2025-01-08 09:30:00	675269	525816	1201085	0.78
2025-01-08 10:00:00	874612	676979	1551591	0.77
2025-01-08 10:30:00	1077079	813139	1890218	0.75
2025-01-08 11:00:00	1275751	1072630	2348381	0.84
2025-01-08 11:30:00	1438730	1205733	2644463	0.84
2025-01-08 12:00:00	1600695	1354118	2954813	0.85
2025-01-08 12:30:00	1762515	1460916	3223431	0.83
2025-01-08 13:00:00	1881611	1565536	3447147	0.83
2025-01-08 13:30:00	2029448	1689431	3718879	0.83
2025-01-08 14:00:00	2148969	1781747	3930716	0.83
2025-01-08 14:30:00	2299873	1874539	4174412	0.82
2025-01-08 15:00:00	2496121	1998429	4494550	0.8
2025-01-08 15:15:00	2512256	2031998	4544254	0.81
2025-01-07 09:00:00	492094	224440	716534	0.46
2025-01-07 09:30:00	776648	467580	1244228	0.6
2025-01-07 10:00:00	1123999	769872	1893871	0.68
2025-01-07 10:30:00	1391376	920461	2311837	0.66
2025-01-07 11:00:00	1555607	1027252	2582859	0.66
2025-01-07 11:30:00	1692152	1130750	2822902	0.67
2025-01-07 12:00:00	1832068	1248465	3080533	0.68
2025-01-07 12:30:00	1956703	1338917	3295620	0.68
2025-01-07 13:00:00	2092528	1430657	3523185	0.68
2025-01-07 13:30:00	2216491	1518450	3734941	0.69
2025-01-07 14:00:00	2357391	1601509	3958900	0.68
2025-01-07 14:30:00	2894520	1761701	4656221	0.61
2025-01-07 15:00:00	3141401	1971124	5112525	0.63
2025-01-07 15:15:00	3153118	1991962	5145080	0.63
2025-01-03 09:00:00	669290	281558	950848	0.42
2025-01-03 09:30:00	984502	514628	1499130	0.52
2025-01-03 10:00:00	1258668	702574	1961242	0.56
2025-01-03 10:30:00	1469019	826761	2295780	0.56
2025-01-03 11:00:00	1685000	960496	2645496	0.57
2025-01-03 11:30:00	1854031	1178856	3032887	0.64
2025-01-03 12:00:00	1993608	1271453	3265061	0.64
2025-01-03 12:30:00	2135208	1355966	3491174	0.64
2025-01-03 13:00:00	2311314	1765099	4076413	0.76
2025-01-03 13:30:00	2463783	1852568	4316351	0.75
2025-01-03 14:00:00	2631464	1944242	4575706	0.74
2025-01-03 14:30:00	2820147	2086693	4906840	0.74
2025-01-03 15:00:00	3122433	2275005	5397438	0.73
2025-01-03 15:15:00	3137701	2288794	5426495	0.73
2025-01-02 09:00:00	481401	277349	758750	0.58
2025-01-02 09:30:00	805307	488784	1294091	0.61
2025-01-02 10:00:00	1030615	619958	1650573	0.6
2025-01-02 10:30:00	1205725	725692	1931417	0.6
2025-01-02 11:00:00	1394786	833644	2228430	0.6
2025-01-02 11:30:00	1529393	938083	2467476	0.61
2025-01-02 12:00:00	1732456	1096712	2829168	0.63
2025-01-02 12:30:00	1900822	1213978	3114800	0.64
2025-01-02 13:00:00	2045003	1341395	3386398	0.66
2025-01-02 13:30:00	2164841	1642879	3807720	0.76
2025-01-02 14:00:00	2275538	2142442	4417980	0.94
2025-01-02 14:30:00	2437425	2242387	4679812	0.92
2025-01-02 15:00:00	2624112	2474961	5099073	0.94
2025-01-02 15:15:00	2636773	2489492	5126265	0.94
