TIME	CALLS	PUTS	TOTAL	P/C RATIO
2025-03-26 09:00:00	450178	353569	803747	0.79
2025-03-26 09:30:00	784036	634996	1419032	0.81
2025-03-26 10:00:00	1102701	859085	1961786	0.78
2025-03-26 10:30:00	1277865	1027856	2305721	0.8
2025-03-26 11:00:00	1472687	1226524	2699211	0.83
2025-03-26 11:30:00	1654705	1402540	3057245	0.85
2025-03-26 12:00:00	1831112	1569972	3401084	0.86
2025-03-26 12:30:00	1992979	1724093	3717072	0.87
2025-03-26 13:00:00	2167236	2048308	4215544	0.95
2025-03-26 13:30:00	2303908	2182967	4486875	0.95
2025-03-26 14:00:00	2501491	2357552	4859043	0.94
2025-03-26 14:30:00	2702290	2549162	5251452	0.94
2025-03-26 15:00:00	2989866	2777104	5766970	0.93
2025-03-26 15:15:00	3042623	2832273	5874896	0.93
2025-03-25 09:00:00	495880	326505	822385	0.66
2025-03-25 09:30:00	1078453	574619	1653072	0.53
2025-03-25 10:00:00	1422951	894287	2317238	0.63
2025-03-25 10:30:00	1642295	1061012	2703307	0.65
2025-03-25 11:00:00	1821369	1193620	3014989	0.66
2025-03-25 11:30:00	1945176	1311775	3256951	0.67
2025-03-25 12:00:00	2119989	1441468	3561457	0.68
2025-03-25 12:30:00	2264656	1562819	3827475	0.69
2025-03-25 13:00:00	2370006	1660792	4030798	0.7
2025-03-25 13:30:00	2567121	1771274	4338395	0.69
2025-03-25 14:00:00	2686112	1895793	4581905	0.71
2025-03-25 14:30:00	2859034	2032054	4891088	0.71
2025-03-25 15:00:00	3170074	2276022	5446096	0.72
2025-03-25 15:15:00	3211050	2317925	5528975	0.72
2025-03-24 09:00:00	652363	475763	1128126	0.73
2025-03-24 09:30:00	1341476	834700	2176176	0.62
2025-03-24 10:00:00	1676387	1091868	2768255	0.65
2025-03-24 10:30:00	2002075	1309847	3311922	0.65
2025-03-24 11:00:00	2240188	1497803	3737991	0.67
2025-03-24 11:30:00	2519664	1719019	4238683	0.68
2025-03-24 12:00:00	2694394	1870918	4565312	0.69
2025-03-24 12:30:00	2852768	1997838	4850606	0.7
2025-03-24 13:00:00	3019446	2143080	5162526	0.71
2025-03-24 13:30:00	3210665	2275017	5485682	0.71
2025-03-24 14:00:00	3402430	2460804	5863234	0.72
2025-03-24 14:30:00	3645507	2635268	6280775	0.72
2025-03-24 15:00:00	4008389	2898014	6906403	0.72
2025-03-24 15:15:00	4092003	2974602	7066605	0.73
2025-03-21 09:00:00	690691	611673	1302364	0.89
2025-03-21 09:30:00	1257101	1036457	2293558	0.82
2025-03-21 10:00:00	1632670	1407739	3040409	0.86
2025-03-21 10:30:00	1992286	1698351	3690637	0.85
2025-03-21 11:00:00	2298601	2009382	4307983	0.87
2025-03-21 11:30:00	2656343	2312451	4968794	0.87
2025-03-21 12:00:00	3145156	2634268	5779424	0.84
2025-03-21 12:30:00	3410384	2902833	6313217	0.85
2025-03-21 13:00:00	3709430	3172540	6881970	0.86
2025-03-21 13:30:00	4000301	3384633	7384934	0.85
2025-03-21 14:00:00	4303596	3605282	7908878	0.84
2025-03-21 14:30:00	4626028	3921067	8547095	0.85
2025-03-21 15:00:00	5207526	4363356	9570882	0.84
2025-03-21 15:15:00	5270322	4469752	9740074	0.85
2025-03-20 09:00:00	402663	373806	776469	0.93
2025-03-20 09:30:00	830526	687010	1517536	0.83
2025-03-20 10:00:00	1107296	892978	2000274	0.81
2025-03-20 10:30:00	1327333	1083554	2410887	0.82
2025-03-20 11:00:00	1610137	1311860	2921997	0.81
2025-03-20 11:30:00	1920560	1452607	3373167	0.76
2025-03-20 12:00:00	2099199	1590439	3689638	0.76
2025-03-20 12:30:00	2252234	1717376	3969610	0.76
2025-03-20 13:00:00	2392260	1831990	4224250	0.77
2025-03-20 13:30:00	2558051	1968181	4526232	0.77
2025-03-20 14:00:00	2717385	2123571	4840956	0.78
2025-03-20 14:30:00	2956508	2317542	5274050	0.78
2025-03-20 15:00:00	3258802	2617594	5876396	0.8
2025-03-20 15:15:00	3300864	2681448	5982312	0.81
2025-03-19 09:00:00	367912	277687	645599	0.75
2025-03-19 09:30:00	741680	626906	1368586	0.85
2025-03-19 10:00:00	1029987	880173	1910160	0.85
2025-03-19 10:30:00	1228044	1049098	2277142	0.85
2025-03-19 11:00:00	1629207	1208964	2838171	0.74
2025-03-19 11:30:00	1796993	1369712	3166705	0.76
2025-03-19 12:00:00	1995530	1475570	3471100	0.74
2025-03-19 12:30:00	2125079	1587172	3712251	0.75
2025-03-19 13:00:00	2286599	1717913	4004512	0.75
2025-03-19 13:30:00	2465929	1863093	4329022	0.76
2025-03-19 14:00:00	2709302	2123991	4833293	0.78
2025-03-19 14:30:00	3209978	2533893	5743871	0.79
2025-03-19 15:00:00	3595220	2867767	6462987	0.8
2025-03-19 15:15:00	3703509	2968387	6671896	0.8
2025-03-18 09:00:00	453116	495924	949040	1.09
2025-03-18 09:30:00	792478	725819	1518297	0.92
2025-03-18 10:00:00	1075467	891635	1967102	0.83
2025-03-18 10:30:00	1345232	1037273	2382505	0.77
2025-03-18 11:00:00	1566726	1170064	2736790	0.75
2025-03-18 11:30:00	1957931	1331033	3288964	0.68
2025-03-18 12:00:00	2115967	1446629	3562596	0.68
2025-03-18 12:30:00	2311532	1573424	3884956	0.68
2025-03-18 13:00:00	2465196	1660630	4125826	0.67
2025-03-18 13:30:00	2618193	1784485	4402678	0.68
2025-03-18 14:00:00	2750562	1895347	4645909	0.69
2025-03-18 14:30:00	2901236	2014361	4915597	0.69
2025-03-18 15:00:00	3217687	2243583	5461270	0.7
2025-03-18 15:15:00	3267981	2298268	5566249	0.7
2025-03-17 09:00:00	489936	586361	1076297	1.2
2025-03-17 09:30:00	921249	947564	1868813	1.03
2025-03-17 10:00:00	1207821	1163469	2371290	0.96
2025-03-17 10:30:00	1460314	1472924	2933238	1.01
2025-03-17 11:00:00	1696523	1697349	3393872	1.0
2025-03-17 11:30:00	1999976	1822294	3822270	0.91
2025-03-17 12:00:00	2205555	1975339	4180894	0.9
2025-03-17 12:30:00	2411888	2122884	4534772	0.88
2025-03-17 13:00:00	2622069	2294582	4916651	0.88
2025-03-17 13:30:00	2927680	2622099	5549779	0.9
2025-03-17 14:00:00	3192875	2865762	6058637	0.9
2025-03-17 14:30:00	3438188	3094787	6532975	0.9
2025-03-17 15:00:00	3765134	3381999	7147133	0.9
2025-03-17 15:15:00	3816195	3458903	7275098	0.91
2025-03-14 09:00:00	832371	737500	1569871	0.89
2025-03-14 09:30:00	1334115	1228616	2562731	0.92
2025-03-14 10:00:00	1798141	1624520	3422661	0.9
2025-03-14 10:30:00	2363221	2090722	4453943	0.88
2025-03-14 11:00:00	2864026	2721909	5585935	0.95
2025-03-14 11:30:00	3157651	3069785	6227436	0.97
2025-03-14 12:00:00	3417298	3324581	6741879	0.97
2025-03-14 12:30:00	3698258	3604311	7302569	0.97
2025-03-14 13:00:00	4022786	3897911	7920697	0.97
2025-03-14 13:30:00	4293888	4134332	8428220	0.96
2025-03-14 14:00:00	4551141	4452614	9003755	0.98
2025-03-14 14:30:00	4921163	4847212	9768375	0.98
2025-03-14 15:00:00	5560856	5367051	10927907	0.97
2025-03-14 15:15:00	5683446	5512952	11196398	0.97
2025-03-13 09:00:00	553174	378255	931429	0.68
2025-03-13 09:30:00	960568	678199	1638767	0.71
2025-03-13 10:00:00	1257882	891620	2149502	0.71
2025-03-13 10:30:00	1509138	1091979	2601117	0.72
2025-03-13 11:00:00	1769330	1332553	3101883	0.75
2025-03-13 11:30:00	1942053	1489084	3431137	0.77
2025-03-13 12:00:00	2162571	1706584	3869155	0.79
2025-03-13 12:30:00	2363633	1900914	4264547	0.8
2025-03-13 13:00:00	2558997	2349954	4908951	0.92
2025-03-13 13:30:00	2842314	3065043	5907357	1.08
2025-03-13 14:00:00	3117995	3508371	6626366	1.13
2025-03-13 14:30:00	3359198	3698966	7058164	1.1
2025-03-13 15:00:00	3716759	4027619	7744378	1.08
2025-03-13 15:15:00	3804767	4093997	7898764	1.08
2025-03-12 09:00:00	678969	429102	1108071	0.63
2025-03-12 09:30:00	1068747	745293	1814040	0.7
2025-03-12 10:00:00	1442542	1331021	2773563	0.92
2025-03-12 10:30:00	1820570	1654992	3475562	0.91
2025-03-12 11:00:00	2114257	1921551	4035808	0.91
2025-03-12 11:30:00	2329706	2077893	4407599	0.89
2025-03-12 12:00:00	2548524	2225987	4774511	0.87
2025-03-12 12:30:00	2755196	2417154	5172350	0.88
2025-03-12 13:00:00	2992868	2593708	5586576	0.87
2025-03-12 13:30:00	3153689	2738020	5891709	0.87
2025-03-12 14:00:00	3342965	2925746	6268711	0.88
2025-03-12 14:30:00	3646832	3171996	6818828	0.87
2025-03-12 15:00:00	3976448	3434416	7410864	0.86
2025-03-12 15:15:00	4049268	3517546	7566814	0.87
2025-03-11 09:00:00	746187	450644	1196831	0.6
2025-03-11 09:30:00	1264404	821151	2085555	0.65
2025-03-11 10:00:00	1665659	1209643	2875302	0.73
2025-03-11 10:30:00	2167260	1555310	3722570	0.72
2025-03-11 11:00:00	2448853	1859946	4308799	0.76
2025-03-11 11:30:00	2681340	2044170	4725510	0.76
2025-03-11 12:00:00	2945346	2423063	5368409	0.82
2025-03-11 12:30:00	3229813	2942560	6172373	0.91
2025-03-11 13:00:00	3533388	3244106	6777494	0.92
2025-03-11 13:30:00	3810723	3512952	7323675	0.92
2025-03-11 14:00:00	4216232	3832172	8048404	0.91
2025-03-11 14:30:00	4566906	4081940	8648846	0.89
2025-03-11 15:00:00	4932756	4398653	9331409	0.89
2025-03-11 15:15:00	4995441	4482393	9477834	0.9
2025-03-10 09:00:00	448232	367762	815994	0.82
2025-03-10 09:30:00	862794	730067	1592861	0.85
2025-03-10 10:00:00	1353613	1094849	2448462	0.81
2025-03-10 10:30:00	1743727	1382636	3126363	0.79
2025-03-10 11:00:00	2021350	1665937	3687287	0.82
2025-03-10 11:30:00	2297101	1933425	4230526	0.84
2025-03-10 12:00:00	2494258	2113599	4607857	0.85
2025-03-10 12:30:00	2747498	2341844	5089342	0.85
2025-03-10 13:00:00	3109551	2635686	5745237	0.85
2025-03-10 13:30:00	3377892	2985194	6363086	0.88
2025-03-10 14:00:00	3676725	3299244	6975969	0.9
2025-03-10 14:30:00	4070104	3810397	7880501	0.94
2025-03-10 15:00:00	4502900	4241033	8743933	0.94
2025-03-10 15:15:00	4564661	4339903	8904564	0.95
2025-03-07 09:00:00	689270	629936	1319206	0.91
2025-03-07 09:30:00	1143563	977627	2121190	0.85
2025-03-07 10:00:00	1652336	1397492	3049828	0.85
2025-03-07 10:30:00	1981243	1738370	3719613	0.88
2025-03-07 11:00:00	2421478	2165962	4587440	0.89
2025-03-07 11:30:00	2844795	2554401	5399196	0.9
2025-03-07 12:00:00	3324031	2960408	6284439	0.89
2025-03-07 12:30:00	3660551	3290516	6951067	0.9
2025-03-07 13:00:00	4046069	3622837	7668906	0.9
2025-03-07 13:30:00	4434990	3952280	8387270	0.89
2025-03-07 14:00:00	4793805	4278908	9072713	0.89
2025-03-07 14:30:00	5179508	4666876	9846384	0.9
2025-03-07 15:00:00	5779998	5195031	10975029	0.9
2025-03-07 15:15:00	5840854	5313918	11154772	0.91
2025-03-06 09:00:00	712406	679688	1392094	0.95
2025-03-06 09:30:00	1190411	1078753	2269164	0.91
2025-03-06 10:00:00	1517237	1345464	2862701	0.89
2025-03-06 10:30:00	1816944	1566848	3383792	0.86
2025-03-06 11:00:00	2106692	1857377	3964069	0.88
2025-03-06 11:30:00	2486900	2215301	4702201	0.89
2025-03-06 12:00:00	2812751	2583047	5395798	0.92
2025-03-06 12:30:00	3107027	2829575	5936602	0.91
2025-03-06 13:00:00	3421383	3110521	6531904	0.91
2025-03-06 13:30:00	3714239	3406170	7120409	0.92
2025-03-06 14:00:00	4241024	3903934	8144958	0.92
2025-03-06 14:30:00	4547869	4200317	8748186	0.92
2025-03-06 15:00:00	5015016	4672723	9687739	0.93
2025-03-06 15:15:00	5166419	4877492	10043911	0.94
2025-03-05 09:00:00	457722	345888	803610	0.76
2025-03-05 09:30:00	1200687	590625	1791312	0.49
2025-03-05 10:00:00	1504719	735799	2240518	0.49
2025-03-05 10:30:00	1704286	935573	2639859	0.55
2025-03-05 11:00:00	1908268	1182354	3090622	0.62
2025-03-05 11:30:00	3054540	2005597	5060137	0.66
2025-03-05 12:00:00	3438986	2293784	5732770	0.67
2025-03-05 12:30:00	3707096	2539875	6246971	0.69
2025-03-05 13:00:00	3999694	2771101	6770795	0.69
2025-03-05 13:30:00	4454981	3095183	7550164	0.69
2025-03-05 14:00:00	4705845	3341394	8047239	0.71
2025-03-05 14:30:00	3790291	2345480	6135771	0.62
2025-03-05 15:00:00	4111016	2620718	6731734	0.64
2025-03-05 15:15:00	5628590	4199681	9828271	0.75
2025-03-04 09:00:00	733480	626912	1360392	0.85
2025-03-04 09:30:00	1271793	1334626	2606419	1.05
2025-03-04 10:00:00	2085852	1912553	3998405	0.92
2025-03-04 10:30:00	2500262	2290607	4790869	0.92
2025-03-04 11:00:00	2886887	2539443	5426330	0.88
2025-03-04 11:30:00	3113972	2782608	5896580	0.89
2025-03-04 12:00:00	3335365	2972513	6307878	0.89
2025-03-04 12:30:00	4357225	4087103	8444328	0.94
2025-03-04 13:00:00	4634553	4345509	8980062	0.94
2025-03-04 13:30:00	5036416	4635802	9672218	0.92
2025-03-04 14:00:00	5317956	4893106	10211062	0.92
2025-03-04 14:30:00	4577294	3881067	8458361	0.85
2025-03-04 15:00:00	4853151	4182172	9035323	0.86
2025-03-04 15:15:00	4959159	4324276	9283435	0.87
2025-03-03 09:00:00	703190	599928	1303118	0.85
2025-03-03 09:30:00	1167065	970329	2137394	0.83
2025-03-03 10:00:00	1572460	1252061	2824521	0.8
2025-03-03 10:30:00	1837662	1494779	3332441	0.81
2025-03-03 11:00:00	2136179	1723499	3859678	0.81
2025-03-03 11:30:00	2325374	1897060	4222434	0.82
2025-03-03 12:00:00	2533507	2099400	4632907	0.83
2025-03-03 12:30:00	2945303	2476620	5421923	0.84
2025-03-03 13:00:00	3272495	2785317	6057812	0.85
2025-03-03 13:30:00	3494399	2979172	6473571	0.85
2025-03-03 14:00:00	3833118	3341855	7174973	0.87
2025-03-03 14:30:00	4465586	4027913	8493499	0.9
2025-03-03 15:00:00	5219793	4881359	10101152	0.94
2025-03-03 15:15:00	5324186	5036026	10360212	0.95
2025-02-28 09:00:00	987720	877815	1865535	0.89
2025-02-28 09:30:00	1874758	1407079	3281837	0.75
2025-02-28 10:00:00	2467925	1864531	4332456	0.76
2025-02-28 10:30:00	2965019	2338817	5303836	0.79
2025-02-28 11:00:00	3420915	2694747	6115662	0.79
2025-02-28 11:30:00	3702302	2996402	6698704	0.81
2025-02-28 12:00:00	4091215	3485184	7576399	0.85
2025-02-28 12:30:00	4504995	3946951	8451946	0.88
2025-02-28 13:00:00	4839648	4372028	9211676	0.9
2025-02-28 13:30:00	5091151	4664414	9755565	0.92
2025-02-28 14:00:00	5512851	5058136	10570987	0.92
2025-02-28 14:30:00	5977794	5544983	11522777	0.93
2025-02-28 15:00:00	6806193	6217149	13023342	0.91
2025-02-28 15:15:00	6907654	6373033	13280687	0.92
2025-02-27 09:00:00	831052	731066	1562118	0.88
2025-02-27 09:30:00	1861825	1300600	3162425	0.7
2025-02-27 10:00:00	2399386	1645874	4045260	0.69
2025-02-27 10:30:00	2856717	1925766	4782483	0.67
2025-02-27 11:00:00	3166910	2199348	5366258	0.69
2025-02-27 11:30:00	3449565	2428600	5878165	0.7
2025-02-27 12:00:00	3681871	2627601	6309472	0.71
2025-02-27 12:30:00	3957769	2843465	6801234	0.72
2025-02-27 13:00:00	4174297	3020270	7194567	0.72
2025-02-27 13:30:00	4506033	3360814	7866847	0.75
2025-02-27 14:00:00	5047544	3887312	8934856	0.77
2025-02-27 14:30:00	5858906	4541999	10400905	0.78
2025-02-27 15:00:00	6475095	5287978	11763073	0.82
2025-02-27 15:15:00	6568945	5429010	11997955	0.83
2025-02-26 09:00:00	681714	539853	1221567	0.79
2025-02-26 09:30:00	1287045	1150821	2437866	0.89
2025-02-26 10:00:00	1641603	1449439	3091042	0.88
2025-02-26 10:30:00	2071398	1723855	3795253	0.83
2025-02-26 11:00:00	2364756	2029397	4394153	0.86
2025-02-26 11:30:00	2628984	2238462	4867446	0.85
2025-02-26 12:00:00	2942597	2578585	5521182	0.88
2025-02-26 12:30:00	3286814	2911028	6197842	0.89
2025-02-26 13:00:00	3644282	3276839	6921121	0.9
2025-02-26 13:30:00	3980181	3674182	7654363	0.92
2025-02-26 14:00:00	4261970	3908037	8170007	0.92
2025-02-26 14:30:00	4586309	4196897	8783206	0.92
2025-02-26 15:00:00	5032085	4613895	9645980	0.92
2025-02-26 15:15:00	5097865	4686643	9784508	0.92
2025-02-25 09:00:00	514977	458338	973315	0.89
2025-02-25 09:30:00	1098760	965515	2064275	0.88
2025-02-25 10:00:00	1523601	1442506	2966107	0.95
2025-02-25 10:30:00	1836751	1700745	3537496	0.93
2025-02-25 11:00:00	2239631	2071273	4310904	0.92
2025-02-25 11:30:00	2433896	2279940	4713836	0.94
2025-02-25 12:00:00	2720350	2462801	5183151	0.91
2025-02-25 12:30:00	2998146	2687401	5685547	0.9
2025-02-25 13:00:00	3180302	2832722	6013024	0.89
2025-02-25 13:30:00	3353969	2969692	6323661	0.89
2025-02-25 14:00:00	4820065	4451738	9271803	0.92
2025-02-25 14:30:00	5131760	4722431	9854191	0.92
2025-02-25 15:00:00	4094886	3685075	7779961	0.9
2025-02-25 15:15:00	4150353	3750754	7901107	0.9
2025-02-24 09:00:00	711214	710308	1421522	1.0
2025-02-24 09:30:00	1310174	1380060	2690234	1.05
2025-02-24 10:00:00	1799924	1855137	3655061	1.03
2025-02-24 10:30:00	2175527	2234285	4409812	1.03
2025-02-24 11:00:00	2509017	2549503	5058520	1.02
2025-02-24 11:30:00	2844217	2796415	5640632	0.98
2025-02-24 12:00:00	3059876	3020516	6080392	0.99
2025-02-24 12:30:00	3317469	3245338	6562807	0.98
2025-02-24 13:00:00	3513892	3418454	6932346	0.97
2025-02-24 13:30:00	3719728	3645579	7365307	0.98
2025-02-24 14:00:00	3948708	3844230	7792938	0.97
2025-02-24 14:30:00	4258908	4116578	8375486	0.97
2025-02-24 15:00:00	4632139	4578925	9211064	0.99
2025-02-24 15:15:00	4699320	4669706	9369026	0.99
2025-02-21 09:00:00	660945	515594	1176539	0.78
2025-02-21 09:30:00	1285452	959056	2244508	0.75
2025-02-21 10:00:00	1820465	1407012	3227477	0.77
2025-02-21 10:30:00	2253849	1703817	3957666	0.76
2025-02-21 11:00:00	2599668	1942910	4542578	0.75
2025-02-21 11:30:00	2987311	2215724	5203035	0.74
2025-02-21 12:00:00	3422571	2654680	6077251	0.78
2025-02-21 12:30:00	4048485	3248014	7296499	0.8
2025-02-21 13:00:00	4530946	3661888	8192834	0.81
2025-02-21 13:30:00	4974358	4125998	9100356	0.83
2025-02-21 14:00:00	5476901	4708464	10185365	0.86
2025-02-21 14:30:00	5917943	5186245	11104188	0.88
2025-02-21 15:00:00	6517461	5782881	12300342	0.89
2025-02-21 15:15:00	6650745	5956719	12607464	0.9
2025-02-20 09:00:00	894519	663341	1557860	0.74
2025-02-20 09:30:00	1638357	1223906	2862263	0.75
2025-02-20 10:00:00	2150620	1661929	3812549	0.77
2025-02-20 10:30:00	2561534	1958083	4519617	0.76
2025-02-20 11:00:00	2851220	2182865	5034085	0.77
2025-02-20 11:30:00	3138833	2432925	5571758	0.78
2025-02-20 12:00:00	3381131	2627402	6008533	0.78
2025-02-20 12:30:00	3664315	2828152	6492467	0.77
2025-02-20 13:00:00	3898548	2983440	6881988	0.77
2025-02-20 13:30:00	4171334	3252988	7424322	0.78
2025-02-20 14:00:00	4502113	3520838	8022951	0.78
2025-02-20 14:30:00	4907251	3753817	8661068	0.76
2025-02-20 15:00:00	5365441	4138675	9504116	0.77
2025-02-20 15:15:00	5439420	4227688	9667108	0.78
2025-02-19 09:00:00	427850	511994	939844	1.2
2025-02-19 09:30:00	803305	828940	1632245	1.03
2025-02-19 10:00:00	1069257	1040378	2109635	0.97
2025-02-19 10:30:00	1377720	1186471	2564191	0.86
2025-02-19 11:00:00	2028769	1755109	3783878	0.87
2025-02-19 11:30:00	2238579	1933807	4172386	0.86
2025-02-19 12:00:00	2459559	2118448	4578007	0.86
2025-02-19 12:30:00	2701692	2373576	5075268	0.88
2025-02-19 13:00:00	2888839	2578251	5467090	0.89
2025-02-19 13:30:00	3186026	2820897	6006923	0.89
2025-02-19 14:00:00	3453365	3075933	6529298	0.89
2025-02-19 14:30:00	3778599	3353490	7132089	0.89
2025-02-19 15:00:00	4217876	3775295	7993171	0.9
2025-02-19 15:15:00	4294094	3839949	8134043	0.89
2025-02-18 09:00:00	850137	556671	1406808	0.65
2025-02-18 09:30:00	1427252	923837	2351089	0.65
2025-02-18 10:00:00	1834409	1225313	3059722	0.67
2025-02-18 10:30:00	2338566	1550875	3889441	0.66
2025-02-18 11:00:00	2590419	1967115	4557534	0.76
2025-02-18 11:30:00	2924784	2196815	5121599	0.75
2025-02-18 12:00:00	3189716	2394266	5583982	0.75
2025-02-18 12:30:00	3415612	2605670	6021282	0.76
2025-02-18 13:00:00	3772733	2779344	6552077	0.74
2025-02-18 13:30:00	4137914	3083717	7221631	0.75
2025-02-18 14:00:00	4373796	3305409	7679205	0.76
2025-02-18 14:30:00	4634383	3513305	8147688	0.76
2025-02-18 15:00:00	5153534	3885055	9038589	0.75
2025-02-18 15:15:00	5225420	3977048	9202468	0.76
2025-02-17 09:00:00	19688	28181	47869	1.43
2025-02-17 09:30:00	20690	28566	49256	1.38
2025-02-17 10:00:00	21691	29003	50694	1.34
2025-02-17 10:30:00	22839	29906	52745	1.31
2025-02-17 11:00:00	22839	29906	52745	1.31
2025-02-17 11:30:00	22839	29906	52745	1.31
2025-02-17 12:00:00	22839	29906	52745	1.31
2025-02-17 12:30:00	22839	29906	52745	1.31
2025-02-17 13:00:00	22839	29906	52745	1.31
2025-02-17 13:30:00	22839	29906	52745	1.31
2025-02-17 14:00:00	22839	29906	52745	1.31
2025-02-17 14:30:00	22839	29906	52745	1.31
2025-02-17 15:00:00	22839	29906	52745	1.31
2025-02-17 15:15:00	22839	29906	52745	1.31
2025-02-14 09:00:00	844368	601997	1446365	0.71
2025-02-14 09:30:00	1488303	1003962	2492265	0.67
2025-02-14 10:00:00	1970425	1352792	3323217	0.69
2025-02-14 10:30:00	2485333	1651242	4136575	0.66
2025-02-14 11:00:00	2847516	1881514	4729030	0.66
2025-02-14 11:30:00	3205512	2104933	5310445	0.66
2025-02-14 12:00:00	3552225	2367754	5919979	0.67
2025-02-14 12:30:00	3785949	2644598	6430547	0.7
2025-02-14 13:00:00	4102863	2923863	7026726	0.71
2025-02-14 13:30:00	4368168	3141730	7509898	0.72
2025-02-14 14:00:00	4667024	3388806	8055830	0.73
2025-02-14 14:30:00	5095283	3701582	8796865	0.73
2025-02-14 15:00:00	5786098	4158929	9945027	0.72
2025-02-14 15:15:00	5876603	4237195	10113798	0.72
2025-02-13 09:00:00	489918	408091	898009	0.83
2025-02-13 09:30:00	868831	662794	1531625	0.76
2025-02-13 10:00:00	1250391	930602	2180993	0.74
2025-02-13 10:30:00	1404185	1057348	2461533	0.75
2025-02-13 11:00:00	2054054	1700673	3754727	0.83
2025-02-13 11:30:00	2238302	1873636	4111938	0.84
2025-02-13 12:00:00	2417094	2018936	4436030	0.84
2025-02-13 12:30:00	2611991	2176555	4788546	0.83
2025-02-13 13:00:00	2900528	2383104	5283632	0.82
2025-02-13 13:30:00	2348342	1777870	4126212	0.76
2025-02-13 14:00:00	2575843	1958428	4534271	0.76
2025-02-13 14:30:00	2820975	2549361	5370336	0.9
2025-02-13 15:00:00	3200749	3006472	6207221	0.94
2025-02-13 15:15:00	3264701	3088390	6353091	0.95
2025-02-12 09:00:00	427584	501423	929007	1.17
2025-02-12 09:30:00	14163	11791	25954	0.83
2025-02-12 10:00:00	18057	14347	32404	0.79
2025-02-12 10:30:00	24141	16700	40841	0.69
2025-02-12 11:00:00	27407	18611	46018	0.68
2025-02-12 11:30:00	29647	20462	50109	0.69
2025-02-12 12:00:00	34104	23030	57134	0.68
2025-02-12 12:30:00	3284200	2758503	6042703	0.84
2025-02-12 13:00:00	3496196	2945779	6441975	0.84
2025-02-12 13:30:00	3701893	3129485	6831378	0.85
2025-02-12 14:00:00	3951562	3326233	7277795	0.84
2025-02-12 14:30:00	4224240	3550701	7774941	0.84
2025-02-12 15:00:00	4619241	3892450	8511691	0.84
2025-02-12 15:15:00	4678264	3963960	8642224	0.85
2025-02-11 09:00:00	499137	429250	928387	0.86
2025-02-11 09:30:00	920189	725831	1646020	0.79
2025-02-11 10:00:00	1295679	1005259	2300938	0.78
2025-02-11 10:30:00	1562000	1212211	2774211	0.78
2025-02-11 11:00:00	446082	216212	662294	0.48
2025-02-11 11:30:00	522042	259378	781420	0.5
2025-02-11 12:00:00	43496	21322	64818	0.49
2025-02-11 12:30:00	2539008	1999407	4538415	0.79
2025-02-11 13:00:00	2019108	1404939	3424047	0.7
2025-02-11 13:30:00	2166557	1513451	3680008	0.7
2025-02-11 14:00:00	2365507	1674440	4039947	0.71
2025-02-11 14:30:00	2539026	1806007	4345033	0.71
2025-02-11 15:00:00	2835283	2062534	4897817	0.73
2025-02-11 15:15:00	3948099	3236927	7185026	0.82
2025-02-10 09:00:00	717793	553180	1270973	0.77
2025-02-10 09:30:00	1316923	937986	2254909	0.71
2025-02-10 10:00:00	1703498	1234076	2937574	0.72
2025-02-10 10:30:00	2057689	1547619	3605308	0.75
2025-02-10 11:00:00	2299326	1778313	4077639	0.77
2025-02-10 11:30:00	2671037	1987457	4658494	0.74
2025-02-10 12:00:00	2964909	2152834	5117743	0.73
2025-02-10 12:30:00	3176547	2317734	5494281	0.73
2025-02-10 13:00:00	3396033	2488251	5884284	0.73
2025-02-10 13:30:00	3618003	2685765	6303768	0.74
2025-02-10 14:00:00	3872484	2902698	6775182	0.75
2025-02-10 14:30:00	4102212	3110347	7212559	0.76
2025-02-10 15:00:00	4476766	3455615	7932381	0.77
2025-02-10 15:15:00	4528780	3511615	8040395	0.78
2025-02-07 09:00:00	767742	609850	1377592	0.79
2025-02-07 09:30:00	1430082	1157124	2587206	0.81
2025-02-07 10:00:00	1946269	1552560	3498829	0.8
2025-02-07 10:30:00	2362507	1915424	4277931	0.81
2025-02-07 11:00:00	2735911	2203720	4939631	0.81
2025-02-07 11:30:00	3155167	2514613	5669780	0.8
2025-02-07 12:00:00	3399327	2708540	6107867	0.8
2025-02-07 12:30:00	3689055	2914793	6603848	0.79
2025-02-07 13:00:00	4097999	3160667	7258666	0.77
2025-02-07 13:30:00	4407919	3402768	7810687	0.77
2025-02-07 14:00:00	4703612	3654131	8357743	0.78
2025-02-07 14:30:00	5113390	3983924	9097314	0.78
2025-02-07 15:00:00	5654311	4510190	10164501	0.8
2025-02-07 15:15:00	5746500	4589063	10335563	0.8
2025-02-06 09:00:00	687163	514174	1201337	0.75
2025-02-06 09:30:00	1114586	850607	1965193	0.76
2025-02-06 10:00:00	1630110	1257946	2888056	0.77
2025-02-06 10:30:00	1916791	1480328	3397119	0.77
2025-02-06 11:00:00	2174797	1695744	3870541	0.78
2025-02-06 11:30:00	2417712	1931501	4349213	0.8
2025-02-06 12:00:00	2590411	2065801	4656212	0.8
2025-02-06 12:30:00	2822420	2227505	5049925	0.79
2025-02-06 13:00:00	3018615	2373421	5392036	0.79
2025-02-06 13:30:00	3281719	2578006	5859725	0.79
2025-02-06 14:00:00	3641192	2901728	6542920	0.8
2025-02-06 14:30:00	3917433	3107211	7024644	0.79
2025-02-06 15:00:00	4387683	3516347	7904030	0.8
2025-02-06 15:15:00	4452527	3574360	8026887	0.8
2025-02-05 09:00:00	625996	487792	1113788	0.78
2025-02-05 09:30:00	1161290	849884	2011174	0.73
2025-02-05 10:00:00	1509776	1092021	2601797	0.72
2025-02-05 10:30:00	1817090	1303618	3120708	0.72
2025-02-05 11:00:00	2141278	1715078	3856356	0.8
2025-02-05 11:30:00	2434713	1973750	4408463	0.81
2025-02-05 12:00:00	2635965	2129441	4765406	0.81
2025-02-05 12:30:00	2838639	2287980	5126619	0.81
2025-02-05 13:00:00	3072362	2461942	5534304	0.8
2025-02-05 13:30:00	3315397	2662505	5977902	0.8
2025-02-05 14:00:00	3548323	2856707	6405030	0.81
2025-02-05 14:30:00	3821593	3106112	6927705	0.81
2025-02-05 15:00:00	4318014	3439630	7757644	0.8
2025-02-05 15:15:00	4387644	3513676	7901320	0.8
2025-02-04 09:00:00	588616	492671	1081287	0.84
2025-02-04 09:30:00	1046798	921366	1968164	0.88
2025-02-04 10:00:00	1375001	1191338	2566339	0.87
2025-02-04 10:30:00	1656879	1417424	3074303	0.86
2025-02-04 11:00:00	1947971	1627511	3575482	0.84
2025-02-04 11:30:00	2177847	1840133	4017980	0.84
2025-02-04 12:00:00	2387360	2003265	4390625	0.84
2025-02-04 12:30:00	2583382	2205247	4788629	0.85
2025-02-04 13:00:00	2762530	2337818	5100348	0.85
2025-02-04 13:30:00	3045555	2580400	5625955	0.85
2025-02-04 14:00:00	3332967	2793130	6126097	0.84
2025-02-04 14:30:00	3557417	3010084	6567501	0.85
2025-02-04 15:00:00	2812631	2228954	5041585	0.79
2025-02-04 15:15:00	2878420	2297186	5175606	0.8
2025-02-03 09:00:00	833064	791547	1624611	0.95
2025-02-03 09:30:00	1546771	1466571	3013342	0.95
2025-02-03 10:00:00	2105230	1913568	4018798	0.91
2025-02-03 10:30:00	2437485	2226378	4663863	0.91
2025-02-03 11:00:00	2705201	2463382	5168583	0.91
2025-02-03 11:30:00	2924186	2677654	5601840	0.92
2025-02-03 12:00:00	3178307	2876778	6055085	0.91
2025-02-03 12:30:00	3334779	3033508	6368287	0.91
2025-02-03 13:00:00	3566019	3237144	6803163	0.91
2025-02-03 13:30:00	3803357	3460732	7264089	0.91
2025-02-03 14:00:00	4009233	3679930	7689163	0.92
2025-02-03 14:30:00	4272711	3959175	8231886	0.93
2025-02-03 15:00:00	4667464	4382646	9050110	0.94
2025-02-03 15:15:00	4721204	4448741	9169945	0.94
2025-01-31 09:00:00	667368	584801	1252169	0.88
2025-01-31 09:30:00	1275097	989358	2264455	0.78
2025-01-31 10:00:00	1850208	1398003	3248211	0.76
2025-01-31 10:30:00	2189239	1713655	3902894	0.78
2025-01-31 11:00:00	2490852	1949165	4440017	0.78
2025-01-31 11:30:00	2925656	2206013	5131669	0.75
2025-01-31 12:00:00	3168762	2449933	5618695	0.77
2025-01-31 12:30:00	3518573	2742270	6260843	0.78
2025-01-31 13:00:00	3921475	3159074	7080549	0.81
2025-01-31 13:30:00	4287267	3531174	7818441	0.82
2025-01-31 14:00:00	4652429	3879825	8532254	0.83
2025-01-31 14:30:00	5018817	4268093	9286910	0.85
2025-01-31 15:00:00	5508397	4782735	10291132	0.87
2025-01-31 15:15:00	5589943	4914514	10504457	0.88
2025-01-30 09:00:00	700489	579302	1279791	0.83
2025-01-30 09:30:00	1919679	1119463	3039142	0.58
2025-01-30 10:00:00	2483075	1486146	3969221	0.6
2025-01-30 10:30:00	2887478	1740069	4627547	0.6
2025-01-30 11:00:00	3252793	2002029	5254822	0.62
2025-01-30 11:30:00	3486214	2201393	5687607	0.63
2025-01-30 12:00:00	3703538	2380246	6083784	0.64
2025-01-30 12:30:00	3934937	2535318	6470255	0.64
2025-01-30 13:00:00	4186810	2728145	6914955	0.65
2025-01-30 13:30:00	4562426	2894061	7456487	0.63
2025-01-30 14:00:00	4814312	3090739	7905051	0.64
2025-01-30 14:30:00	5242589	3375234	8617823	0.64
2025-01-30 15:00:00	5764780	4003748	9768528	0.69
2025-01-30 15:15:00	5809619	4060813	9870432	0.7
2025-01-29 09:00:00	454348	470426	924774	1.04
2025-01-29 09:30:00	762538	678554	1441092	0.89
2025-01-29 10:00:00	1000829	815722	1816551	0.82
2025-01-29 10:30:00	1233382	974554	2207936	0.79
2025-01-29 11:00:00	1423808	1132617	2556425	0.8
2025-01-29 11:30:00	1614925	1249029	2863954	0.77
2025-01-29 12:00:00	1756465	1384560	3141025	0.79
2025-01-29 12:30:00	2014710	1620487	3635197	0.8
2025-01-29 13:00:00	2197013	1782155	3979168	0.81
2025-01-29 13:30:00	2449837	2008826	4458663	0.82
2025-01-29 14:00:00	2770563	2278692	5049255	0.82
2025-01-29 14:30:00	3070871	2557025	5627896	0.83
2025-01-29 15:00:00	3990819	2900306	6891125	0.73
2025-01-29 15:15:00	4038043	2967003	7005046	0.73
2025-01-28 09:00:00	572289	493275	1065564	0.86
2025-01-28 09:30:00	1029278	879564	1908842	0.85
2025-01-28 10:00:00	1457420	1148664	2606084	0.79
2025-01-28 10:30:00	1844965	1439113	3284078	0.78
2025-01-28 11:00:00	2094055	1631322	3725377	0.78
2025-01-28 11:30:00	2461166	1851234	4312400	0.75
2025-01-28 12:00:00	2678992	2019154	4698146	0.75
2025-01-28 12:30:00	2923348	2212641	5135989	0.76
2025-01-28 13:00:00	3193487	2374846	5568333	0.74
2025-01-28 13:30:00	3388799	2526284	5915083	0.75
2025-01-28 14:00:00	3698991	2735569	6434560	0.74
2025-01-28 14:30:00	3950878	2931918	6882796	0.74
2025-01-28 15:00:00	4333195	3211219	7544414	0.74
2025-01-28 15:15:00	4382594	3265936	7648530	0.75
2025-01-27 09:00:00	904556	857420	1761976	0.95
2025-01-27 09:30:00	1473480	1318903	2792383	0.9
2025-01-27 10:00:00	1890696	1764141	3654837	0.93
2025-01-27 10:30:00	2238809	2217334	4456143	0.99
2025-01-27 11:00:00	2615667	2515620	5131287	0.96
2025-01-27 11:30:00	2863628	2715574	5579202	0.95
2025-01-27 12:00:00	3109519	2922345	6031864	0.94
2025-01-27 12:30:00	3377224	3128647	6505871	0.93
2025-01-27 13:00:00	3630207	3334811	6965018	0.92
2025-01-27 13:30:00	4113311	3589131	7702442	0.87
2025-01-27 14:00:00	4414300	3850561	8264861	0.87
2025-01-27 14:30:00	4698108	4133708	8831816	0.88
2025-01-27 15:00:00	5078118	4500454	9578572	0.89
2025-01-27 15:15:00	5130454	4571475	9701929	0.89
2025-01-24 09:00:00	702388	526496	1228884	0.75
2025-01-24 09:30:00	1195142	868050	2063192	0.73
2025-01-24 10:00:00	1676568	1171527	2848095	0.7
2025-01-24 10:30:00	2007500	1395987	3403487	0.7
2025-01-24 11:00:00	2360714	1640905	4001619	0.7
2025-01-24 11:30:00	2710477	1868585	4579062	0.69
2025-01-24 12:00:00	3007427	2090284	5097711	0.7
2025-01-24 12:30:00	3327081	2332674	5659755	0.7
2025-01-24 13:00:00	3666498	2600947	6267445	0.71
2025-01-24 13:30:00	3995437	2923852	6919289	0.73
2025-01-24 14:00:00	4235170	3109130	7344300	0.73
2025-01-24 14:30:00	4541293	3351739	7893032	0.74
2025-01-24 15:00:00	4974755	3811512	8786267	0.77
2025-01-24 15:15:00	5040480	3872766	8913246	0.77
2025-01-23 09:00:00	560907	487767	1048674	0.87
2025-01-23 09:30:00	982144	799181	1781325	0.81
2025-01-23 10:00:00	1384210	1029579	2413789	0.74
2025-01-23 10:30:00	1782948	1331684	3114632	0.75
2025-01-23 11:00:00	2102700	1519785	3622485	0.72
2025-01-23 11:30:00	2310876	1670268	3981144	0.72
2025-01-23 12:00:00	2528099	1845439	4373538	0.73
2025-01-23 12:30:00	2787553	2045703	4833256	0.73
2025-01-23 13:00:00	3059887	2264183	5324070	0.74
2025-01-23 13:30:00	3358861	2477046	5835907	0.74
2025-01-23 14:00:00	3614942	2700313	6315255	0.75
2025-01-23 14:30:00	4113399	3198673	7312072	0.78
2025-01-23 15:00:00	4636577	3591712	8228289	0.77
2025-01-23 15:15:00	4817005	3763926	8580931	0.78
2025-01-22 09:00:00	799257	697492	1496749	0.87
2025-01-22 09:30:00	1354654	1089684	2444338	0.8
2025-01-22 10:00:00	1945955	1375673	3321628	0.71
2025-01-22 10:30:00	2431338	1608767	4040105	0.66
2025-01-22 11:00:00	2777425	1868484	4645909	0.67
2025-01-22 11:30:00	3020084	2172550	5192634	0.72
2025-01-22 12:00:00	3220107	2347564	5567671	0.73
2025-01-22 12:30:00	3412289	2571615	5983904	0.75
2025-01-22 13:00:00	3629627	2762230	6391857	0.76
2025-01-22 13:30:00	3917047	2977197	6894244	0.76
2025-01-22 14:00:00	4230237	3136672	7366909	0.74
2025-01-22 14:30:00	4464199	3325640	7789839	0.74
2025-01-22 15:00:00	4885427	3705437	8590864	0.76
2025-01-22 15:15:00	5007426	3832926	8840352	0.77
2025-01-21 09:00:00	900565	711272	1611837	0.79
2025-01-21 09:30:00	1404699	1116289	2520988	0.79
2025-01-21 10:00:00	1986063	1449183	3435246	0.73
2025-01-21 10:30:00	2395789	1707857	4103646	0.71
2025-01-21 11:00:00	2879822	2012778	4892600	0.7
2025-01-21 11:30:00	3167510	2258628	5426138	0.71
2025-01-21 12:00:00	3468646	2527237	5995883	0.73
2025-01-21 12:30:00	3874301	2794062	6668363	0.72
2025-01-21 13:00:00	4113275	2994203	7107478	0.73
2025-01-21 13:30:00	4483364	3226996	7710360	0.72
2025-01-21 14:00:00	4776510	3455382	8231892	0.72
2025-01-21 14:30:00	5075188	3733605	8808793	0.74
2025-01-21 15:00:00	5542305	4154468	9696773	0.75
2025-01-21 15:15:00	5698618	4296012	9994630	0.75
2025-01-20 09:00:00	28765	23538	52303	0.82
2025-01-20 09:30:00	34262	25703	59965	0.75
2025-01-20 10:00:00	36724	27122	63846	0.74
2025-01-20 10:30:00	39349	28249	67598	0.72
2025-01-20 11:00:00	39349	28249	67598	0.72
2025-01-20 11:30:00	39349	28249	67598	0.72
2025-01-20 12:00:00	39349	28249	67598	0.72
2025-01-20 12:30:00	39349	28249	67598	0.72
2025-01-20 13:00:00	39349	28249	67598	0.72
2025-01-20 13:30:00	39349	28249	67598	0.72
2025-01-20 14:00:00	39349	28249	67598	0.72
2025-01-20 14:30:00	39349	28249	67598	0.72
2025-01-20 15:00:00	39349	28249	67598	0.72
2025-01-20 15:15:00	39349	28249	67598	0.72
2025-01-17 09:00:00	1068467	658245	1726712	0.62
2025-01-17 09:30:00	1787842	1121374	2909216	0.63
2025-01-17 10:00:00	2311329	1430631	3741960	0.62
2025-01-17 10:30:00	2831087	1816341	4647428	0.64
2025-01-17 11:00:00	3330431	2150670	5481101	0.65
2025-01-17 11:30:00	3671716	2383492	6055208	0.65
2025-01-17 12:00:00	4018161	2616732	6634893	0.65
2025-01-17 12:30:00	4373988	2924541	7298529	0.67
2025-01-17 13:00:00	4743309	3247613	7990922	0.68
2025-01-17 13:30:00	5207952	3474795	8682747	0.67
2025-01-17 14:00:00	5664703	3750428	9415131	0.66
2025-01-17 14:30:00	6085550	4062414	10147964	0.67
2025-01-17 15:00:00	6719821	4663265	11383086	0.69
2025-01-17 15:15:00	6786005	4718330	11504335	0.7
2025-01-16 09:00:00	494922	394952	889874	0.8
2025-01-16 09:30:00	834148	639314	1473462	0.77
2025-01-16 10:00:00	1171968	780621	1952589	0.67
2025-01-16 10:30:00	1612018	1012437	2624455	0.63
2025-01-16 11:00:00	1891060	1225556	3116616	0.65
2025-01-16 11:30:00	2097101	1363863	3460964	0.65
2025-01-16 12:00:00	2929658	2173110	5102768	0.74
2025-01-16 12:30:00	3155580	2323070	5478650	0.74
2025-01-16 13:00:00	3472926	2574382	6047308	0.74
2025-01-16 13:30:00	3915730	3053971	6969701	0.78
2025-01-16 14:00:00	4259691	3862756	8122447	0.91
2025-01-16 14:30:00	4659365	4209268	8868633	0.9
2025-01-16 15:00:00	3918220	3514793	7433013	0.9
2025-01-16 15:15:00	3971097	3605829	7576926	0.91
2025-01-15 09:00:00	682651	598670	1281321	0.88
2025-01-15 09:30:00	1223738	1036231	2259969	0.85
2025-01-15 10:00:00	1531299	1293707	2825006	0.84
2025-01-15 10:30:00	1757667	1495610	3253277	0.85
2025-01-15 11:00:00	2058775	1686652	3745427	0.82
2025-01-15 11:30:00	2325053	1809168	4134221	0.78
2025-01-15 12:00:00	2562840	1944270	4507110	0.76
2025-01-15 12:30:00	2723482	2094362	4817844	0.77
2025-01-15 13:00:00	3119971	2565375	5685346	0.82
2025-01-15 13:30:00	4309697	3586455	7896152	0.83
2025-01-15 14:00:00	4642855	3858467	8501322	0.83
2025-01-15 14:30:00	5014250	4160135	9174385	0.83
2025-01-15 15:00:00	5459411	4579446	10038857	0.84
2025-01-15 15:15:00	5508446	4643688	10152134	0.84
2025-01-14 09:00:00	469663	410152	879815	0.87
2025-01-14 09:30:00	1166976	918600	2085576	0.79
2025-01-14 10:00:00	1570553	1231539	2802092	0.78
2025-01-14 10:30:00	1925004	1524587	3449591	0.79
2025-01-14 11:00:00	2241578	1860826	4102404	0.83
2025-01-14 11:30:00	2472113	2044874	4516987	0.83
2025-01-14 12:00:00	2676063	2236765	4912828	0.84
2025-01-14 12:30:00	2918609	2391776	5310385	0.82
2025-01-14 13:00:00	3209410	2645281	5854691	0.82
2025-01-14 13:30:00	3450213	2826163	6276376	0.82
2025-01-14 14:00:00	3885073	3084315	6969388	0.79
2025-01-14 14:30:00	4248367	3391995	7640362	0.8
2025-01-14 15:00:00	4648267	3754481	8402748	0.81
2025-01-14 15:15:00	4765065	3835841	8600906	0.8
2025-01-13 09:00:00	692667	699999	1392666	1.01
2025-01-13 09:30:00	982599	1185795	2168394	1.21
2025-01-13 10:00:00	1358614	1497992	2856606	1.1
2025-01-13 10:30:00	1576389	1694109	3270498	1.07
2025-01-13 11:00:00	40172	27777	67949	0.69
2025-01-13 11:30:00	45552	35913	81465	0.79
2025-01-13 12:00:00	48862	37011	85873	0.76
2025-01-13 12:30:00	51302	38780	90082	0.76
2025-01-13 13:00:00	54717	40452	95169	0.74
2025-01-13 13:30:00	3265342	3297567	6562909	1.01
2025-01-13 14:00:00	3529532	3544904	7074436	1.0
2025-01-13 14:30:00	3801390	3845627	7647017	1.01
2025-01-13 15:00:00	4157071	4146083	8303154	1.0
2025-01-13 15:15:00	3101788	3007711	6109499	0.97
2025-01-10 09:00:00	733750	772345	1506095	1.05
2025-01-10 09:30:00	1482483	1492113	2974596	1.01
2025-01-10 10:00:00	2067901	1934135	4002036	0.94
2025-01-10 10:30:00	2428674	2295896	4724570	0.95
2025-01-10 11:00:00	2747326	2684442	5431768	0.98
2025-01-10 11:30:00	3056411	2942203	5998614	0.96
2025-01-10 12:00:00	3356803	3203089	6559892	0.95
2025-01-10 12:30:00	3656703	3464426	7121129	0.95
2025-01-10 13:00:00	3926668	3728750	7655418	0.95
2025-01-10 13:30:00	4180221	4061810	8242031	0.97
2025-01-10 14:00:00	4450035	4299439	8749474	0.97
2025-01-10 14:30:00	4779947	4649143	9429090	0.97
2025-01-10 15:00:00	5255690	5201151	10456841	0.99
2025-01-10 15:15:00	5334925	5317550	10652475	1.0
2025-01-09 09:00:00	61783	90657	152440	1.47
2025-01-09 09:30:00	61783	90657	152440	1.47
2025-01-09 10:00:00	61783	90657	152440	1.47
2025-01-09 10:30:00	61783	90657	152440	1.47
2025-01-09 11:00:00	61783	90657	152440	1.47
2025-01-09 11:30:00	61783	90657	152440	1.47
2025-01-09 12:00:00	61783	90657	152440	1.47
2025-01-09 12:30:00	61783	90657	152440	1.47
2025-01-09 13:00:00	61783	90657	152440	1.47
2025-01-09 13:30:00	54504	82498	137002	1.51
2025-01-09 14:00:00	54504	82498	137002	1.51
2025-01-09 14:30:00	54504	82498	137002	1.51
2025-01-09 15:00:00	54504	82498	137002	1.51
2025-01-09 15:15:00	54504	82498	137002	1.51
2025-01-08 09:00:00	561039	568701	1129740	1.01
2025-01-08 09:30:00	1038375	1044755	2083130	1.01
2025-01-08 10:00:00	1362541	1303449	2665990	0.96
2025-01-08 10:30:00	1647324	1539586	3186910	0.93
2025-01-08 11:00:00	1948660	1888351	3837011	0.97
2025-01-08 11:30:00	2217910	2165466	4383376	0.98
2025-01-08 12:00:00	2473911	2419206	4893117	0.98
2025-01-08 12:30:00	2755593	2638279	5393872	0.96
2025-01-08 13:00:00	2970122	2841871	5811993	0.96
2025-01-08 13:30:00	3250728	3114899	6365627	0.96
2025-01-08 14:00:00	3479579	3305110	6784689	0.95
2025-01-08 14:30:00	3753490	3509509	7262999	0.93
2025-01-08 15:00:00	4095765	3871856	7967621	0.95
2025-01-08 15:15:00	4160585	3968183	8128768	0.95
2025-01-07 09:00:00	677664	486491	1164155	0.72
2025-01-07 09:30:00	1344032	1112056	2456088	0.83
2025-01-07 10:00:00	1925003	1703759	3628762	0.89
2025-01-07 10:30:00	2345081	2020096	4365177	0.86
2025-01-07 11:00:00	2626351	2269091	4895442	0.86
2025-01-07 11:30:00	2855539	2499154	5354693	0.88
2025-01-07 12:00:00	3098696	2770716	5869412	0.89
2025-01-07 12:30:00	3323103	2989665	6312768	0.9
2025-01-07 13:00:00	3558388	3185723	6744111	0.9
2025-01-07 13:30:00	3750941	3343939	7094880	0.89
2025-01-07 14:00:00	4008407	3555252	7563659	0.89
2025-01-07 14:30:00	4798346	4044121	8842467	0.84
2025-01-07 15:00:00	5922284	4576051	10498335	0.77
2025-01-07 15:15:00	6069203	4711365	10780568	0.78
2025-01-03 09:00:00	885229	483347	1368576	0.55
2025-01-03 09:30:00	1368023	917178	2285201	0.67
2025-01-03 10:00:00	1788802	1273134	3061936	0.71
2025-01-03 10:30:00	2331875	1528946	3860821	0.66
2025-01-03 11:00:00	2652933	1845935	4498868	0.7
2025-01-03 11:30:00	2908536	2179244	5087780	0.75
2025-01-03 12:00:00	3096671	2330832	5427503	0.75
2025-01-03 12:30:00	3305588	2525169	5830757	0.76
2025-01-03 13:00:00	3585711	3045837	6631548	0.85
2025-01-03 13:30:00	3825917	3230691	7056608	0.84
2025-01-03 14:00:00	4102540	3424016	7526556	0.83
2025-01-03 14:30:00	4370444	3687586	8058030	0.84
2025-01-03 15:00:00	4836861	4101986	8938847	0.85
2025-01-03 15:15:00	4953973	4172855	9126828	0.84
2025-01-02 09:00:00	690236	541564	1231800	0.78
2025-01-02 09:30:00	1197766	997011	2194777	0.83
2025-01-02 10:00:00	1555714	1277280	2832994	0.82
2025-01-02 10:30:00	1854160	1532687	3386847	0.83
2025-01-02 11:00:00	2124854	1740479	3865333	0.82
2025-01-02 11:30:00	2344258	1949302	4293560	0.83
2025-01-02 12:00:00	2723844	2328700	5052544	0.85
2025-01-02 12:30:00	2999801	2588534	5588335	0.86
2025-01-02 13:00:00	3266669	2832325	6098994	0.87
2025-01-02 13:30:00	3488784	3262100	6750884	0.94
2025-01-02 14:00:00	3714622	3863991	7578613	1.04
2025-01-02 14:30:00	3995186	4091785	8086971	1.02
2025-01-02 15:00:00	4331863	4544229	8876092	1.05
2025-01-02 15:15:00	4374098	4602783	8976881	1.05
