TIME	CALLS	PUTS	TOTAL	P/C RATIO
2023-12-29 09:00:00	160507	145849	306356	0.91
2023-12-29 09:30:00	267230	267011	534241	1.0
2023-12-29 10:00:00	407961	470417	878378	1.15
2023-12-29 10:30:00	579529	677382	1256911	1.17
2023-12-29 11:00:00	683599	832092	1515691	1.22
2023-12-29 11:30:00	813713	973648	1787361	1.2
2023-12-29 12:00:00	892110	1066221	1958331	1.2
2023-12-29 12:30:00	976039	1160087	2136126	1.19
2023-12-29 13:00:00	1063225	1254075	2317300	1.18
2023-12-29 13:30:00	1193087	1426110	2619197	1.2
2023-12-29 14:00:00	1293764	1525759	2819523	1.18
2023-12-29 14:30:00	1428072	1680545	3108617	1.18
2023-12-29 15:00:00	1607133	1939026	3546159	1.21
2023-12-29 15:15:00	1649602	2027827	3677429	1.23
2023-12-28 09:00:00	149043	176223	325266	1.18
2023-12-28 09:30:00	254034	272809	526843	1.07
2023-12-28 10:00:00	372336	372144	744480	1.0
2023-12-28 10:30:00	467985	453993	921978	0.97
2023-12-28 11:00:00	544400	517454	1061854	0.95
2023-12-28 11:30:00	595364	594749	1190113	1.0
2023-12-28 12:00:00	657591	677011	1334602	1.03
2023-12-28 12:30:00	733908	766480	1500388	1.04
2023-12-28 13:00:00	805511	877729	1683240	1.09
2023-12-28 13:30:00	866974	957554	1824528	1.1
2023-12-28 14:00:00	941766	1059940	2001706	1.13
2023-12-28 14:30:00	1069380	1168704	2238084	1.09
2023-12-28 15:00:00	1226312	1360544	2586856	1.11
2023-12-28 15:15:00	1287876	1414898	2702774	1.1
2023-12-27 09:00:00	162812	166537	329349	1.02
2023-12-27 09:30:00	295091	335493	630584	1.14
2023-12-27 10:00:00	404672	441200	845872	1.09
2023-12-27 10:30:00	513610	516552	1030162	1.01
2023-12-27 11:00:00	588354	606520	1194874	1.03
2023-12-27 11:30:00	661118	666940	1328058	1.01
2023-12-27 12:00:00	743675	750246	1493921	1.01
2023-12-27 12:30:00	857391	871899	1729290	1.02
2023-12-27 13:00:00	922195	970520	1892715	1.05
2023-12-27 13:30:00	1047613	1141763	2189376	1.09
2023-12-27 14:00:00	1123383	1209240	2332623	1.08
2023-12-27 14:30:00	1214621	1314942	2529563	1.08
2023-12-27 15:00:00	1375341	1532834	2908175	1.11
2023-12-27 15:15:00	1407231	1587834	2995065	1.13
2023-12-26 09:00:00	121955	162160	284115	1.33
2023-12-26 09:30:00	199329	266110	465439	1.34
2023-12-26 10:00:00	276286	392023	668309	1.42
2023-12-26 10:30:00	160302	278222	438524	1.74
2023-12-26 11:00:00	183599	344762	528361	1.88
2023-12-26 11:30:00	220118	382121	602239	1.74
2023-12-26 12:00:00	246590	423458	670048	1.72
2023-12-26 12:30:00	281325	468106	749431	1.66
2023-12-26 13:00:00	312059	501244	813303	1.61
2023-12-26 13:30:00	326044	530618	856662	1.63
2023-12-26 14:00:00	358330	579308	937638	1.62
2023-12-26 14:30:00	412102	644613	1056715	1.56
2023-12-26 15:00:00	514787	772763	1287550	1.5
2023-12-26 15:15:00	556457	830057	1386514	1.49
2023-12-22 09:00:00	238899	276298	515197	1.16
2023-12-22 09:30:00	396673	410636	807309	1.04
2023-12-22 10:00:00	494238	581514	1075752	1.18
2023-12-22 10:30:00	606228	719309	1325537	1.19
2023-12-22 11:00:00	686198	831789	1517987	1.21
2023-12-22 11:30:00	804643	912187	1716830	1.13
2023-12-22 12:00:00	918743	983441	1902184	1.07
2023-12-22 12:30:00	982677	1052789	2035466	1.07
2023-12-22 13:00:00	1063841	1131760	2195601	1.06
2023-12-22 13:30:00	1201603	1365318	2566921	1.14
2023-12-22 14:00:00	1342590	1518379	2860969	1.13
2023-12-22 14:30:00	1433294	1621207	3054501	1.13
2023-12-22 15:00:00	1552637	1812150	3364787	1.17
2023-12-22 15:15:00	1593257	1884054	3477311	1.18
2023-12-21 09:00:00	249805	282977	532782	1.13
2023-12-21 09:30:00	482718	506330	989048	1.05
2023-12-21 10:00:00	587011	619554	1206565	1.06
2023-12-21 10:30:00	669169	729669	1398838	1.09
2023-12-21 11:00:00	756292	827874	1584166	1.09
2023-12-21 11:30:00	879399	1038874	1918273	1.18
2023-12-21 12:00:00	1024079	1139812	2163891	1.11
2023-12-21 12:30:00	1130215	1259913	2390128	1.11
2023-12-21 13:00:00	1206876	1356536	2563412	1.12
2023-12-21 13:30:00	1335245	1472343	2807588	1.1
2023-12-21 14:00:00	1429177	1590952	3020129	1.11
2023-12-21 14:30:00	1534858	1716884	3251742	1.12
2023-12-21 15:00:00	1789502	1946456	3735958	1.09
2023-12-21 15:15:00	1857085	2041121	3898206	1.1
2023-12-20 09:00:00	172586	262373	434959	1.52
2023-12-20 09:30:00	360689	497447	858136	1.38
2023-12-20 10:00:00	654903	712067	1366970	1.09
2023-12-20 10:30:00	1244745	950874	2195619	0.76
2023-12-20 11:00:00	1352164	1095486	2447650	0.81
2023-12-20 11:30:00	1460147	1203582	2663729	0.82
2023-12-20 12:00:00	1542721	1320535	2863256	0.86
2023-12-20 12:30:00	1644461	1429337	3073798	0.87
2023-12-20 13:00:00	1801898	1575163	3377061	0.87
2023-12-20 13:30:00	1926127	1735952	3662079	0.9
2023-12-20 14:00:00	2255682	2151944	4407626	0.95
2023-12-20 14:30:00	2512430	2519635	5032065	1.0
2023-12-20 15:00:00	1950231	1779101	3729332	0.91
2023-12-20 15:15:00	2055384	1942359	3997743	0.95
2023-12-19 09:00:00	227191	292937	520128	1.29
2023-12-19 09:30:00	403011	448536	851547	1.11
2023-12-19 10:00:00	550745	614529	1165274	1.12
2023-12-19 10:30:00	720183	778950	1499133	1.08
2023-12-19 11:00:00	875540	938526	1814066	1.07
2023-12-19 11:30:00	976528	1037253	2013781	1.06
2023-12-19 12:00:00	1042044	1110048	2152092	1.07
2023-12-19 12:30:00	1096482	1186527	2283009	1.08
2023-12-19 13:00:00	1176955	1281300	2458255	1.09
2023-12-19 13:30:00	1261874	1368574	2630448	1.08
2023-12-19 14:00:00	1388074	1454326	2842400	1.05
2023-12-19 14:30:00	1537887	1607879	3145766	1.05
2023-12-19 15:00:00	1731000	1790509	3521509	1.03
2023-12-19 15:15:00	1797480	1855394	3652874	1.03
2023-12-18 09:00:00	160406	235807	396213	1.47
2023-12-18 09:30:00	330521	385591	716112	1.17
2023-12-18 10:00:00	430579	524805	955384	1.22
2023-12-18 10:30:00	555009	712860	1267869	1.28
2023-12-18 11:00:00	651397	850575	1501972	1.31
2023-12-18 11:30:00	729646	981535	1711181	1.35
2023-12-18 12:00:00	862334	1105097	1967431	1.28
2023-12-18 12:30:00	537581	752745	1290326	1.4
2023-12-18 13:00:00	586859	803378	1390237	1.37
2023-12-18 13:30:00	678427	918799	1597226	1.35
2023-12-18 14:00:00	727173	984811	1711984	1.35
2023-12-18 14:30:00	788815	1052276	1841091	1.33
2023-12-18 15:00:00	1474412	1915506	3389918	1.3
2023-12-18 15:15:00	931537	1344902	2276439	1.44
2023-12-15 09:00:00	239157	329751	568908	1.38
2023-12-15 09:30:00	431316	506049	937365	1.17
2023-12-15 10:00:00	606627	671361	1277988	1.11
2023-12-15 10:30:00	816698	782532	1599230	0.96
2023-12-15 11:00:00	925485	914117	1839602	0.99
2023-12-15 11:30:00	1026331	1014206	2040537	0.99
2023-12-15 12:00:00	1121632	1161166	2282798	1.04
2023-12-15 12:30:00	1244850	1295832	2540682	1.04
2023-12-15 13:00:00	1477558	1479757	2957315	1.0
2023-12-15 13:30:00	1621937	1620304	3242241	1.0
2023-12-15 14:00:00	1729879	1733141	3463020	1.0
2023-12-15 14:30:00	1895937	1890671	3786608	1.0
2023-12-15 15:00:00	2181018	2145566	4326584	0.98
2023-12-15 15:15:00	2259197	2211908	4471105	0.98
2023-12-14 09:00:00	377032	408572	785604	1.08
2023-12-14 09:30:00	620623	649098	1269721	1.05
2023-12-14 10:00:00	992774	896200	1888974	0.9
2023-12-14 10:30:00	1143569	1073556	2217125	0.94
2023-12-14 11:00:00	1273778	1220010	2493788	0.96
2023-12-14 11:30:00	1415559	1412429	2827988	1.0
2023-12-14 12:00:00	1523273	1568878	3092151	1.03
2023-12-14 12:30:00	1716176	1732475	3448651	1.01
2023-12-14 13:00:00	1947234	2002068	3949302	1.03
2023-12-14 13:30:00	2093334	2186755	4280089	1.04
2023-12-14 14:00:00	2195427	2314863	4510290	1.05
2023-12-14 14:30:00	2392639	2539472	4932111	1.06
2023-12-14 15:00:00	2625787	2839819	5465606	1.08
2023-12-14 15:15:00	2667527	2942266	5609793	1.1
2023-12-13 09:00:00	192252	254164	446416	1.32
2023-12-13 09:30:00	331032	529713	860745	1.6
2023-12-13 10:00:00	484878	641235	1126113	1.32
2023-12-13 10:30:00	576844	742313	1319157	1.29
2023-12-13 11:00:00	685917	832865	1518782	1.21
2023-12-13 11:30:00	842782	924150	1766932	1.1
2023-12-13 12:00:00	968993	989020	1958013	1.02
2023-12-13 12:30:00	1136341	1061427	2197768	0.93
2023-12-13 13:00:00	1205565	1125403	2330968	0.93
2023-12-13 13:30:00	1475412	1371077	2846489	0.93
2023-12-13 14:00:00	1805994	1694836	3500830	0.94
2023-12-13 14:30:00	2239001	2035230	4274231	0.91
2023-12-13 15:00:00	2567252	2381643	4948895	0.93
2023-12-13 15:15:00	2667287	2486210	5153497	0.93
2023-12-12 09:00:00	242671	273911	516582	1.13
2023-12-12 09:30:00	393689	470244	863933	1.19
2023-12-12 10:00:00	538229	658450	1196679	1.22
2023-12-12 10:30:00	684739	821844	1506583	1.2
2023-12-12 11:00:00	785718	942147	1727865	1.2
2023-12-12 11:30:00	870199	1053537	1923736	1.21
2023-12-12 12:00:00	951941	1163458	2115399	1.22
2023-12-12 12:30:00	1062866	1273272	2336138	1.2
2023-12-12 13:00:00	1142967	1402744	2545711	1.23
2023-12-12 13:30:00	765675	997254	1762929	1.3
2023-12-12 14:00:00	882128	1158881	2041009	1.31
2023-12-12 14:30:00	968862	1315536	2284398	1.36
2023-12-12 15:00:00	1107295	1516282	2623577	1.37
2023-12-12 15:15:00	1166130	1591232	2757362	1.36
2023-12-11 09:00:00	197520	216156	413676	1.09
2023-12-11 09:30:00	318245	402553	720798	1.26
2023-12-11 10:00:00	461118	567042	1028160	1.23
2023-12-11 10:30:00	662367	723416	1385783	1.09
2023-12-11 11:00:00	738282	867883	1606165	1.18
2023-12-11 11:30:00	836500	960474	1796974	1.15
2023-12-11 12:00:00	910346	1042397	1952743	1.15
2023-12-11 12:30:00	1012357	1152169	2164526	1.14
2023-12-11 13:00:00	1112884	1239676	2352560	1.11
2023-12-11 13:30:00	1188717	1359944	2548661	1.14
2023-12-11 14:00:00	1297332	1449225	2746557	1.12
2023-12-11 14:30:00	1572147	1688139	3260286	1.07
2023-12-11 15:00:00	1746098	1911748	3657846	1.09
2023-12-11 15:15:00	1800126	1990857	3790983	1.11
2023-12-08 09:00:00	189863	220553	410416	1.16
2023-12-08 09:30:00	418905	428337	847242	1.02
2023-12-08 10:00:00	584551	637203	1221754	1.09
2023-12-08 10:30:00	761892	777000	1538892	1.02
2023-12-08 11:00:00	888361	928320	1816681	1.04
2023-12-08 11:30:00	1063491	1074289	2137780	1.01
2023-12-08 12:00:00	1146029	1162422	2308451	1.01
2023-12-08 12:30:00	1231789	1270890	2502679	1.03
2023-12-08 13:00:00	1290887	1367980	2658867	1.06
2023-12-08 13:30:00	1369402	1470827	2840229	1.07
2023-12-08 14:00:00	1511077	1649169	3160246	1.09
2023-12-08 14:30:00	1627364	1815928	3443292	1.12
2023-12-08 15:00:00	1813875	2091227	3905102	1.15
2023-12-08 15:15:00	1864556	2186053	4050609	1.17
2023-12-07 09:00:00	196510	289807	486317	1.47
2023-12-07 09:30:00	376280	460744	837024	1.22
2023-12-07 10:00:00	484185	602804	1086989	1.24
2023-12-07 10:30:00	640488	772439	1412927	1.21
2023-12-07 11:00:00	713007	924804	1637811	1.3
2023-12-07 11:30:00	823092	1033415	1856507	1.26
2023-12-07 12:00:00	979636	1128135	2107771	1.15
2023-12-07 12:30:00	1072317	1228745	2301062	1.15
2023-12-07 13:00:00	1132483	1311042	2443525	1.16
2023-12-07 13:30:00	1229453	1421695	2651148	1.16
2023-12-07 14:00:00	1318213	1533544	2851757	1.16
2023-12-07 14:30:00	1395274	1631374	3026648	1.17
2023-12-07 15:00:00	1531869	1795454	3327323	1.17
2023-12-07 15:15:00	1574721	1850102	3424823	1.17
2023-12-06 09:00:00	214399	250567	464966	1.17
2023-12-06 09:30:00	406166	459568	865734	1.13
2023-12-06 10:00:00	686493	575005	1261498	0.84
2023-12-06 10:30:00	782719	695438	1478157	0.89
2023-12-06 11:00:00	904073	812525	1716598	0.9
2023-12-06 11:30:00	969684	900751	1870435	0.93
2023-12-06 12:00:00	1054666	1008537	2063203	0.96
2023-12-06 12:30:00	1162874	1102173	2265047	0.95
2023-12-06 13:00:00	1220480	1169879	2390359	0.96
2023-12-06 13:30:00	1306638	1265948	2572586	0.97
2023-12-06 14:00:00	1408806	1355013	2763819	0.96
2023-12-06 14:30:00	1561531	1549647	3111178	0.99
2023-12-06 15:00:00	1743601	1781786	3525387	1.02
2023-12-06 15:15:00	1802229	1846073	3648302	1.02
2023-12-05 09:00:00	168341	173843	342184	1.03
2023-12-05 09:30:00	344129	377953	722082	1.1
2023-12-05 10:00:00	494038	567240	1061278	1.15
2023-12-05 10:30:00	661517	702611	1364128	1.06
2023-12-05 11:00:00	756571	873029	1629600	1.15
2023-12-05 11:30:00	811363	945183	1756546	1.16
2023-12-05 12:00:00	905299	1036747	1942046	1.15
2023-12-05 12:30:00	971367	1107304	2078671	1.14
2023-12-05 13:00:00	1054591	1169830	2224421	1.11
2023-12-05 13:30:00	544507	730918	1275425	1.34
2023-12-05 14:00:00	607112	782616	1389728	1.29
2023-12-05 14:30:00	670515	841048	1511563	1.25
2023-12-05 15:00:00	758462	935979	1694441	1.23
2023-12-05 15:15:00	791487	1003000	1794487	1.27
2023-12-04 09:00:00	205183	255918	461101	1.25
2023-12-04 09:30:00	392408	464032	856440	1.18
2023-12-04 10:00:00	565458	629455	1194913	1.11
2023-12-04 10:30:00	714163	744844	1459007	1.04
2023-12-04 11:00:00	812947	858541	1671488	1.06
2023-12-04 11:30:00	895706	959070	1854776	1.07
2023-12-04 12:00:00	963660	1037656	2001316	1.08
2023-12-04 12:30:00	1020754	1111550	2132304	1.09
2023-12-04 13:00:00	1073408	1198932	2272340	1.12
2023-12-04 13:30:00	1143941	1288974	2432915	1.13
2023-12-04 14:00:00	688388	810225	1498613	1.18
2023-12-04 14:30:00	789078	870367	1659445	1.1
2023-12-04 15:00:00	1604148	1664071	3268219	1.04
2023-12-04 15:15:00	1634190	1710581	3344771	1.05
2023-12-01 09:00:00	165060	177763	342823	1.08
2023-12-01 09:30:00	301479	344299	645778	1.14
2023-12-01 10:00:00	396983	483800	880783	1.22
2023-12-01 10:30:00	550885	647403	1198288	1.18
2023-12-01 11:00:00	747096	833321	1580417	1.12
2023-12-01 11:30:00	907869	991987	1899856	1.09
2023-12-01 12:00:00	1064172	1110282	2174454	1.04
2023-12-01 12:30:00	1290872	1220409	2511281	0.95
2023-12-01 13:00:00	1386837	1308144	2694981	0.94
2023-12-01 13:30:00	1520340	1405581	2925921	0.92
2023-12-01 14:00:00	1611937	1508389	3120326	0.94
2023-12-01 14:30:00	1738684	1663850	3402534	0.96
2023-12-01 15:00:00	1963125	1896632	3859757	0.97
2023-12-01 15:15:00	2028002	1993548	4021550	0.98
2023-11-30 09:00:00	194921	225443	420364	1.16
2023-11-30 09:30:00	408591	370983	779574	0.91
2023-11-30 10:00:00	737136	570725	1307861	0.77
2023-11-30 10:30:00	826002	663342	1489344	0.8
2023-11-30 11:00:00	919875	768672	1688547	0.84
2023-11-30 11:30:00	1005031	867182	1872213	0.86
2023-11-30 12:00:00	1095325	962961	2058286	0.88
2023-11-30 12:30:00	716222	548239	1264461	0.77
2023-11-30 13:00:00	747421	602040	1349461	0.81
2023-11-30 13:30:00	803234	676202	1479436	0.84
2023-11-30 14:00:00	863067	729550	1592617	0.85
2023-11-30 14:30:00	944110	803705	1747815	0.85
2023-11-30 15:00:00	1056058	934950	1991008	0.89
2023-11-30 15:15:00	1140913	1048444	2189357	0.92
2023-11-29 09:00:00	252500	245893	498393	0.97
2023-11-29 09:30:00	450499	492880	943379	1.09
2023-11-29 10:00:00	584160	619829	1203989	1.06
2023-11-29 10:30:00	749891	803088	1552979	1.07
2023-11-29 11:00:00	857671	896721	1754392	1.05
2023-11-29 11:30:00	934615	999556	1934171	1.07
2023-11-29 12:00:00	1029685	1085313	2114998	1.05
2023-11-29 12:30:00	1111495	1204680	2316175	1.08
2023-11-29 13:00:00	1273127	1290185	2563312	1.01
2023-11-29 13:30:00	758078	766555	1524633	1.01
2023-11-29 14:00:00	881427	872759	1754186	0.99
2023-11-29 14:30:00	1098504	972056	2070560	0.88
2023-11-29 15:00:00	1177553	1112087	2289640	0.94
2023-11-29 15:15:00	1243955	1209382	2453337	0.97
2023-11-28 09:00:00	171679	241052	412731	1.4
2023-11-28 09:30:00	309316	412811	722127	1.33
2023-11-28 10:00:00	478524	612146	1090670	1.28
2023-11-28 10:30:00	634978	762557	1397535	1.2
2023-11-28 11:00:00	820627	900402	1721029	1.1
2023-11-28 11:30:00	910879	1056186	1967065	1.16
2023-11-28 12:00:00	1028822	1177654	2206476	1.14
2023-11-28 12:30:00	1192960	1313966	2506926	1.1
2023-11-28 13:00:00	680084	837782	1517866	1.23
2023-11-28 13:30:00	709485	920920	1630405	1.3
2023-11-28 14:00:00	746876	966343	1713219	1.29
2023-11-28 14:30:00	815578	1046023	1861601	1.28
2023-11-28 15:00:00	1005162	1178386	2183548	1.17
2023-11-28 15:15:00	1039090	1234582	2273672	1.19
2023-11-27 09:00:00	170079	203015	373094	1.19
2023-11-27 09:30:00	298696	356550	655246	1.19
2023-11-27 10:00:00	400896	513025	913921	1.28
2023-11-27 10:30:00	497959	637775	1135734	1.28
2023-11-27 11:00:00	324915	491415	816330	1.51
2023-11-27 11:30:00	357037	529793	886830	1.48
2023-11-27 12:00:00	381446	568413	949859	1.49
2023-11-27 12:30:00	429694	647001	1076695	1.51
2023-11-27 13:00:00	906907	1092920	1999827	1.21
2023-11-27 13:30:00	550737	753945	1304682	1.37
2023-11-27 14:00:00	595035	841037	1436072	1.41
2023-11-27 14:30:00	646846	903260	1550106	1.4
2023-11-27 15:00:00	729118	1066154	1795272	1.46
2023-11-27 15:15:00	764643	1125786	1890429	1.47
2023-11-24 09:00:00	123902	177987	301889	1.44
2023-11-24 09:30:00	207777	288148	495925	1.39
2023-11-24 10:00:00	279954	387671	667625	1.38
2023-11-24 10:30:00	341750	484832	826582	1.42
2023-11-24 11:00:00	467848	582380	1050228	1.24
2023-11-24 11:30:00	540144	690618	1230762	1.28
2023-11-24 12:00:00	694269	889299	1583568	1.28
2023-11-24 12:30:00	719003	944573	1663576	1.31
2023-11-24 13:00:00	719003	944573	1663576	1.31
2023-11-24 13:30:00	719003	944573	1663576	1.31
2023-11-24 14:00:00	719003	944573	1663576	1.31
2023-11-24 14:30:00	719003	944573	1663576	1.31
2023-11-24 15:00:00	719003	944573	1663576	1.31
2023-11-24 15:15:00	719003	944573	1663576	1.31
2023-11-22 09:00:00	334930	283058	617988	0.85
2023-11-22 09:30:00	556934	453109	1010043	0.81
2023-11-22 10:00:00	732852	607119	1339971	0.83
2023-11-22 10:30:00	834115	699716	1533831	0.84
2023-11-22 11:00:00	954591	780174	1734765	0.82
2023-11-22 11:30:00	1054548	879962	1934510	0.83
2023-11-22 12:00:00	1135596	998899	2134495	0.88
2023-11-22 12:30:00	1231319	1092317	2323636	0.89
2023-11-22 13:00:00	1296860	1186793	2483653	0.92
2023-11-22 13:30:00	1366295	1279517	2645812	0.94
2023-11-22 14:00:00	1509582	1436526	2946108	0.95
2023-11-22 14:30:00	940831	931020	1871851	0.99
2023-11-22 15:00:00	1046673	1100099	2146772	1.05
2023-11-22 15:15:00	1073691	1155306	2228997	1.08
2023-11-21 09:00:00	153243	183779	337022	1.2
2023-11-21 09:30:00	277477	345246	622723	1.24
2023-11-21 10:00:00	438768	468595	907363	1.07
2023-11-21 10:30:00	496111	571081	1067192	1.15
2023-11-21 11:00:00	553845	673084	1226929	1.22
2023-11-21 11:30:00	685416	751409	1436825	1.1
2023-11-21 12:00:00	782390	855479	1637869	1.09
2023-11-21 12:30:00	850448	931974	1782422	1.1
2023-11-21 13:00:00	541310	657631	1198941	1.21
2023-11-21 13:30:00	601828	718832	1320660	1.19
2023-11-21 14:00:00	632176	762518	1394694	1.21
2023-11-21 14:30:00	790655	810201	1600856	1.02
2023-11-21 15:00:00	878607	939334	1817941	1.07
2023-11-21 15:15:00	936371	988889	1925260	1.06
2023-11-20 09:00:00	202987	244569	447556	1.2
2023-11-20 09:30:00	342920	416299	759219	1.21
2023-11-20 10:00:00	501551	535044	1036595	1.07
2023-11-20 10:30:00	629876	660766	1290642	1.05
2023-11-20 11:00:00	730912	814272	1545184	1.11
2023-11-20 11:30:00	801030	918963	1719993	1.15
2023-11-20 12:00:00	866782	995680	1862462	1.15
2023-11-20 12:30:00	1014977	1154403	2169380	1.14
2023-11-20 13:00:00	1118016	1292576	2410592	1.16
2023-11-20 13:30:00	710531	900330	1610861	1.27
2023-11-20 14:00:00	775689	976597	1752286	1.26
2023-11-20 14:30:00	853792	1070852	1924644	1.25
2023-11-20 15:00:00	957452	1274726	2232178	1.33
2023-11-20 15:15:00	996567	1339135	2335702	1.34
2023-11-17 09:00:00	289941	362696	652637	1.25
2023-11-17 09:30:00	494535	523718	1018253	1.06
2023-11-17 10:00:00	676065	692451	1368516	1.02
2023-11-17 10:30:00	787737	800889	1588626	1.02
2023-11-17 11:00:00	946051	925694	1871745	0.98
2023-11-17 11:30:00	1083581	1041429	2125010	0.96
2023-11-17 12:00:00	1145237	1117993	2263230	0.98
2023-11-17 12:30:00	1224304	1205147	2429451	0.98
2023-11-17 13:00:00	1304402	1286428	2590830	0.99
2023-11-17 13:30:00	1450695	1416963	2867658	0.98
2023-11-17 14:00:00	1651270	1579864	3231134	0.96
2023-11-17 14:30:00	1805071	1774582	3579653	0.98
2023-11-17 15:00:00	1961459	2020027	3981486	1.03
2023-11-17 15:15:00	2013026	2095839	4108865	1.04
2023-11-16 09:00:00	226540	270907	497447	1.2
2023-11-16 09:30:00	355041	447763	802804	1.26
2023-11-16 10:00:00	596707	644096	1240803	1.08
2023-11-16 10:30:00	743053	795430	1538483	1.07
2023-11-16 11:00:00	823508	906060	1729568	1.1
2023-11-16 11:30:00	906245	990575	1896820	1.09
2023-11-16 12:00:00	979125	1088032	2067157	1.11
2023-11-16 12:30:00	1061472	1169249	2230721	1.1
2023-11-16 13:00:00	1135575	1269534	2405109	1.12
2023-11-16 13:30:00	1235259	1377439	2612698	1.12
2023-11-16 14:00:00	1342345	1498931	2841276	1.12
2023-11-16 14:30:00	1431304	1627552	3058856	1.14
2023-11-16 15:00:00	1594463	1887951	3482414	1.18
2023-11-16 15:15:00	1641703	1958098	3599801	1.19
2023-11-14 09:00:00	468613	373718	842331	0.8
2023-11-14 09:30:00	735814	668018	1403832	0.91
2023-11-14 10:00:00	1030822	970200	2001022	0.94
2023-11-14 10:30:00	1234827	1170355	2405182	0.95
2023-11-14 11:00:00	1403013	1378701	2781714	0.98
2023-11-14 11:30:00	1556833	1628672	3185505	1.05
2023-11-14 12:00:00	1699098	1737079	3436177	1.02
2023-11-14 12:30:00	1812818	1837100	3649918	1.01
2023-11-14 13:00:00	1918601	1988665	3907266	1.04
2023-11-14 13:30:00	2040026	2160221	4200247	1.06
2023-11-14 14:00:00	2207483	2336037	4543520	1.06
2023-11-14 14:30:00	2374983	2548119	4923102	1.07
2023-11-14 15:00:00	2572424	2829592	5402016	1.1
2023-11-14 15:15:00	2617810	2909678	5527488	1.11
2023-11-13 09:00:00	183248	204766	388014	1.12
2023-11-13 09:30:00	348560	408097	756657	1.17
2023-11-13 10:00:00	460539	583749	1044288	1.27
2023-11-13 10:30:00	554972	690313	1245285	1.24
2023-11-13 11:00:00	722721	855837	1578558	1.18
2023-11-13 11:30:00	837876	977233	1815109	1.17
2023-11-13 12:00:00	923140	1059125	1982265	1.15
2023-11-13 12:30:00	992777	1136900	2129677	1.15
2023-11-13 13:00:00	1076254	1250785	2327039	1.16
2023-11-13 13:30:00	1162420	1341595	2504015	1.15
2023-11-13 14:00:00	1262448	1456381	2718829	1.15
2023-11-13 14:30:00	1350578	1586073	2936651	1.17
2023-11-13 15:00:00	1512406	1818052	3330458	1.2
2023-11-13 15:15:00	1581464	1927935	3509399	1.22
2023-11-10 09:00:00	186336	238963	425299	1.28
2023-11-10 09:30:00	353200	427342	780542	1.21
2023-11-10 10:00:00	461658	568022	1029680	1.23
2023-11-10 10:30:00	622675	764831	1387506	1.23
2023-11-10 11:00:00	712576	935008	1647584	1.31
2023-11-10 11:30:00	822631	1071144	1893775	1.3
2023-11-10 12:00:00	1009427	1232253	2241680	1.22
2023-11-10 12:30:00	1131205	1372698	2503903	1.21
2023-11-10 13:00:00	1303425	1513432	2816857	1.16
2023-11-10 13:30:00	1471064	1683521	3154585	1.14
2023-11-10 14:00:00	1569775	1808881	3378656	1.15
2023-11-10 14:30:00	1719777	1994245	3714022	1.16
2023-11-10 15:00:00	1942791	2307237	4250028	1.19
2023-11-10 15:15:00	2018769	2425728	4444497	1.2
2023-11-09 09:00:00	167885	285448	453333	1.7
2023-11-09 09:30:00	323732	484187	807919	1.5
2023-11-09 10:00:00	450534	586392	1036926	1.3
2023-11-09 10:30:00	544170	714553	1258723	1.31
2023-11-09 11:00:00	661875	811634	1473509	1.23
2023-11-09 11:30:00	716590	911980	1628570	1.27
2023-11-09 12:00:00	775897	973339	1749236	1.25
2023-11-09 12:30:00	450961	681506	1132467	1.51
2023-11-09 13:00:00	493877	742740	1236617	1.5
2023-11-09 13:30:00	585021	869270	1454291	1.49
2023-11-09 14:00:00	639847	959919	1599766	1.5
2023-11-09 14:30:00	745081	1045789	1790870	1.4
2023-11-09 15:00:00	843555	1201368	2044923	1.42
2023-11-09 15:15:00	890766	1284579	2175345	1.44
2023-11-08 09:00:00	243018	236226	479244	0.97
2023-11-08 09:30:00	411879	421871	833750	1.02
2023-11-08 10:00:00	532106	559438	1091544	1.05
2023-11-08 10:30:00	645591	667167	1312758	1.03
2023-11-08 11:00:00	726711	766110	1492821	1.05
2023-11-08 11:30:00	937490	917279	1854769	0.98
2023-11-08 12:00:00	1023196	986471	2009667	0.96
2023-11-08 12:30:00	1147415	1108443	2255858	0.97
2023-11-08 13:00:00	697181	661843	1359024	0.95
2023-11-08 13:30:00	742126	722600	1464726	0.97
2023-11-08 14:00:00	783976	776026	1560002	0.99
2023-11-08 14:30:00	829016	873790	1702806	1.05
2023-11-08 15:00:00	941279	1081035	2022314	1.15
2023-11-08 15:15:00	977303	1143147	2120450	1.17
2023-11-07 09:00:00	171369	235272	406641	1.37
2023-11-07 09:30:00	345900	419169	765069	1.21
2023-11-07 10:00:00	563545	589353	1152898	1.05
2023-11-07 10:30:00	667165	739254	1406419	1.11
2023-11-07 11:00:00	759272	871736	1631008	1.15
2023-11-07 11:30:00	836111	998014	1834125	1.19
2023-11-07 12:00:00	904924	1104409	2009333	1.22
2023-11-07 12:30:00	1049238	1203223	2252461	1.15
2023-11-07 13:00:00	1164756	1292322	2457078	1.11
2023-11-07 13:30:00	1229193	1370483	2599676	1.11
2023-11-07 14:00:00	758605	968964	1727569	1.28
2023-11-07 14:30:00	829169	1057025	1886194	1.27
2023-11-07 15:00:00	935611	1202299	2137910	1.29
2023-11-07 15:15:00	972354	1254839	2227193	1.29
2023-11-06 09:00:00	246651	351418	598069	1.42
2023-11-06 09:30:00	408373	570609	978982	1.4
2023-11-06 10:00:00	552650	696010	1248660	1.26
2023-11-06 10:30:00	625473	806933	1432406	1.29
2023-11-06 11:00:00	731735	949225	1680960	1.3
2023-11-06 11:30:00	877103	1121850	1998953	1.28
2023-11-06 12:00:00	970112	1213989	2184101	1.25
2023-11-06 12:30:00	1084476	1338679	2423155	1.23
2023-11-06 13:00:00	1151999	1440182	2592181	1.25
2023-11-06 13:30:00	1249781	1546416	2796197	1.24
2023-11-06 14:00:00	835425	1141026	1976451	1.37
2023-11-06 14:30:00	878040	1250792	2128832	1.42
2023-11-06 15:00:00	986658	1443292	2429950	1.46
2023-11-06 15:15:00	1042662	1522992	2565654	1.46
2023-11-03 09:00:00	390804	344530	735334	0.88
2023-11-03 09:30:00	672130	644457	1316587	0.96
2023-11-03 10:00:00	853129	887233	1740362	1.04
2023-11-03 10:30:00	1005951	1051501	2057452	1.05
2023-11-03 11:00:00	1203117	1252192	2455309	1.04
2023-11-03 11:30:00	1336738	1375426	2712164	1.03
2023-11-03 12:00:00	1475356	1536571	3011927	1.04
2023-11-03 12:30:00	1582066	1656686	3238752	1.05
2023-11-03 13:00:00	1684258	1816886	3501144	1.08
2023-11-03 13:30:00	1789881	1922880	3712761	1.07
2023-11-03 14:00:00	1914461	2079921	3994382	1.09
2023-11-03 14:30:00	2077063	2268161	4345224	1.09
2023-11-03 15:00:00	2280874	2521595	4802469	1.11
2023-11-03 15:15:00	2384265	2656190	5040455	1.11
2023-11-02 09:00:00	199658	220737	420395	1.11
2023-11-02 09:30:00	330592	361089	691681	1.09
2023-11-02 10:00:00	453474	503501	956975	1.11
2023-11-02 10:30:00	552766	623350	1176116	1.13
2023-11-02 11:00:00	663754	726270	1390024	1.09
2023-11-02 11:30:00	712884	782989	1495873	1.1
2023-11-02 12:00:00	767652	847933	1615585	1.1
2023-11-02 12:30:00	854755	952464	1807219	1.11
2023-11-02 13:00:00	943852	1052672	1996524	1.12
2023-11-02 13:30:00	1007891	1136007	2143898	1.13
2023-11-02 14:00:00	1074490	1205065	2279555	1.12
2023-11-02 14:30:00	1151319	1306904	2458223	1.14
2023-11-02 15:00:00	1338200	1602935	2941135	1.2
2023-11-02 15:15:00	1388092	1692565	3080657	1.22
2023-11-01 09:00:00	110247	149501	259748	1.36
2023-11-01 09:30:00	272360	292509	564869	1.07
2023-11-01 10:00:00	350182	373884	724066	1.07
2023-11-01 10:30:00	428802	446238	875040	1.04
2023-11-01 11:00:00	467991	487636	955627	1.04
2023-11-01 11:30:00	499620	564852	1064472	1.13
2023-11-01 12:00:00	552253	649661	1201914	1.18
2023-11-01 12:30:00	588242	703181	1291423	1.2
2023-11-01 13:00:00	620365	775396	1395761	1.25
2023-11-01 13:30:00	642722	839374	1482096	1.31
2023-11-01 14:00:00	705767	947442	1653209	1.34
2023-11-01 14:30:00	821156	1107939	1929095	1.35
2023-11-01 15:00:00	1016361	1365531	2381892	1.34
2023-11-01 15:15:00	1067017	1453785	2520802	1.36
2023-10-31 09:00:00	77111	92428	169539	1.2
2023-10-31 09:30:00	256821	165119	421940	0.64
2023-10-31 10:00:00	333326	230527	563853	0.69
2023-10-31 10:30:00	383502	300144	683646	0.78
2023-10-31 11:00:00	437103	339668	776771	0.78
2023-10-31 11:30:00	478281	375602	853883	0.79
2023-10-31 12:00:00	524447	468262	992709	0.89
2023-10-31 12:30:00	655520	532733	1188253	0.81
2023-10-31 13:00:00	710193	614868	1325061	0.87
2023-10-31 13:30:00	791187	743841	1535028	0.94
2023-10-31 14:00:00	848997	813994	1662991	0.96
2023-10-31 14:30:00	925363	936344	1861707	1.01
2023-10-31 15:00:00	1056320	1098685	2155005	1.04
2023-10-31 15:15:00	1124952	1190310	2315262	1.06
2023-10-30 09:00:00	107820	141869	249689	1.32
2023-10-30 09:30:00	209821	236181	446002	1.13
2023-10-30 10:00:00	266337	311288	577625	1.17
2023-10-30 10:30:00	350095	350815	700910	1.0
2023-10-30 11:00:00	398076	403666	801742	1.01
2023-10-30 11:30:00	432384	451111	883495	1.04
2023-10-30 12:00:00	473188	520330	993518	1.1
2023-10-30 12:30:00	523139	596556	1119695	1.14
2023-10-30 13:00:00	583122	702471	1285593	1.2
2023-10-30 13:30:00	631441	802048	1433489	1.27
2023-10-30 14:00:00	712894	910489	1623383	1.28
2023-10-30 14:30:00	1026402	1017943	2044345	0.99
2023-10-30 15:00:00	1134697	1237807	2372504	1.09
2023-10-30 15:15:00	1182199	1336975	2519174	1.13
2023-10-27 09:00:00	188088	243418	431506	1.29
2023-10-27 09:30:00	341530	417127	758657	1.22
2023-10-27 10:00:00	546248	662598	1208846	1.21
2023-10-27 10:30:00	663107	811992	1475099	1.22
2023-10-27 11:00:00	749025	961354	1710379	1.28
2023-10-27 11:30:00	827807	1102104	1929911	1.33
2023-10-27 12:00:00	921415	1250485	2171900	1.36
2023-10-27 12:30:00	1055534	1449096	2504630	1.37
2023-10-27 13:00:00	1159411	1593961	2753372	1.37
2023-10-27 13:30:00	1310590	1795103	3105693	1.37
2023-10-27 14:00:00	1477269	1980773	3458042	1.34
2023-10-27 14:30:00	1651035	2228251	3879286	1.35
2023-10-27 15:00:00	1850908	2550405	4401313	1.38
2023-10-27 15:15:00	2146864	2702194	4849058	1.26
2023-10-26 09:00:00	109873	143805	253678	1.31
2023-10-26 09:30:00	207155	289645	496800	1.4
2023-10-26 10:00:00	302602	418272	720874	1.38
2023-10-26 10:30:00	371547	499306	870853	1.34
2023-10-26 11:00:00	427736	598472	1026208	1.4
2023-10-26 11:30:00	514861	721143	1236004	1.4
2023-10-26 12:00:00	622499	845119	1467618	1.36
2023-10-26 12:30:00	689151	946903	1636054	1.37
2023-10-26 13:00:00	746863	1038851	1785714	1.39
2023-10-26 13:30:00	853000	1159674	2012674	1.36
2023-10-26 14:00:00	912462	1230435	2142897	1.35
2023-10-26 14:30:00	1009833	1338953	2348786	1.33
2023-10-26 15:00:00	1122453	1527381	2649834	1.36
2023-10-26 15:15:00	1185103	1615530	2800633	1.36
2023-10-25 09:00:00	102271	178631	280902	1.75
2023-10-25 09:30:00	161168	228286	389454	1.42
2023-10-25 10:00:00	279368	313742	593110	1.12
2023-10-25 10:30:00	477023	540407	1017430	1.13
2023-10-25 11:00:00	515590	609005	1124595	1.18
2023-10-25 11:30:00	478132	591619	1069751	1.24
2023-10-25 12:00:00	536341	685428	1221769	1.28
2023-10-25 12:30:00	574811	771930	1346741	1.34
2023-10-25 13:00:00	668104	887466	1555570	1.33
2023-10-25 13:30:00	731021	995742	1726763	1.36
2023-10-25 14:00:00	806225	1065103	1871328	1.32
2023-10-25 14:30:00	886756	1153198	2039954	1.3
2023-10-25 15:00:00	995076	1325027	2320103	1.33
2023-10-25 15:15:00	1042903	1399765	2442668	1.34
2023-10-24 09:00:00	86448	130436	216884	1.51
2023-10-24 09:30:00	158141	216718	374859	1.37
2023-10-24 10:00:00	208895	277898	486793	1.33
2023-10-24 10:30:00	285621	343277	628898	1.2
2023-10-24 11:00:00	353258	459833	813091	1.3
2023-10-24 11:30:00	415074	497474	912548	1.2
2023-10-24 12:00:00	456602	564036	1020638	1.24
2023-10-24 12:30:00	500496	603829	1104325	1.21
2023-10-24 13:00:00	534382	649013	1183395	1.21
2023-10-24 13:30:00	573251	730165	1303416	1.27
2023-10-24 14:00:00	646065	799478	1445543	1.24
2023-10-24 14:30:00	729636	912273	1641909	1.25
2023-10-24 15:00:00	816827	1053364	1870191	1.29
2023-10-24 15:15:00	872389	1108828	1981217	1.27
2023-10-23 09:00:00	271991	193594	465585	0.71
2023-10-23 09:30:00	412525	337167	749692	0.82
2023-10-23 10:00:00	476903	457849	934752	0.96
2023-10-23 10:30:00	561045	563527	1124572	1.0
2023-10-23 11:00:00	647018	644851	1291869	1.0
2023-10-23 11:30:00	892007	699885	1591892	0.78
2023-10-23 12:00:00	992501	773422	1765923	0.78
2023-10-23 12:30:00	1052052	834464	1886516	0.79
2023-10-23 13:00:00	1098648	901580	2000228	0.82
2023-10-23 13:30:00	1158298	964500	2122798	0.83
2023-10-23 14:00:00	1202873	1013678	2216551	0.84
2023-10-23 14:30:00	1260639	1108455	2369094	0.88
2023-10-23 15:00:00	1366874	1279883	2646757	0.94
2023-10-23 15:15:00	1416203	1356011	2772214	0.96
2023-10-20 09:00:00	280744	333195	613939	1.19
2023-10-20 09:30:00	518068	578834	1096902	1.12
2023-10-20 10:00:00	760890	805342	1566232	1.06
2023-10-20 10:30:00	896241	984976	1881217	1.1
2023-10-20 11:00:00	1143171	1204103	2347274	1.05
2023-10-20 11:30:00	1267121	1345983	2613104	1.06
2023-10-20 12:00:00	1390198	1533908	2924106	1.1
2023-10-20 12:30:00	1533135	1668958	3202093	1.09
2023-10-20 13:00:00	1623163	1795342	3418505	1.11
2023-10-20 13:30:00	1714581	1936495	3651076	1.13
2023-10-20 14:00:00	1834653	2089317	3923970	1.14
2023-10-20 14:30:00	1961881	2266323	4228204	1.16
2023-10-20 15:00:00	2168797	2538355	4707152	1.17
2023-10-20 15:15:00	2258136	2669884	4928020	1.18
2023-10-19 09:00:00	74070	156822	230892	2.12
2023-10-19 09:30:00	162232	265509	427741	1.64
2023-10-19 10:00:00	246070	353286	599356	1.44
2023-10-19 10:30:00	290925	433846	724771	1.49
2023-10-19 11:00:00	325253	490162	815415	1.51
2023-10-19 11:30:00	383431	609222	992653	1.59
2023-10-19 12:00:00	458610	722388	1180998	1.58
2023-10-19 12:30:00	536704	809965	1346669	1.51
2023-10-19 13:00:00	596824	884177	1481001	1.48
2023-10-19 13:30:00	657817	953349	1611166	1.45
2023-10-19 14:00:00	762121	1083012	1845133	1.42
2023-10-19 14:30:00	891788	1256222	2148010	1.41
2023-10-19 15:00:00	1037023	1458659	2495682	1.41
2023-10-19 15:15:00	1106639	1586426	2693065	1.43
2023-10-18 09:00:00	121743	230180	351923	1.89
2023-10-18 09:30:00	206523	367190	573713	1.78
2023-10-18 10:00:00	375494	528325	903819	1.41
2023-10-18 10:30:00	466461	643753	1110214	1.38
2023-10-18 11:00:00	513377	738430	1251807	1.44
2023-10-18 11:30:00	569060	855128	1424188	1.5
2023-10-18 12:00:00	727031	944777	1671808	1.3
2023-10-18 12:30:00	796499	1013696	1810195	1.27
2023-10-18 13:00:00	842323	1078291	1920614	1.28
2023-10-18 13:30:00	946350	1141178	2087528	1.21
2023-10-18 14:00:00	1016399	1227284	2243683	1.21
2023-10-18 14:30:00	1158434	1389080	2547514	1.2
2023-10-18 15:00:00	1313406	1573785	2887191	1.2
2023-10-18 15:15:00	1369420	1703352	3072772	1.24
2023-10-17 09:00:00	146677	191127	337804	1.3
2023-10-17 09:30:00	331033	310821	641854	0.94
2023-10-17 10:00:00	404986	398581	803567	0.98
2023-10-17 10:30:00	492288	483621	975909	0.98
2023-10-17 11:00:00	562121	548467	1110588	0.98
2023-10-17 11:30:00	666425	626762	1293187	0.94
2023-10-17 12:00:00	723093	702236	1425329	0.97
2023-10-17 12:30:00	755665	756490	1512155	1.0
2023-10-17 13:00:00	823252	913142	1736394	1.11
2023-10-17 13:30:00	900037	969264	1869301	1.08
2023-10-17 14:00:00	1048274	1037032	2085306	0.99
2023-10-17 14:30:00	1166953	1166111	2333064	1.0
2023-10-17 15:00:00	1292038	1346935	2638973	1.04
2023-10-17 15:15:00	1348265	1408781	2757046	1.04
2023-10-16 09:00:00	114444	215053	329497	1.88
2023-10-16 09:30:00	232818	376195	609013	1.62
2023-10-16 10:00:00	440336	520186	960522	1.18
2023-10-16 10:30:00	538731	617157	1155888	1.15
2023-10-16 11:00:00	624420	704933	1329353	1.13
2023-10-16 11:30:00	659583	757156	1416739	1.15
2023-10-16 12:00:00	772510	833113	1605623	1.08
2023-10-16 12:30:00	823270	907854	1731124	1.1
2023-10-16 13:00:00	870540	965090	1835630	1.11
2023-10-16 13:30:00	915590	1038745	1954335	1.13
2023-10-16 14:00:00	1006457	1106488	2112945	1.1
2023-10-16 14:30:00	1084396	1209938	2294334	1.12
2023-10-16 15:00:00	1209879	1415292	2625171	1.17
2023-10-16 15:15:00	1255832	1507859	2763691	1.2
2023-10-13 09:00:00	205165	258752	463917	1.26
2023-10-13 09:30:00	420063	450172	870235	1.07
2023-10-13 10:00:00	680779	646634	1327413	0.95
2023-10-13 10:30:00	864655	931074	1795729	1.08
2023-10-13 11:00:00	1077722	1174790	2252512	1.09
2023-10-13 11:30:00	1177645	1327747	2505392	1.13
2023-10-13 12:00:00	1364789	1520881	2885670	1.11
2023-10-13 12:30:00	1555079	1768782	3323861	1.14
2023-10-13 13:00:00	1928003	2210266	4138269	1.15
2023-10-13 13:30:00	2115521	2362820	4478341	1.12
2023-10-13 14:00:00	2466396	2706030	5172426	1.1
2023-10-13 14:30:00	2472530	2746522	5219052	1.11
2023-10-13 15:00:00	2686370	3045862	5732232	1.13
2023-10-13 15:15:00	2757170	3170606	5927776	1.15
2023-10-12 09:00:00	112104	177063	289167	1.58
2023-10-12 09:30:00	212502	270060	482562	1.27
2023-10-12 10:00:00	313036	348839	661875	1.11
2023-10-12 10:30:00	412174	437888	850062	1.06
2023-10-12 11:00:00	518694	489159	1007853	0.94
2023-10-12 11:30:00	646758	690772	1337530	1.07
2023-10-12 12:00:00	730079	821731	1551810	1.13
2023-10-12 12:30:00	833521	949043	1782564	1.14
2023-10-12 13:00:00	930089	1101284	2031373	1.18
2023-10-12 13:30:00	1102673	1259933	2362606	1.14
2023-10-12 14:00:00	1184340	1327945	2512285	1.12
2023-10-12 14:30:00	1256534	1404009	2660543	1.12
2023-10-12 15:00:00	1340981	1547740	2888721	1.15
2023-10-12 15:15:00	1373724	1621724	2995448	1.18
2023-10-11 09:00:00	81172	143766	224938	1.77
2023-10-11 09:30:00	153423	232269	385692	1.51
2023-10-11 10:00:00	268538	324052	592590	1.21
2023-10-11 10:30:00	321543	403153	724696	1.25
2023-10-11 11:00:00	378133	486243	864376	1.29
2023-10-11 11:30:00	447472	570324	1017796	1.27
2023-10-11 12:00:00	485770	651339	1137109	1.34
2023-10-11 12:30:00	516655	718272	1234927	1.39
2023-10-11 13:00:00	555655	771407	1327062	1.39
2023-10-11 13:30:00	614169	824382	1438551	1.34
2023-10-11 14:00:00	658463	900312	1558775	1.37
2023-10-11 14:30:00	733751	992595	1726346	1.35
2023-10-11 15:00:00	843432	1168285	2011717	1.39
2023-10-11 15:15:00	906992	1268048	2175040	1.4
2023-10-10 09:00:00	134328	144095	278423	1.07
2023-10-10 09:30:00	349657	344597	694254	0.99
2023-10-10 10:00:00	463122	478137	941259	1.03
2023-10-10 10:30:00	582871	635275	1218146	1.09
2023-10-10 11:00:00	694694	724171	1418865	1.04
2023-10-10 11:30:00	782400	795925	1578325	1.02
2023-10-10 12:00:00	891277	858677	1749954	0.96
2023-10-10 12:30:00	955885	942446	1898331	0.99
2023-10-10 13:00:00	1005617	1009977	2015594	1.0
2023-10-10 13:30:00	1063193	1066888	2130081	1.0
2023-10-10 14:00:00	1117541	1163632	2281173	1.04
2023-10-10 14:30:00	1175984	1242497	2418481	1.06
2023-10-10 15:00:00	1262793	1409576	2672369	1.12
2023-10-10 15:15:00	1343233	1472302	2815535	1.1
2023-10-09 09:00:00	107092	157840	264932	1.47
2023-10-09 09:30:00	162754	237924	400678	1.46
2023-10-09 10:00:00	233925	305109	539034	1.3
2023-10-09 10:30:00	292441	448490	740931	1.53
2023-10-09 11:00:00	356434	521404	877838	1.46
2023-10-09 11:30:00	489222	596428	1085650	1.22
2023-10-09 12:00:00	511337	664143	1175480	1.3
2023-10-09 12:30:00	545746	778724	1324470	1.43
2023-10-09 13:00:00	647738	883005	1530743	1.36
2023-10-09 13:30:00	730410	990607	1721017	1.36
2023-10-09 14:00:00	789468	1094066	1883534	1.39
2023-10-09 14:30:00	871585	1178707	2050292	1.35
2023-10-09 15:00:00	958896	1369113	2328009	1.43
2023-10-09 15:15:00	1000341	1448337	2448678	1.45
2023-10-06 09:00:00	239672	292499	532171	1.22
2023-10-06 09:30:00	426851	522208	949059	1.22
2023-10-06 10:00:00	606867	733043	1339910	1.21
2023-10-06 10:30:00	773163	914619	1687782	1.18
2023-10-06 11:00:00	1024762	1182942	2207704	1.15
2023-10-06 11:30:00	1216576	1401231	2617807	1.15
2023-10-06 12:00:00	1341727	1530878	2872605	1.14
2023-10-06 12:30:00	1456205	1653180	3109385	1.14
2023-10-06 13:00:00	1562981	1790108	3353089	1.15
2023-10-06 13:30:00	1689997	1911427	3601424	1.13
2023-10-06 14:00:00	1851133	2089330	3940463	1.13
2023-10-06 14:30:00	2062283	2271852	4334135	1.1
2023-10-06 15:00:00	2269341	2539042	4808383	1.12
2023-10-06 15:15:00	2334459	2630209	4964668	1.13
2023-10-05 09:00:00	177932	330994	508926	1.86
2023-10-05 09:30:00	235396	427282	662678	1.82
2023-10-05 10:00:00	294707	531281	825988	1.8
2023-10-05 10:30:00	364636	709274	1073910	1.95
2023-10-05 11:00:00	394300	793180	1187480	2.01
2023-10-05 11:30:00	447433	907810	1355243	2.03
2023-10-05 12:00:00	472408	951373	1423781	2.01
2023-10-05 12:30:00	502256	1006349	1508605	2.0
2023-10-05 13:00:00	588151	1062731	1650882	1.81
2023-10-05 13:30:00	627146	1114048	1741194	1.78
2023-10-05 14:00:00	680383	1196110	1876493	1.76
2023-10-05 14:30:00	727368	1277488	2004856	1.76
2023-10-05 15:00:00	796183	1456675	2252858	1.83
2023-10-05 15:15:00	851172	1535553	2386725	1.8
2023-10-04 09:00:00	103219	175393	278612	1.7
2023-10-04 09:30:00	206933	301146	508079	1.46
2023-10-04 10:00:00	288585	508235	796820	1.76
2023-10-04 10:30:00	358106	570151	928257	1.59
2023-10-04 11:00:00	411487	690678	1102165	1.68
2023-10-04 11:30:00	448624	817382	1266006	1.82
2023-10-04 12:00:00	489115	867993	1357108	1.77
2023-10-04 12:30:00	551282	949946	1501228	1.72
2023-10-04 13:00:00	600990	1010910	1611900	1.68
2023-10-04 13:30:00	628423	1068666	1697089	1.7
2023-10-04 14:00:00	692079	1159395	1851474	1.68
2023-10-04 14:30:00	784089	1288378	2072467	1.64
2023-10-04 15:00:00	920162	1486881	2407043	1.62
2023-10-04 15:15:00	979422	1595228	2574650	1.63
2023-10-03 09:00:00	144293	126533	270826	0.88
2023-10-03 09:30:00	270362	280660	551022	1.04
2023-10-03 10:00:00	415206	423236	838442	1.02
2023-10-03 10:30:00	522036	585696	1107732	1.12
2023-10-03 11:00:00	616381	791699	1408080	1.28
2023-10-03 11:30:00	701522	897476	1598998	1.28
2023-10-03 12:00:00	744215	969620	1713835	1.3
2023-10-03 12:30:00	835539	1057234	1892773	1.27
2023-10-03 13:00:00	885727	1145429	2031156	1.29
2023-10-03 13:30:00	1044741	1333208	2377949	1.28
2023-10-03 14:00:00	1138668	1450568	2589236	1.27
2023-10-03 14:30:00	1238009	1563334	2801343	1.26
2023-10-03 15:00:00	1462698	1861779	3324477	1.27
2023-10-03 15:15:00	1505091	1922555	3427646	1.28
2023-10-02 09:00:00	100152	156440	256592	1.56
2023-10-02 09:30:00	201830	301272	503102	1.49
2023-10-02 10:00:00	236401	357900	594301	1.51
2023-10-02 10:30:00	294409	415338	709747	1.41
2023-10-02 11:00:00	339608	489833	829441	1.44
2023-10-02 11:30:00	380921	570622	951543	1.5
2023-10-02 12:00:00	425033	634229	1059262	1.49
2023-10-02 12:30:00	463578	700229	1163807	1.51
2023-10-02 13:00:00	516469	764353	1280822	1.48
2023-10-02 13:30:00	595715	822275	1417990	1.38
2023-10-02 14:00:00	653549	905597	1559146	1.39
2023-10-02 14:30:00	714728	999775	1714503	1.4
2023-10-02 15:00:00	816225	1167982	1984207	1.43
2023-10-02 15:15:00	878873	1238207	2117080	1.41
2023-09-29 09:00:00	226776	304248	531024	1.34
2023-09-29 09:30:00	385406	504050	889456	1.31
2023-09-29 10:00:00	503598	686092	1189690	1.36
2023-09-29 10:30:00	672677	814911	1487588	1.21
2023-09-29 11:00:00	808708	987595	1796303	1.22
2023-09-29 11:30:00	917931	1095079	2013010	1.19
2023-09-29 12:00:00	1006210	1215194	2221404	1.21
2023-09-29 12:30:00	1154027	1391061	2545088	1.21
2023-09-29 13:00:00	1244418	1504082	2748500	1.21
2023-09-29 13:30:00	1354736	1663800	3018536	1.23
2023-09-29 14:00:00	1574021	1884948	3458969	1.2
2023-09-29 14:30:00	1708178	2173403	3881581	1.27
2023-09-29 15:00:00	2027712	2536679	4564391	1.25
2023-09-29 15:15:00	2208765	2795613	5004378	1.27
2023-09-28 09:00:00	88614	139048	227662	1.57
2023-09-28 09:30:00	221726	216168	437894	0.97
2023-09-28 10:00:00	461568	326224	787792	0.71
2023-09-28 10:30:00	549354	400454	949808	0.73
2023-09-28 11:00:00	645002	497463	1142465	0.77
2023-09-28 11:30:00	732005	567649	1299654	0.78
2023-09-28 12:00:00	792729	640234	1432963	0.81
2023-09-28 12:30:00	839175	671374	1510549	0.8
2023-09-28 13:00:00	878256	726041	1604297	0.83
2023-09-28 13:30:00	902876	776593	1679469	0.86
2023-09-28 14:00:00	992920	839033	1831953	0.85
2023-09-28 14:30:00	1064553	947711	2012264	0.89
2023-09-28 15:00:00	1172384	1144581	2316965	0.98
2023-09-28 15:15:00	1211571	1217161	2428732	1.0
2023-09-27 09:00:00	127352	271164	398516	2.13
2023-09-27 09:30:00	214955	390786	605741	1.82
2023-09-27 10:00:00	291051	484343	775394	1.66
2023-09-27 10:30:00	336688	564769	901457	1.68
2023-09-27 11:00:00	541559	619015	1160574	1.14
2023-09-27 11:30:00	593887	792676	1386563	1.33
2023-09-27 12:00:00	643358	858867	1502225	1.33
2023-09-27 12:30:00	706933	942928	1649861	1.33
2023-09-27 13:00:00	803457	1057468	1860925	1.32
2023-09-27 13:30:00	1088137	1325159	2413296	1.22
2023-09-27 14:00:00	1171377	1451442	2622819	1.24
2023-09-27 14:30:00	1255778	1581157	2836935	1.26
2023-09-27 15:00:00	1267995	1625364	2893359	1.28
2023-09-27 15:15:00	1303676	1723646	3027322	1.32
2023-09-26 09:00:00	102595	152067	254662	1.48
2023-09-26 09:30:00	233316	299482	532798	1.28
2023-09-26 10:00:00	310197	424313	734510	1.37
2023-09-26 10:30:00	373005	508099	881104	1.36
2023-09-26 11:00:00	488529	596569	1085098	1.22
2023-09-26 11:30:00	545153	708473	1253626	1.3
2023-09-26 12:00:00	592810	773315	1366125	1.3
2023-09-26 12:30:00	652859	829600	1482459	1.27
2023-09-26 13:00:00	766604	922082	1688686	1.2
2023-09-26 13:30:00	845842	1094757	1940599	1.29
2023-09-26 14:00:00	935560	1188445	2124005	1.27
2023-09-26 14:30:00	1094223	1341713	2435936	1.23
2023-09-26 15:00:00	1298261	1604098	2902359	1.24
2023-09-26 15:15:00	1358954	1740761	3099715	1.28
2023-09-25 09:00:00	115660	187170	302830	1.62
2023-09-25 09:30:00	189324	314216	503540	1.66
2023-09-25 10:00:00	317978	383974	701952	1.21
2023-09-25 10:30:00	389737	478247	867984	1.23
2023-09-25 11:00:00	466242	547959	1014201	1.18
2023-09-25 11:30:00	555452	584690	1140142	1.05
2023-09-25 12:00:00	584051	649172	1233223	1.11
2023-09-25 12:30:00	609882	717837	1327719	1.18
2023-09-25 13:00:00	629149	748802	1377951	1.19
2023-09-25 13:30:00	755497	788022	1543519	1.04
2023-09-25 14:00:00	786312	827893	1614205	1.05
2023-09-25 14:30:00	871152	909621	1780773	1.04
2023-09-25 15:00:00	946650	1078926	2025576	1.14
2023-09-25 15:15:00	985277	1151171	2136448	1.17
2023-09-22 09:00:00	228398	287569	515967	1.26
2023-09-22 09:30:00	421229	502027	923256	1.19
2023-09-22 10:00:00	544806	670142	1214948	1.23
2023-09-22 10:30:00	747660	804145	1551805	1.08
2023-09-22 11:00:00	885502	985167	1870669	1.11
2023-09-22 11:30:00	951610	1062740	2014350	1.12
2023-09-22 12:00:00	1017733	1150955	2168688	1.13
2023-09-22 12:30:00	1087025	1255730	2342755	1.16
2023-09-22 13:00:00	1207384	1402040	2609424	1.16
2023-09-22 13:30:00	1312344	1558608	2870952	1.19
2023-09-22 14:00:00	1428019	1717015	3145034	1.2
2023-09-22 14:30:00	1601247	1924431	3525678	1.2
2023-09-22 15:00:00	1813007	2291395	4104402	1.26
2023-09-22 15:15:00	1880214	2401775	4281989	1.28
2023-09-21 09:00:00	204845	188729	393574	0.92
2023-09-21 09:30:00	392950	377281	770231	0.96
2023-09-21 10:00:00	558814	528637	1087451	0.95
2023-09-21 10:30:00	670038	677495	1347533	1.01
2023-09-21 11:00:00	757932	755350	1513282	1.0
2023-09-21 11:30:00	811072	808205	1619277	1.0
2023-09-21 12:00:00	908132	931008	1839140	1.03
2023-09-21 12:30:00	948160	983754	1931914	1.04
2023-09-21 13:00:00	988771	1054351	2043122	1.07
2023-09-21 13:30:00	1038522	1152953	2191475	1.11
2023-09-21 14:00:00	1095044	1260021	2355065	1.15
2023-09-21 14:30:00	1208137	1462530	2670667	1.21
2023-09-21 15:00:00	1345455	1721188	3066643	1.28
2023-09-21 15:15:00	1418880	1904549	3323429	1.34
2023-09-20 09:00:00	82344	199533	281877	2.42
2023-09-20 09:30:00	194524	275698	470222	1.42
2023-09-20 10:00:00	266795	344633	611428	1.29
2023-09-20 10:30:00	342156	398411	740567	1.16
2023-09-20 11:00:00	432385	437467	869852	1.01
2023-09-20 11:30:00	477596	475060	952656	0.99
2023-09-20 12:00:00	536470	519174	1055644	0.97
2023-09-20 12:30:00	627941	588497	1216438	0.94
2023-09-20 13:00:00	658831	627729	1286560	0.95
2023-09-20 13:30:00	691913	684979	1376892	0.99
2023-09-20 14:00:00	737691	750763	1488454	1.02
2023-09-20 14:30:00	854844	845756	1700600	0.99
2023-09-20 15:00:00	986442	1073327	2059769	1.09
2023-09-20 15:15:00	1049735	1172567	2222302	1.12
2023-09-19 09:00:00	162345	141538	303883	0.87
2023-09-19 09:30:00	341644	279946	621590	0.82
2023-09-19 10:00:00	424496	389696	814192	0.92
2023-09-19 10:30:00	492632	454293	946925	0.92
2023-09-19 11:00:00	560809	508949	1069758	0.91
2023-09-19 11:30:00	601349	567173	1168522	0.94
2023-09-19 12:00:00	723458	627701	1351159	0.87
2023-09-19 12:30:00	826137	702491	1528628	0.85
2023-09-19 13:00:00	889136	755687	1644823	0.85
2023-09-19 13:30:00	943473	804314	1747787	0.85
2023-09-19 14:00:00	1021452	924023	1945475	0.9
2023-09-19 14:30:00	1223057	1096873	2319930	0.9
2023-09-19 15:00:00	1360442	1234455	2594897	0.91
2023-09-19 15:15:00	1469821	1333216	2803037	0.91
2023-09-18 09:00:00	95267	150232	245499	1.58
2023-09-18 09:30:00	191493	218554	410047	1.14
2023-09-18 10:00:00	251248	279306	530554	1.11
2023-09-18 10:30:00	298323	319234	617557	1.07
2023-09-18 11:00:00	410604	401603	812207	0.98
2023-09-18 11:30:00	464867	472701	937568	1.02
2023-09-18 12:00:00	503490	519597	1023087	1.03
2023-09-18 12:30:00	536211	567072	1103283	1.06
2023-09-18 13:00:00	566518	596084	1162602	1.05
2023-09-18 13:30:00	592606	655772	1248378	1.11
2023-09-18 14:00:00	648709	714954	1363663	1.1
2023-09-18 14:30:00	688755	777992	1466747	1.13
2023-09-18 15:00:00	802404	952907	1755311	1.19
2023-09-18 15:15:00	837546	1005403	1842949	1.2
2023-09-15 09:00:00	237819	296021	533840	1.24
2023-09-15 09:30:00	456350	507908	964258	1.11
2023-09-15 10:00:00	698454	739705	1438159	1.06
2023-09-15 10:30:00	904434	933621	1838055	1.03
2023-09-15 11:00:00	1032056	1064282	2096338	1.03
2023-09-15 11:30:00	1115913	1134434	2250347	1.02
2023-09-15 12:00:00	1190545	1217312	2407857	1.02
2023-09-15 12:30:00	1406455	1427409	2833864	1.01
2023-09-15 13:00:00	1560308	1570299	3130607	1.01
2023-09-15 13:30:00	1642420	1704458	3346878	1.04
2023-09-15 14:00:00	1772718	1870467	3643185	1.06
2023-09-15 14:30:00	1873566	1999140	3872706	1.07
2023-09-15 15:00:00	2060197	2294624	4354821	1.11
2023-09-15 15:15:00	2376899	2461352	4838251	1.04
2023-09-14 09:00:00	120883	155106	275989	1.28
2023-09-14 09:30:00	182007	245354	427361	1.35
2023-09-14 10:00:00	269060	348288	617348	1.29
2023-09-14 10:30:00	395960	458510	854470	1.16
2023-09-14 11:00:00	443809	526737	970546	1.19
2023-09-14 11:30:00	507546	633169	1140715	1.25
2023-09-14 12:00:00	573264	698526	1271790	1.22
2023-09-14 12:30:00	603282	751731	1355013	1.25
2023-09-14 13:00:00	659458	821568	1481026	1.25
2023-09-14 13:30:00	740119	867371	1607490	1.17
2023-09-14 14:00:00	824062	927703	1751765	1.13
2023-09-14 14:30:00	899473	1037063	1936536	1.15
2023-09-14 15:00:00	1057669	1203029	2260698	1.14
2023-09-14 15:15:00	1104179	1287213	2391392	1.17
2023-09-13 09:00:00	113815	141966	255781	1.25
2023-09-13 09:30:00	376474	257574	634048	0.68
2023-09-13 10:00:00	432787	355171	787958	0.82
2023-09-13 10:30:00	505739	507896	1013635	1.0
2023-09-13 11:00:00	602767	692925	1295692	1.15
2023-09-13 11:30:00	665507	809153	1474660	1.22
2023-09-13 12:00:00	727774	891436	1619210	1.22
2023-09-13 12:30:00	765754	936441	1702195	1.22
2023-09-13 13:00:00	854893	1008677	1863570	1.18
2023-09-13 13:30:00	888515	1049999	1938514	1.18
2023-09-13 14:00:00	929274	1138800	2068074	1.23
2023-09-13 14:30:00	1009884	1259397	2269281	1.25
2023-09-13 15:00:00	1135637	1410092	2545729	1.24
2023-09-13 15:15:00	1177003	1475631	2652634	1.25
2023-09-12 09:00:00	85304	104747	190051	1.23
2023-09-12 09:30:00	145966	179710	325676	1.23
2023-09-12 10:00:00	201435	226856	428291	1.13
2023-09-12 10:30:00	245942	289625	535567	1.18
2023-09-12 11:00:00	285723	340742	626465	1.19
2023-09-12 11:30:00	320042	384030	704072	1.2
2023-09-12 12:00:00	361756	408216	769972	1.13
2023-09-12 12:30:00	407422	459452	866874	1.13
2023-09-12 13:00:00	471212	508878	980090	1.08
2023-09-12 13:30:00	535137	597743	1132880	1.12
2023-09-12 14:00:00	591380	645627	1237007	1.09
2023-09-12 14:30:00	670556	719286	1389842	1.07
2023-09-12 15:00:00	764144	840708	1604852	1.1
2023-09-12 15:15:00	810997	903857	1714854	1.11
2023-09-11 09:00:00	186061	225720	411781	1.21
2023-09-11 09:30:00	313143	353798	666941	1.13
2023-09-11 10:00:00	401824	468437	870261	1.17
2023-09-11 10:30:00	518432	616437	1134869	1.19
2023-09-11 11:00:00	579321	699949	1279270	1.21
2023-09-11 11:30:00	672515	813262	1485777	1.21
2023-09-11 12:00:00	740701	874870	1615571	1.18
2023-09-11 12:30:00	807006	977558	1784564	1.21
2023-09-11 13:00:00	875941	1083929	1959870	1.24
2023-09-11 13:30:00	938218	1177562	2115780	1.26
2023-09-11 14:00:00	988778	1279404	2268182	1.29
2023-09-11 14:30:00	1088715	1409701	2498416	1.29
2023-09-11 15:00:00	1317086	1600165	2917251	1.21
2023-09-11 15:15:00	1393823	1674678	3068501	1.2
2023-09-08 09:00:00	188798	211357	400155	1.12
2023-09-08 09:30:00	326447	393484	719931	1.21
2023-09-08 10:00:00	445769	554215	999984	1.24
2023-09-08 10:30:00	523134	665042	1188176	1.27
2023-09-08 11:00:00	635159	785941	1421100	1.24
2023-09-08 11:30:00	708756	873680	1582436	1.23
2023-09-08 12:00:00	791448	965321	1756769	1.22
2023-09-08 12:30:00	865892	1068845	1934737	1.23
2023-09-08 13:00:00	929608	1131937	2061545	1.22
2023-09-08 13:30:00	1026962	1269285	2296247	1.24
2023-09-08 14:00:00	1099086	1387233	2486319	1.26
2023-09-08 14:30:00	1203370	1514540	2717910	1.26
2023-09-08 15:00:00	1335657	1716087	3051744	1.28
2023-09-08 15:15:00	1404933	1822528	3227461	1.3
2023-09-07 09:00:00	117311	193693	311004	1.65
2023-09-07 09:30:00	193296	298366	491662	1.54
2023-09-07 10:00:00	259961	397339	657300	1.53
2023-09-07 10:30:00	301445	439384	740829	1.46
2023-09-07 11:00:00	363502	528037	891539	1.45
2023-09-07 11:30:00	401665	570778	972443	1.42
2023-09-07 12:00:00	599465	679581	1279046	1.13
2023-09-07 12:30:00	557419	683098	1240517	1.23
2023-09-07 13:00:00	579357	727608	1306965	1.26
2023-09-07 13:30:00	608318	783988	1392306	1.29
2023-09-07 14:00:00	646917	838918	1485835	1.3
2023-09-07 14:30:00	693825	892624	1586449	1.29
2023-09-07 15:00:00	788102	1022618	1810720	1.3
2023-09-07 15:15:00	826925	1124865	1951790	1.36
2023-09-06 09:00:00	91533	104700	196233	1.14
2023-09-06 09:30:00	208708	239455	448163	1.15
2023-09-06 10:00:00	292033	351814	643847	1.2
2023-09-06 10:30:00	341708	458165	799873	1.34
2023-09-06 11:00:00	393634	510488	904122	1.3
2023-09-06 11:30:00	441797	609614	1051411	1.38
2023-09-06 12:00:00	530985	698648	1229633	1.32
2023-09-06 12:30:00	592473	777749	1370222	1.31
2023-09-06 13:00:00	621772	818520	1440292	1.32
2023-09-06 13:30:00	702371	894230	1596601	1.27
2023-09-06 14:00:00	728416	950551	1678967	1.3
2023-09-06 14:30:00	781324	1014557	1795881	1.3
2023-09-06 15:00:00	860111	1161343	2021454	1.35
2023-09-06 15:15:00	882764	1220627	2103391	1.38
2023-09-05 09:00:00	89263	102016	191279	1.14
2023-09-05 09:30:00	158208	168959	327167	1.07
2023-09-05 10:00:00	214657	222528	437185	1.04
2023-09-05 10:30:00	269192	271059	540251	1.01
2023-09-05 11:00:00	295582	319027	614609	1.08
2023-09-05 11:30:00	343842	368679	712521	1.07
2023-09-05 12:00:00	374530	427936	802466	1.14
2023-09-05 12:30:00	405811	491505	897316	1.21
2023-09-05 13:00:00	432193	542138	974331	1.25
2023-09-05 13:30:00	467176	595429	1062605	1.27
2023-09-05 14:00:00	526712	659406	1186118	1.25
2023-09-05 14:30:00	578531	776884	1355415	1.34
2023-09-05 15:00:00	669693	915145	1584838	1.37
2023-09-05 15:15:00	728407	985289	1713696	1.35
2023-09-01 09:00:00	234370	312506	546876	1.33
2023-09-01 09:30:00	403426	471425	874851	1.17
2023-09-01 10:00:00	521329	630881	1152210	1.21
2023-09-01 10:30:00	627857	777451	1405308	1.24
2023-09-01 11:00:00	759822	936716	1696538	1.23
2023-09-01 11:30:00	852184	1048270	1900454	1.23
2023-09-01 12:00:00	930471	1144119	2074590	1.23
2023-09-01 12:30:00	1004674	1228618	2233292	1.22
2023-09-01 13:00:00	1070002	1300961	2370963	1.22
2023-09-01 13:30:00	1142455	1441391	2583846	1.26
2023-09-01 14:00:00	1201171	1536679	2737850	1.28
2023-09-01 14:30:00	1275763	1682222	2957985	1.32
2023-09-01 15:00:00	1395787	1905828	3301615	1.37
2023-09-01 15:15:00	1427976	1971542	3399518	1.38
2023-08-31 09:00:00	84489	105434	189923	1.25
2023-08-31 09:30:00	215952	207109	423061	0.96
2023-08-31 10:00:00	515510	280672	796182	0.54
2023-08-31 10:30:00	561249	356867	918116	0.64
2023-08-31 11:00:00	620397	405169	1025566	0.65
2023-08-31 11:30:00	684788	450109	1134897	0.66
2023-08-31 12:00:00	753110	499319	1252429	0.66
2023-08-31 12:30:00	771138	554877	1326015	0.72
2023-08-31 13:00:00	832846	615666	1448512	0.74
2023-08-31 13:30:00	871965	696344	1568309	0.8
2023-08-31 14:00:00	950782	791759	1742541	0.83
2023-08-31 14:30:00	992576	871182	1863758	0.88
2023-08-31 15:00:00	1094312	1041199	2135511	0.95
2023-08-31 15:15:00	1123791	1109378	2233169	0.99
2023-08-30 09:00:00	127223	145064	272287	1.14
2023-08-30 09:30:00	297345	258801	556146	0.87
2023-08-30 10:00:00	343507	320419	663926	0.93
2023-08-30 10:30:00	381352	379306	760658	0.99
2023-08-30 11:00:00	430756	488606	919362	1.13
2023-08-30 11:30:00	477954	538896	1016850	1.13
2023-08-30 12:00:00	539715	646754	1186469	1.2
2023-08-30 12:30:00	570903	704729	1275632	1.23
2023-08-30 13:00:00	597606	744544	1342150	1.25
2023-08-30 13:30:00	649023	821018	1470041	1.27
2023-08-30 14:00:00	684125	870017	1554142	1.27
2023-08-30 14:30:00	753656	952386	1706042	1.26
2023-08-30 15:00:00	844076	1147337	1991413	1.36
2023-08-30 15:15:00	916213	1215084	2131297	1.33
2023-08-29 09:00:00	84379	117475	201854	1.39
2023-08-29 09:30:00	178065	245870	423935	1.38
2023-08-29 10:00:00	269978	360198	630176	1.33
2023-08-29 10:30:00	317791	410882	728673	1.29
2023-08-29 11:00:00	526922	497696	1024618	0.94
2023-08-29 11:30:00	593623	570074	1163697	0.96
2023-08-29 12:00:00	659260	620758	1280018	0.94
2023-08-29 12:30:00	700054	671911	1371965	0.96
2023-08-29 13:00:00	741595	759496	1501091	1.02
2023-08-29 13:30:00	776468	815930	1592398	1.05
2023-08-29 14:00:00	856822	907512	1764334	1.06
2023-08-29 14:30:00	976400	1005192	1981592	1.03
2023-08-29 15:00:00	1102786	1159278	2262064	1.05
2023-08-29 15:15:00	1152869	1233862	2386731	1.07
2023-08-28 09:00:00	87022	132877	219899	1.53
2023-08-28 09:30:00	129930	211087	341017	1.62
2023-08-28 10:00:00	163194	256201	419395	1.57
2023-08-28 10:30:00	265420	333695	599115	1.26
2023-08-28 11:00:00	287316	370483	657799	1.29
2023-08-28 11:30:00	328142	413827	741969	1.26
2023-08-28 12:00:00	353991	463051	817042	1.31
2023-08-28 12:30:00	440700	519029	959729	1.18
2023-08-28 13:00:00	474149	559465	1033614	1.18
2023-08-28 13:30:00	495897	594138	1090035	1.2
2023-08-28 14:00:00	552008	661427	1213435	1.2
2023-08-28 14:30:00	587054	735026	1322080	1.25
2023-08-28 15:00:00	672841	873838	1546679	1.3
2023-08-28 15:15:00	717503	928809	1646312	1.29
2023-08-25 09:00:00	136044	173039	309083	1.27
2023-08-25 09:30:00	304430	354805	659235	1.17
2023-08-25 10:00:00	428010	532888	960898	1.25
2023-08-25 10:30:00	598974	668458	1267432	1.12
2023-08-25 11:00:00	696229	813843	1510072	1.17
2023-08-25 11:30:00	786885	907152	1694037	1.15
2023-08-25 12:00:00	910883	1010586	1921469	1.11
2023-08-25 12:30:00	1012333	1120714	2133047	1.11
2023-08-25 13:00:00	1064220	1233308	2297528	1.16
2023-08-25 13:30:00	1232348	1389091	2621439	1.13
2023-08-25 14:00:00	1355329	1513602	2868931	1.12
2023-08-25 14:30:00	1515439	1674810	3190249	1.11
2023-08-25 15:00:00	1669308	1910250	3579558	1.14
2023-08-25 15:15:00	1699455	1965530	3664985	1.16
2023-08-24 09:00:00	81542	105070	186612	1.29
2023-08-24 09:30:00	138543	179393	317936	1.29
2023-08-24 10:00:00	179404	235929	415333	1.32
2023-08-24 10:30:00	225794	347507	573301	1.54
2023-08-24 11:00:00	293434	411008	704442	1.4
2023-08-24 11:30:00	351716	471674	823390	1.34
2023-08-24 12:00:00	395401	514271	909672	1.3
2023-08-24 12:30:00	423253	555594	978847	1.31
2023-08-24 13:00:00	448154	595346	1043500	1.33
2023-08-24 13:30:00	469901	629791	1099692	1.34
2023-08-24 14:00:00	519327	681614	1200941	1.31
2023-08-24 14:30:00	557315	744296	1301611	1.34
2023-08-24 15:00:00	655652	916516	1572168	1.4
2023-08-24 15:15:00	704434	1017070	1721504	1.44
2023-08-23 09:00:00	120797	94310	215107	0.78
2023-08-23 09:30:00	218046	222900	440946	1.02
2023-08-23 10:00:00	284297	311675	595972	1.1
2023-08-23 10:30:00	324890	363784	688674	1.12
2023-08-23 11:00:00	366121	404466	770587	1.1
2023-08-23 11:30:00	387799	460560	848359	1.19
2023-08-23 12:00:00	443587	502866	946453	1.13
2023-08-23 12:30:00	479124	546312	1025436	1.14
2023-08-23 13:00:00	527467	617502	1144969	1.17
2023-08-23 13:30:00	562012	690699	1252711	1.23
2023-08-23 14:00:00	586781	733156	1319937	1.25
2023-08-23 14:30:00	624149	804140	1428289	1.29
2023-08-23 15:00:00	735140	966175	1701315	1.31
2023-08-23 15:15:00	781765	1037749	1819514	1.33
2023-08-22 09:00:00	53931	113721	167652	2.11
2023-08-22 09:30:00	109912	225543	335455	2.05
2023-08-22 10:00:00	152095	265346	417441	1.74
2023-08-22 10:30:00	195461	314976	510437	1.61
2023-08-22 11:00:00	217955	354536	572491	1.63
2023-08-22 11:30:00	255239	401610	656849	1.57
2023-08-22 12:00:00	296458	452567	749025	1.53
2023-08-22 12:30:00	340828	495830	836658	1.45
2023-08-22 13:00:00	382250	545401	927651	1.43
2023-08-22 13:30:00	549652	649235	1198887	1.18
2023-08-22 14:00:00	572113	692734	1264847	1.21
2023-08-22 14:30:00	646453	757423	1403876	1.17
2023-08-22 15:00:00	763120	886878	1649998	1.16
2023-08-22 15:15:00	799826	957539	1757365	1.2
2023-08-21 09:00:00	77823	139451	217274	1.79
2023-08-21 09:30:00	132700	213547	346247	1.61
2023-08-21 10:00:00	175833	294036	469869	1.67
2023-08-21 10:30:00	205966	344625	550591	1.67
2023-08-21 11:00:00	241293	412392	653685	1.71
2023-08-21 11:30:00	304475	455510	759985	1.5
2023-08-21 12:00:00	368239	500935	869174	1.36
2023-08-21 12:30:00	402060	548743	950803	1.36
2023-08-21 13:00:00	533668	598266	1131934	1.12
2023-08-21 13:30:00	562352	637207	1199559	1.13
2023-08-21 14:00:00	609892	696462	1306354	1.14
2023-08-21 14:30:00	652732	779080	1431812	1.19
2023-08-21 15:00:00	737932	911631	1649563	1.24
2023-08-21 15:15:00	758334	960649	1718983	1.27
2023-08-18 09:00:00	278819	323549	602368	1.16
2023-08-18 09:30:00	424372	599005	1023377	1.41
2023-08-18 10:00:00	528615	772575	1301190	1.46
2023-08-18 10:30:00	730290	1025893	1756183	1.4
2023-08-18 11:00:00	854983	1197275	2052258	1.4
2023-08-18 11:30:00	930298	1308182	2238480	1.41
2023-08-18 12:00:00	997282	1415453	2412735	1.42
2023-08-18 12:30:00	1098137	1528586	2626723	1.39
2023-08-18 13:00:00	1188625	1640325	2828950	1.38
2023-08-18 13:30:00	1271673	1788756	3060429	1.41
2023-08-18 14:00:00	1374618	1932299	3306917	1.41
2023-08-18 14:30:00	1493187	2093249	3586436	1.4
2023-08-18 15:00:00	1696006	2342975	4038981	1.38
2023-08-18 15:15:00	1762223	2424590	4186813	1.38
2023-08-17 09:00:00	164980	151208	316188	0.92
2023-08-17 09:30:00	281298	278942	560240	0.99
2023-08-17 10:00:00	371917	398734	770651	1.07
2023-08-17 10:30:00	433675	496417	930092	1.14
2023-08-17 11:00:00	499314	550588	1049902	1.1
2023-08-17 11:30:00	778378	655410	1433788	0.84
2023-08-17 12:00:00	802764	716226	1518990	0.89
2023-08-17 12:30:00	872613	797956	1670569	0.91
2023-08-17 13:00:00	917277	867453	1784730	0.95
2023-08-17 13:30:00	994502	952978	1947480	0.96
2023-08-17 14:00:00	1081280	1080250	2161530	1.0
2023-08-17 14:30:00	1233296	1276784	2510080	1.04
2023-08-17 15:00:00	1411224	1492742	2903966	1.06
2023-08-17 15:15:00	1507044	1611137	3118181	1.07
2023-08-16 09:00:00	98476	233741	332217	2.37
2023-08-16 09:30:00	193077	389008	582085	2.01
2023-08-16 10:00:00	294148	484961	779109	1.65
2023-08-16 10:30:00	366344	552999	919343	1.51
2023-08-16 11:00:00	433898	618280	1052178	1.42
2023-08-16 11:30:00	486541	684853	1171394	1.41
2023-08-16 12:00:00	529631	730165	1259796	1.38
2023-08-16 12:30:00	571785	798360	1370145	1.4
2023-08-16 13:00:00	677413	881571	1558984	1.3
2023-08-16 13:30:00	744797	961472	1706269	1.29
2023-08-16 14:00:00	798263	1039780	1838043	1.3
2023-08-16 14:30:00	897719	1147852	2045571	1.28
2023-08-16 15:00:00	1020928	1379747	2400675	1.35
2023-08-16 15:15:00	1061295	1452525	2513820	1.37
2023-08-15 09:00:00	105051	175115	280166	1.67
2023-08-15 09:30:00	314897	344087	658984	1.09
2023-08-15 10:00:00	454002	473996	927998	1.04
2023-08-15 10:30:00	519659	574853	1094512	1.11
2023-08-15 11:00:00	589473	652609	1242082	1.11
2023-08-15 11:30:00	618841	695823	1314664	1.12
2023-08-15 12:00:00	661202	747601	1408803	1.13
2023-08-15 12:30:00	713213	824859	1538072	1.16
2023-08-15 13:00:00	751064	904907	1655971	1.2
2023-08-15 13:30:00	794835	974366	1769201	1.23
2023-08-15 14:00:00	878341	1113341	1991682	1.27
2023-08-15 14:30:00	978928	1262128	2241056	1.29
2023-08-15 15:00:00	1119289	1465873	2585162	1.31
2023-08-15 15:15:00	1163795	1520002	2683797	1.31
2023-08-14 09:00:00	166692	199484	366176	1.2
2023-08-14 09:30:00	308818	371655	680473	1.2
2023-08-14 10:00:00	447887	571714	1019601	1.28
2023-08-14 10:30:00	514690	655162	1169852	1.27
2023-08-14 11:00:00	695200	803009	1498209	1.16
2023-08-14 11:30:00	796888	896135	1693023	1.12
2023-08-14 12:00:00	904167	979170	1883337	1.08
2023-08-14 12:30:00	970339	1065265	2035604	1.1
2023-08-14 13:00:00	1020632	1147062	2167694	1.12
2023-08-14 13:30:00	1089029	1248501	2337530	1.15
2023-08-14 14:00:00	1270291	1340390	2610681	1.06
2023-08-14 14:30:00	1407363	1488832	2896195	1.06
2023-08-14 15:00:00	1626312	1689198	3315510	1.04
2023-08-14 15:15:00	1633648	1778530	3412178	1.09
2023-08-11 09:00:00	221673	217514	439187	0.98
2023-08-11 09:30:00	394806	398787	793593	1.01
2023-08-11 10:00:00	512718	517078	1029796	1.01
2023-08-11 10:30:00	599287	631051	1230338	1.05
2023-08-11 11:00:00	695466	723236	1418702	1.04
2023-08-11 11:30:00	804685	820571	1625256	1.02
2023-08-11 12:00:00	878888	899548	1778436	1.02
2023-08-11 12:30:00	953875	975352	1929227	1.02
2023-08-11 13:00:00	1133256	1093380	2226636	0.96
2023-08-11 13:30:00	1213061	1221557	2434618	1.01
2023-08-11 14:00:00	1293285	1335352	2628637	1.03
2023-08-11 14:30:00	1386986	1514862	2901848	1.09
2023-08-11 15:00:00	1540327	1722880	3263207	1.12
2023-08-11 15:15:00	1581431	1815829	3397260	1.15
2023-08-10 09:00:00	112607	206877	319484	1.84
2023-08-10 09:30:00	288290	385475	673765	1.34
2023-08-10 10:00:00	372989	561753	934742	1.51
2023-08-10 10:30:00	441770	656918	1098688	1.49
2023-08-10 11:00:00	527253	750939	1278192	1.42
2023-08-10 11:30:00	571889	866313	1438202	1.51
2023-08-10 12:00:00	602072	909582	1511654	1.51
2023-08-10 12:30:00	628173	981145	1609318	1.56
2023-08-10 13:00:00	691320	1061737	1753057	1.54
2023-08-10 13:30:00	735705	1127177	1862882	1.53
2023-08-10 14:00:00	784014	1186598	1970612	1.51
2023-08-10 14:30:00	847177	1262946	2110123	1.49
2023-08-10 15:00:00	952860	1380572	2333432	1.45
2023-08-10 15:15:00	1027096	1464199	2491295	1.43
2023-08-09 09:00:00	84293	109030	193323	1.29
2023-08-09 09:30:00	154972	185848	340820	1.2
2023-08-09 10:00:00	285629	260563	546192	0.91
2023-08-09 10:30:00	372120	326278	698398	0.88
2023-08-09 11:00:00	472751	383027	855778	0.81
2023-08-09 11:30:00	554649	506239	1060888	0.91
2023-08-09 12:00:00	592259	579209	1171468	0.98
2023-08-09 12:30:00	630760	634989	1265749	1.01
2023-08-09 13:00:00	682408	707615	1390023	1.04
2023-08-09 13:30:00	716234	795555	1511789	1.11
2023-08-09 14:00:00	775667	871704	1647371	1.12
2023-08-09 14:30:00	866829	956223	1823052	1.1
2023-08-09 15:00:00	954636	1130416	2085052	1.18
2023-08-09 15:15:00	1052780	1195693	2248473	1.14
2023-08-08 09:00:00	96579	150623	247202	1.56
2023-08-08 09:30:00	271022	312918	583940	1.15
2023-08-08 10:00:00	383368	496470	879838	1.3
2023-08-08 10:30:00	457882	600170	1058052	1.31
2023-08-08 11:00:00	508428	701226	1209654	1.38
2023-08-08 11:30:00	574072	754444	1328516	1.31
2023-08-08 12:00:00	633304	809189	1442493	1.28
2023-08-08 12:30:00	678521	878952	1557473	1.3
2023-08-08 13:00:00	708056	916943	1624999	1.3
2023-08-08 13:30:00	774183	974011	1748194	1.26
2023-08-08 14:00:00	816764	1040613	1857377	1.27
2023-08-08 14:30:00	865518	1101089	1966607	1.27
2023-08-08 15:00:00	1031277	1235128	2266405	1.2
2023-08-08 15:15:00	1066957	1289234	2356191	1.21
2023-08-07 09:00:00	85410	131911	217321	1.54
2023-08-07 09:30:00	143577	204457	348034	1.42
2023-08-07 10:00:00	220094	267783	487877	1.22
2023-08-07 10:30:00	296313	344177	640490	1.16
2023-08-07 11:00:00	336562	387763	724325	1.15
2023-08-07 11:30:00	369618	431602	801220	1.17
2023-08-07 12:00:00	424040	484822	908862	1.14
2023-08-07 12:30:00	447699	529048	976747	1.18
2023-08-07 13:00:00	473601	626657	1100258	1.32
2023-08-07 13:30:00	528873	686490	1215363	1.3
2023-08-07 14:00:00	551358	750909	1302267	1.36
2023-08-07 14:30:00	596994	812240	1409234	1.36
2023-08-07 15:00:00	715356	964037	1679393	1.35
2023-08-07 15:15:00	743792	1035241	1779033	1.39
2023-08-04 09:00:00	266494	329900	596394	1.24
2023-08-04 09:30:00	448977	528895	977872	1.18
2023-08-04 10:00:00	547521	654478	1201999	1.2
2023-08-04 10:30:00	619140	743841	1362981	1.2
2023-08-04 11:00:00	702469	866504	1568973	1.23
2023-08-04 11:30:00	799422	982428	1781850	1.23
2023-08-04 12:00:00	907524	1079819	1987343	1.19
2023-08-04 12:30:00	1012632	1237818	2250450	1.22
2023-08-04 13:00:00	1102533	1351859	2454392	1.23
2023-08-04 13:30:00	1312071	1603528	2915599	1.22
2023-08-04 14:00:00	1469451	1792556	3262007	1.22
2023-08-04 14:30:00	1633256	2031897	3665153	1.24
2023-08-04 15:00:00	1811005	2323895	4134900	1.28
2023-08-04 15:15:00	1846706	2398445	4245151	1.3
2023-08-03 09:00:00	189187	215743	404930	1.14
2023-08-03 09:30:00	259965	327756	587721	1.26
2023-08-03 10:00:00	384680	440875	825555	1.15
2023-08-03 10:30:00	440243	553434	993677	1.26
2023-08-03 11:00:00	596778	616423	1213201	1.03
2023-08-03 11:30:00	655299	689483	1344782	1.05
2023-08-03 12:00:00	772891	740442	1513333	0.96
2023-08-03 12:30:00	815551	787060	1602611	0.97
2023-08-03 13:00:00	852322	846904	1699226	0.99
2023-08-03 13:30:00	937659	906267	1843926	0.97
2023-08-03 14:00:00	973783	966058	1939841	0.99
2023-08-03 14:30:00	1028564	1047957	2076521	1.02
2023-08-03 15:00:00	1096895	1145186	2242081	1.04
2023-08-03 15:15:00	1126070	1198434	2324504	1.06
2023-08-02 09:00:00	175556	273658	449214	1.56
2023-08-02 09:30:00	322973	424848	747821	1.32
2023-08-02 10:00:00	455792	574295	1030087	1.26
2023-08-02 10:30:00	665444	737968	1403412	1.11
2023-08-02 11:00:00	748047	876465	1624512	1.17
2023-08-02 11:30:00	825956	1050273	1876229	1.27
2023-08-02 12:00:00	924387	1148749	2073136	1.24
2023-08-02 12:30:00	966817	1205993	2172810	1.25
2023-08-02 13:00:00	1045259	1281203	2326462	1.23
2023-08-02 13:30:00	1080475	1343567	2424042	1.24
2023-08-02 14:00:00	1143618	1395606	2539224	1.22
2023-08-02 14:30:00	1270647	1517889	2788536	1.19
2023-08-02 15:00:00	1374424	1721148	3095572	1.25
2023-08-02 15:15:00	1409129	1802665	3211794	1.28
2023-08-01 09:00:00	156954	93664	250618	0.6
2023-08-01 09:30:00	223728	187334	411062	0.84
2023-08-01 10:00:00	319128	271099	590227	0.85
2023-08-01 10:30:00	360117	362496	722613	1.01
2023-08-01 11:00:00	395596	394425	790021	1.0
2023-08-01 11:30:00	645894	421877	1067771	0.65
2023-08-01 12:00:00	695213	479468	1174681	0.69
2023-08-01 12:30:00	776365	577480	1353845	0.74
2023-08-01 13:00:00	808198	609495	1417693	0.75
2023-08-01 13:30:00	834352	673512	1507864	0.81
2023-08-01 14:00:00	874588	721874	1596462	0.83
2023-08-01 14:30:00	915288	797445	1712733	0.87
2023-08-01 15:00:00	982550	877277	1859827	0.89
2023-08-01 15:15:00	1022287	926408	1948695	0.91
2023-07-31 09:00:00	67571	95837	163408	1.42
2023-07-31 09:30:00	136514	155133	291647	1.14
2023-07-31 10:00:00	167048	208026	375074	1.25
2023-07-31 10:30:00	349015	291670	640685	0.84
2023-07-31 11:00:00	384937	384046	768983	1.0
2023-07-31 11:30:00	407694	450763	858457	1.11
2023-07-31 12:00:00	453381	494121	947502	1.09
2023-07-31 12:30:00	486944	527852	1014796	1.08
2023-07-31 13:00:00	541408	576905	1118313	1.07
2023-07-31 13:30:00	577587	641920	1219507	1.11
2023-07-31 14:00:00	601769	686778	1288547	1.14
2023-07-31 14:30:00	644924	790620	1435544	1.23
2023-07-31 15:00:00	721438	929149	1650587	1.29
2023-07-31 15:15:00	785084	1041813	1826897	1.33
2023-07-28 09:00:00	178777	250922	429699	1.4
2023-07-28 09:30:00	280404	373830	654234	1.33
2023-07-28 10:00:00	450916	500926	951842	1.11
2023-07-28 10:30:00	548752	626387	1175139	1.14
2023-07-28 11:00:00	637679	744725	1382404	1.17
2023-07-28 11:30:00	727943	839840	1567783	1.15
2023-07-28 12:00:00	779467	889719	1669186	1.14
2023-07-28 12:30:00	982823	1016034	1998857	1.03
2023-07-28 13:00:00	1115189	1168186	2283375	1.05
2023-07-28 13:30:00	1202972	1272760	2475732	1.06
2023-07-28 14:00:00	1310655	1379238	2689893	1.05
2023-07-28 14:30:00	1418501	1498530	2917031	1.06
2023-07-28 15:00:00	1545230	1689238	3234468	1.09
2023-07-28 15:15:00	1590808	1738473	3329281	1.09
2023-07-27 09:00:00	137889	226610	364499	1.64
2023-07-27 09:30:00	277564	391530	669094	1.41
2023-07-27 10:00:00	338932	455110	794042	1.34
2023-07-27 10:30:00	393225	506499	899724	1.29
2023-07-27 11:00:00	422217	589475	1011692	1.4
2023-07-27 11:30:00	459584	665385	1124969	1.45
2023-07-27 12:00:00	504040	714421	1218461	1.42
2023-07-27 12:30:00	552325	812137	1364462	1.47
2023-07-27 13:00:00	600470	911936	1512406	1.52
2023-07-27 13:30:00	679468	1012373	1691841	1.49
2023-07-27 14:00:00	801139	1163801	1964940	1.45
2023-07-27 14:30:00	868919	1300270	2169189	1.5
2023-07-27 15:00:00	1010532	1493768	2504300	1.48
2023-07-27 15:15:00	1048714	1564583	2613297	1.49
2023-07-26 09:00:00	78260	146598	224858	1.87
2023-07-26 09:30:00	121653	224237	345890	1.84
2023-07-26 10:00:00	145146	309331	454477	2.13
2023-07-26 10:30:00	169677	366296	535973	2.16
2023-07-26 11:00:00	244658	443994	688652	1.81
2023-07-26 11:30:00	285724	517809	803533	1.81
2023-07-26 12:00:00	311386	587335	898721	1.89
2023-07-26 12:30:00	353071	670577	1023648	1.9
2023-07-26 13:00:00	369628	700474	1070102	1.9
2023-07-26 13:30:00	410657	731279	1141936	1.78
2023-07-26 14:00:00	474266	837790	1312056	1.77
2023-07-26 14:30:00	559370	1023069	1582439	1.83
2023-07-26 15:00:00	682407	1181054	1863461	1.73
2023-07-26 15:15:00	747392	1251818	1999210	1.67
2023-07-25 09:00:00	66646	77564	144210	1.16
2023-07-25 09:30:00	111398	169961	281359	1.53
2023-07-25 10:00:00	192539	286128	478667	1.49
2023-07-25 10:30:00	243082	334799	577881	1.38
2023-07-25 11:00:00	278704	378837	657541	1.36
2023-07-25 11:30:00	327940	432478	760418	1.32
2023-07-25 12:00:00	358952	474563	833515	1.32
2023-07-25 12:30:00	393161	523642	916803	1.33
2023-07-25 13:00:00	417558	560826	978384	1.34
2023-07-25 13:30:00	459929	593443	1053372	1.29
2023-07-25 14:00:00	538198	661538	1199736	1.23
2023-07-25 14:30:00	621363	727090	1348453	1.17
2023-07-25 15:00:00	783039	866004	1649043	1.11
2023-07-25 15:15:00	810219	902864	1713083	1.11
2023-07-24 09:00:00	186735	92987	279722	0.5
2023-07-24 09:30:00	241976	157016	398992	0.65
2023-07-24 10:00:00	304571	193424	497995	0.64
2023-07-24 10:30:00	371811	255773	627584	0.69
2023-07-24 11:00:00	410697	321076	731773	0.78
2023-07-24 11:30:00	462656	366991	829647	0.79
2023-07-24 12:00:00	482877	398647	881524	0.83
2023-07-24 12:30:00	584973	443311	1028284	0.76
2023-07-24 13:00:00	613984	484365	1098349	0.79
2023-07-24 13:30:00	646308	530680	1176988	0.82
2023-07-24 14:00:00	676609	583763	1260372	0.86
2023-07-24 14:30:00	730982	665302	1396284	0.91
2023-07-24 15:00:00	849782	790403	1640185	0.93
2023-07-24 15:15:00	880738	849927	1730665	0.97
2023-07-21 09:00:00	291260	214974	506234	0.74
2023-07-21 09:30:00	445481	400821	846302	0.9
2023-07-21 10:00:00	550281	507417	1057698	0.92
2023-07-21 10:30:00	641496	602535	1244031	0.94
2023-07-21 11:00:00	728748	717327	1446075	0.98
2023-07-21 11:30:00	803287	811215	1614502	1.01
2023-07-21 12:00:00	879625	905925	1785550	1.03
2023-07-21 12:30:00	957803	984730	1942533	1.03
2023-07-21 13:00:00	1032968	1071953	2104921	1.04
2023-07-21 13:30:00	1091927	1181263	2273190	1.08
2023-07-21 14:00:00	1184096	1295123	2479219	1.09
2023-07-21 14:30:00	1291462	1451153	2742615	1.12
2023-07-21 15:00:00	1403751	1623965	3027716	1.16
2023-07-21 15:15:00	1430833	1691741	3122574	1.18
2023-07-20 09:00:00	93367	151057	244424	1.62
2023-07-20 09:30:00	173686	269854	443540	1.55
2023-07-20 10:00:00	408269	453338	861607	1.11
2023-07-20 10:30:00	630660	560840	1191500	0.89
2023-07-20 11:00:00	724024	628122	1352146	0.87
2023-07-20 11:30:00	767771	683683	1451454	0.89
2023-07-20 12:00:00	802110	736026	1538136	0.92
2023-07-20 12:30:00	834905	775949	1610854	0.93
2023-07-20 13:00:00	885184	842096	1727280	0.95
2023-07-20 13:30:00	944115	930426	1874541	0.99
2023-07-20 14:00:00	994604	1044788	2039392	1.05
2023-07-20 14:30:00	1068031	1134610	2202641	1.06
2023-07-20 15:00:00	1200169	1284897	2485066	1.07
2023-07-20 15:15:00	1241414	1339472	2580886	1.08
2023-07-19 09:00:00	118707	315204	433911	2.66
2023-07-19 09:30:00	234170	580031	814201	2.48
2023-07-19 10:00:00	384021	721717	1105738	1.88
2023-07-19 10:30:00	472172	847619	1319791	1.8
2023-07-19 11:00:00	740712	962010	1702722	1.3
2023-07-19 11:30:00	814105	1052376	1866481	1.29
2023-07-19 12:00:00	860181	1103118	1963299	1.28
2023-07-19 12:30:00	902015	1261178	2163193	1.4
2023-07-19 13:00:00	990542	1333043	2323585	1.35
2023-07-19 13:30:00	1088808	1416077	2504885	1.3
2023-07-19 14:00:00	1147107	1463716	2610823	1.28
2023-07-19 14:30:00	1269939	1553103	2823042	1.22
2023-07-19 15:00:00	1444070	1762222	3206292	1.22
2023-07-19 15:15:00	1504571	1827306	3331877	1.21
2023-07-18 09:00:00	166447	178633	345080	1.07
2023-07-18 09:30:00	313333	282291	595624	0.9
2023-07-18 10:00:00	392603	417736	810339	1.06
2023-07-18 10:30:00	502246	520604	1022850	1.04
2023-07-18 11:00:00	582573	628287	1210860	1.08
2023-07-18 11:30:00	684836	715316	1400152	1.04
2023-07-18 12:00:00	734149	764887	1499036	1.04
2023-07-18 12:30:00	811989	816583	1628572	1.01
2023-07-18 13:00:00	868495	879367	1747862	1.01
2023-07-18 13:30:00	985551	968731	1954282	0.98
2023-07-18 14:00:00	1099364	1080745	2180109	0.98
2023-07-18 14:30:00	1191979	1171477	2363456	0.98
2023-07-18 15:00:00	1415243	1389757	2805000	0.98
2023-07-18 15:15:00	1445234	1448169	2893403	1.0
2023-07-17 09:00:00	132312	101412	233724	0.77
2023-07-17 09:30:00	253681	183716	437397	0.72
2023-07-17 10:00:00	332616	313292	645908	0.94
2023-07-17 10:30:00	407713	384148	791861	0.94
2023-07-17 11:00:00	466974	479276	946250	1.03
2023-07-17 11:30:00	525273	570264	1095537	1.09
2023-07-17 12:00:00	554681	607001	1161682	1.09
2023-07-17 12:30:00	617860	707965	1325825	1.15
2023-07-17 13:00:00	658277	744750	1403027	1.13
2023-07-17 13:30:00	698891	793475	1492366	1.14
2023-07-17 14:00:00	744401	861501	1605902	1.16
2023-07-17 14:30:00	851487	982798	1834285	1.15
2023-07-17 15:00:00	938859	1144846	2083705	1.22
2023-07-17 15:15:00	1003164	1215919	2219083	1.21
2023-07-14 09:00:00	201595	239825	441420	1.19
2023-07-14 09:30:00	370530	427725	798255	1.15
2023-07-14 10:00:00	493591	590567	1084158	1.2
2023-07-14 10:30:00	589110	710035	1299145	1.21
2023-07-14 11:00:00	768411	827709	1596120	1.08
2023-07-14 11:30:00	851901	929023	1780924	1.09
2023-07-14 12:00:00	917036	1002633	1919669	1.09
2023-07-14 12:30:00	1031191	1100213	2131404	1.07
2023-07-14 13:00:00	1072945	1173718	2246663	1.09
2023-07-14 13:30:00	1156188	1274760	2430948	1.1
2023-07-14 14:00:00	1272258	1396443	2668701	1.1
2023-07-14 14:30:00	1401544	1603381	3004925	1.14
2023-07-14 15:00:00	1530083	1865769	3395852	1.22
2023-07-14 15:15:00	1571149	1950950	3522099	1.24
2023-07-13 09:00:00	128080	195786	323866	1.53
2023-07-13 09:30:00	209464	353635	563099	1.69
2023-07-13 10:00:00	321318	430528	751846	1.34
2023-07-13 10:30:00	418592	567848	986440	1.36
2023-07-13 11:00:00	512242	634224	1146466	1.24
2023-07-13 11:30:00	557167	703480	1260647	1.26
2023-07-13 12:00:00	610747	774219	1384966	1.27
2023-07-13 12:30:00	656151	830085	1486236	1.27
2023-07-13 13:00:00	700892	884497	1585389	1.26
2023-07-13 13:30:00	763195	945874	1709069	1.24
2023-07-13 14:00:00	823221	1034927	1858148	1.26
2023-07-13 14:30:00	902852	1170602	2073454	1.3
2023-07-13 15:00:00	1007359	1335457	2342816	1.33
2023-07-13 15:15:00	1051358	1414877	2466235	1.35
2023-07-12 09:00:00	283084	175581	458665	0.62
2023-07-12 09:30:00	367548	269064	636612	0.73
2023-07-12 10:00:00	444474	396946	841420	0.89
2023-07-12 10:30:00	545897	492093	1037990	0.9
2023-07-12 11:00:00	605038	577653	1182691	0.95
2023-07-12 11:30:00	708046	651983	1360029	0.92
2023-07-12 12:00:00	750498	708419	1458917	0.94
2023-07-12 12:30:00	875612	813788	1689400	0.93
2023-07-12 13:00:00	902337	860852	1763189	0.95
2023-07-12 13:30:00	1032113	912065	1944178	0.88
2023-07-12 14:00:00	1088316	1011545	2099861	0.93
2023-07-12 14:30:00	1149243	1097315	2246558	0.95
2023-07-12 15:00:00	1251526	1281594	2533120	1.02
2023-07-12 15:15:00	1349511	1384188	2733699	1.03
2023-07-11 09:00:00	78928	108004	186932	1.37
2023-07-11 09:30:00	115340	243220	358560	2.11
2023-07-11 10:00:00	197499	357638	555137	1.81
2023-07-11 10:30:00	292075	415547	707622	1.42
2023-07-11 11:00:00	350456	458439	808895	1.31
2023-07-11 11:30:00	406742	507838	914580	1.25
2023-07-11 12:00:00	472301	536392	1008693	1.14
2023-07-11 12:30:00	582198	576184	1158382	0.99
2023-07-11 13:00:00	615593	628496	1244089	1.02
2023-07-11 13:30:00	657406	727698	1385104	1.11
2023-07-11 14:00:00	711160	795072	1506232	1.12
2023-07-11 14:30:00	835595	893720	1729315	1.07
2023-07-11 15:00:00	953306	1057804	2011110	1.11
2023-07-11 15:15:00	1008407	1098475	2106882	1.09
2023-07-10 09:00:00	73046	90374	163420	1.24
2023-07-10 09:30:00	124103	145149	269252	1.17
2023-07-10 10:00:00	213115	205481	418596	0.96
2023-07-10 10:30:00	275502	251855	527357	0.91
2023-07-10 11:00:00	300625	297327	597952	0.99
2023-07-10 11:30:00	358001	374673	732674	1.05
2023-07-10 12:00:00	383667	428514	812181	1.12
2023-07-10 12:30:00	407081	454992	862073	1.12
2023-07-10 13:00:00	439274	507674	946948	1.16
2023-07-10 13:30:00	478557	546033	1024590	1.14
2023-07-10 14:00:00	516854	595457	1112311	1.15
2023-07-10 14:30:00	554727	659911	1214638	1.19
2023-07-10 15:00:00	615011	781045	1396056	1.27
2023-07-10 15:15:00	640146	820887	1461033	1.28
2023-07-07 09:00:00	290191	184021	474212	0.63
2023-07-07 09:30:00	448411	318064	766475	0.71
2023-07-07 10:00:00	559259	474550	1033809	0.85
2023-07-07 10:30:00	656409	599663	1256072	0.91
2023-07-07 11:00:00	746628	705698	1452326	0.95
2023-07-07 11:30:00	839879	800464	1640343	0.95
2023-07-07 12:00:00	984961	913524	1898485	0.93
2023-07-07 12:30:00	1070414	1025002	2095416	0.96
2023-07-07 13:00:00	1196726	1132446	2329172	0.95
2023-07-07 13:30:00	1273440	1204625	2478065	0.95
2023-07-07 14:00:00	1377244	1321923	2699167	0.96
2023-07-07 14:30:00	1498803	1457834	2956637	0.97
2023-07-07 15:00:00	1706776	1754804	3461580	1.03
2023-07-07 15:15:00	1734497	1819212	3553709	1.05
2023-07-06 09:00:00	261247	192497	453744	0.74
2023-07-06 09:30:00	457527	392196	849723	0.86
2023-07-06 10:00:00	569151	532439	1101590	0.94
2023-07-06 10:30:00	669190	636382	1305572	0.95
2023-07-06 11:00:00	833182	832128	1665310	1.0
2023-07-06 11:30:00	947285	944949	1892234	1.0
2023-07-06 12:00:00	1010015	1022379	2032394	1.01
2023-07-06 12:30:00	1057878	1064341	2122219	1.01
2023-07-06 13:00:00	1116677	1114133	2230810	1.0
2023-07-06 13:30:00	1162742	1179287	2342029	1.01
2023-07-06 14:00:00	1200728	1227518	2428246	1.02
2023-07-06 14:30:00	1246477	1308312	2554789	1.05
2023-07-06 15:00:00	1362417	1453379	2815796	1.07
2023-07-06 15:15:00	1386166	1505234	2891400	1.09
2023-07-05 09:00:00	66710	149976	216686	2.25
2023-07-05 09:30:00	150576	256996	407572	1.71
2023-07-05 10:00:00	201701	319587	521288	1.58
2023-07-05 10:30:00	231791	376306	608097	1.62
2023-07-05 11:00:00	351649	423906	775555	1.21
2023-07-05 11:30:00	379232	484803	864035	1.28
2023-07-05 12:00:00	457658	557117	1014775	1.22
2023-07-05 12:30:00	474728	590433	1065161	1.24
2023-07-05 13:00:00	504721	632387	1137108	1.25
2023-07-05 13:30:00	548338	677836	1226174	1.24
2023-07-05 14:00:00	603508	798281	1401789	1.32
2023-07-05 14:30:00	630876	875998	1506874	1.39
2023-07-05 15:00:00	738150	998192	1736342	1.35
2023-07-05 15:15:00	761838	1059703	1821541	1.39
2023-07-03 09:00:00	50278	67650	117928	1.35
2023-07-03 09:30:00	94538	135541	230079	1.43
2023-07-03 10:00:00	138524	209392	347916	1.51
2023-07-03 10:30:00	166687	275235	441922	1.65
2023-07-03 11:00:00	216266	316152	532418	1.46
2023-07-03 11:30:00	278626	419140	697766	1.5
2023-07-03 12:00:00	350892	518953	869845	1.48
2023-07-03 12:30:00	375485	574397	949882	1.53
2023-07-03 13:00:00	375471	574387	949858	1.53
2023-07-03 13:30:00	375471	574387	949858	1.53
2023-07-03 14:00:00	375471	574387	949858	1.53
2023-07-03 14:30:00	375471	574387	949858	1.53
2023-07-03 15:00:00	375471	574387	949858	1.53
2023-07-03 15:15:00	375471	574387	949858	1.53
2023-06-30 09:00:00	250506	213852	464358	0.85
2023-06-30 09:30:00	488316	470167	958483	0.96
2023-06-30 10:00:00	775830	661802	1437632	0.85
2023-06-30 10:30:00	866507	761968	1628475	0.88
2023-06-30 11:00:00	977990	923593	1901583	0.94
2023-06-30 11:30:00	1059388	1015873	2075261	0.96
2023-06-30 12:00:00	1161780	1105070	2266850	0.95
2023-06-30 12:30:00	1267077	1192789	2459866	0.94
2023-06-30 13:00:00	1378962	1297698	2676660	0.94
2023-06-30 13:30:00	1524527	1493721	3018248	0.98
2023-06-30 14:00:00	1674181	1699247	3373428	1.01
2023-06-30 14:30:00	1790785	1853016	3643801	1.03
2023-06-30 15:00:00	2005817	2131163	4136980	1.06
2023-06-30 15:15:00	2162047	2404148	4566195	1.11
2023-06-29 09:00:00	98003	109538	207541	1.12
2023-06-29 09:30:00	165444	169158	334602	1.02
2023-06-29 10:00:00	227971	216646	444617	0.95
2023-06-29 10:30:00	311433	284997	596430	0.92
2023-06-29 11:00:00	362259	332969	695228	0.92
2023-06-29 11:30:00	413320	409696	823016	0.99
2023-06-29 12:00:00	445188	454177	899365	1.02
2023-06-29 12:30:00	472365	488567	960932	1.03
2023-06-29 13:00:00	519581	523540	1043121	1.01
2023-06-29 13:30:00	571746	583375	1155121	1.02
2023-06-29 14:00:00	610908	629732	1240640	1.03
2023-06-29 14:30:00	644698	710636	1355334	1.1
2023-06-29 15:00:00	727530	839784	1567314	1.15
2023-06-29 15:15:00	761347	889299	1650646	1.17
2023-06-28 09:00:00	77589	87896	165485	1.13
2023-06-28 09:30:00	184569	181240	365809	0.98
2023-06-28 10:00:00	267161	253728	520889	0.95
2023-06-28 10:30:00	341290	296906	638196	0.87
2023-06-28 11:00:00	411638	329978	741616	0.8
2023-06-28 11:30:00	530178	404285	934463	0.76
2023-06-28 12:00:00	662702	454603	1117305	0.69
2023-06-28 12:30:00	727935	500218	1228153	0.69
2023-06-28 13:00:00	798367	539478	1337845	0.68
2023-06-28 13:30:00	819040	573101	1392141	0.7
2023-06-28 14:00:00	853128	612992	1466120	0.72
2023-06-28 14:30:00	903344	688792	1592136	0.76
2023-06-28 15:00:00	990110	839688	1829798	0.85
2023-06-28 15:15:00	1021144	917456	1938600	0.9
2023-06-27 09:00:00	137716	111192	248908	0.81
2023-06-27 09:30:00	211240	189165	400405	0.9
2023-06-27 10:00:00	282816	243267	526083	0.86
2023-06-27 10:30:00	328245	303694	631939	0.93
2023-06-27 11:00:00	398561	365706	764267	0.92
2023-06-27 11:30:00	447356	421215	868571	0.94
2023-06-27 12:00:00	540800	506204	1047004	0.94
2023-06-27 12:30:00	573751	575152	1148903	1.0
2023-06-27 13:00:00	611880	632201	1244081	1.03
2023-06-27 13:30:00	680140	693034	1373174	1.02
2023-06-27 14:00:00	710530	742556	1453086	1.05
2023-06-27 14:30:00	754678	801528	1556206	1.06
2023-06-27 15:00:00	865788	955187	1820975	1.1
2023-06-27 15:15:00	917407	1047855	1965262	1.14
2023-06-26 09:00:00	75261	89137	164398	1.18
2023-06-26 09:30:00	131545	153781	285326	1.17
2023-06-26 10:00:00	219835	248953	468788	1.13
2023-06-26 10:30:00	279146	321054	600200	1.15
2023-06-26 11:00:00	316672	378882	695554	1.2
2023-06-26 11:30:00	370838	438927	809765	1.18
2023-06-26 12:00:00	404143	481959	886102	1.19
2023-06-26 12:30:00	426864	510581	937445	1.2
2023-06-26 13:00:00	451126	565643	1016769	1.25
2023-06-26 13:30:00	482992	603580	1086572	1.25
2023-06-26 14:00:00	524833	674428	1199261	1.29
2023-06-26 14:30:00	663992	737805	1401797	1.11
2023-06-26 15:00:00	752160	924321	1676481	1.23
2023-06-26 15:15:00	815746	991963	1807709	1.22
2023-06-23 09:00:00	222410	214619	437029	0.96
2023-06-23 09:30:00	340231	358159	698390	1.05
2023-06-23 10:00:00	485279	478484	963763	0.99
2023-06-23 10:30:00	559598	557803	1117401	1.0
2023-06-23 11:00:00	646491	690371	1336862	1.07
2023-06-23 11:30:00	740245	782469	1522714	1.06
2023-06-23 12:00:00	828151	857862	1686013	1.04
2023-06-23 12:30:00	993044	941153	1934197	0.95
2023-06-23 13:00:00	1074608	1016025	2090633	0.95
2023-06-23 13:30:00	1148747	1104620	2253367	0.96
2023-06-23 14:00:00	1256720	1249282	2506002	0.99
2023-06-23 14:30:00	1418992	1403375	2822367	0.99
2023-06-23 15:00:00	1562334	1610370	3172704	1.03
2023-06-23 15:15:00	1595908	1664331	3260239	1.04
2023-06-22 09:00:00	197771	156087	353858	0.79
2023-06-22 09:30:00	268417	263591	532008	0.98
2023-06-22 10:00:00	421889	366142	788031	0.87
2023-06-22 10:30:00	502025	410760	912785	0.82
2023-06-22 11:00:00	558397	503161	1061558	0.9
2023-06-22 11:30:00	632718	534283	1167001	0.84
2023-06-22 12:00:00	730926	587605	1318531	0.8
2023-06-22 12:30:00	817216	635299	1452515	0.78
2023-06-22 13:00:00	857263	676508	1533771	0.79
2023-06-22 13:30:00	895566	729250	1624816	0.81
2023-06-22 14:00:00	966074	777329	1743403	0.8
2023-06-22 14:30:00	1023356	834368	1857724	0.82
2023-06-22 15:00:00	1147266	983177	2130443	0.86
2023-06-22 15:15:00	1181783	1034052	2215835	0.87
2023-06-21 09:00:00	198625	326331	524956	1.64
2023-06-21 09:30:00	333326	442084	775410	1.33
2023-06-21 10:00:00	425744	544619	970363	1.28
2023-06-21 10:30:00	505462	621055	1126517	1.23
2023-06-21 11:00:00	575611	725324	1300935	1.26
2023-06-21 11:30:00	638503	788190	1426693	1.23
2023-06-21 12:00:00	685439	847943	1533382	1.24
2023-06-21 12:30:00	727255	927701	1654956	1.28
2023-06-21 13:00:00	765145	981628	1746773	1.28
2023-06-21 13:30:00	806985	1036606	1843591	1.28
2023-06-21 14:00:00	897493	1108897	2006390	1.24
2023-06-21 14:30:00	958957	1172219	2131176	1.22
2023-06-21 15:00:00	1065511	1316496	2382007	1.24
2023-06-21 15:15:00	1110975	1380675	2491650	1.24
2023-06-20 09:00:00	200931	165672	366603	0.82
2023-06-20 09:30:00	304879	334364	639243	1.1
2023-06-20 10:00:00	442611	508934	951545	1.15
2023-06-20 10:30:00	585064	595943	1181007	1.02
2023-06-20 11:00:00	677885	676619	1354504	1.0
2023-06-20 11:30:00	806283	740666	1546949	0.92
2023-06-20 12:00:00	953436	866619	1820055	0.91
2023-06-20 12:30:00	1011560	977915	1989475	0.97
2023-06-20 13:00:00	1118035	1068283	2186318	0.96
2023-06-20 13:30:00	1186929	1167305	2354234	0.98
2023-06-20 14:00:00	1268026	1238175	2506201	0.98
2023-06-20 14:30:00	1356499	1353410	2709909	1.0
2023-06-20 15:00:00	1466061	1511490	2977551	1.03
2023-06-20 15:15:00	1512931	1574991	3087922	1.04
2023-06-16 09:00:00	252067	433470	685537	1.72
2023-06-16 09:30:00	413022	603474	1016496	1.46
2023-06-16 10:00:00	537477	752161	1289638	1.4
2023-06-16 10:30:00	700493	920586	1621079	1.31
2023-06-16 11:00:00	829348	1069108	1898456	1.29
2023-06-16 11:30:00	910902	1197763	2108665	1.31
2023-06-16 12:00:00	1067975	1306549	2374524	1.22
2023-06-16 12:30:00	1179803	1408020	2587823	1.19
2023-06-16 13:00:00	1242284	1499682	2741966	1.21
2023-06-16 13:30:00	1370679	1635197	3005876	1.19
2023-06-16 14:00:00	1468782	1790438	3259220	1.22
2023-06-16 14:30:00	1597413	1984258	3581671	1.24
2023-06-16 15:00:00	1847591	2228276	4075867	1.21
2023-06-16 15:15:00	1890917	2313166	4204083	1.22
2023-06-15 09:00:00	148819	190163	338982	1.28
2023-06-15 09:30:00	358111	354423	712534	0.99
2023-06-15 10:00:00	517158	482193	999351	0.93
2023-06-15 10:30:00	674831	665371	1340202	0.99
2023-06-15 11:00:00	781278	765218	1546496	0.98
2023-06-15 11:30:00	912714	859848	1772562	0.94
2023-06-15 12:00:00	1035198	960394	1995592	0.93
2023-06-15 12:30:00	1086579	1036998	2123577	0.95
2023-06-15 13:00:00	1159326	1130171	2289497	0.97
2023-06-15 13:30:00	1226721	1228480	2455201	1.0
2023-06-15 14:00:00	1327548	1358762	2686310	1.02
2023-06-15 14:30:00	1456741	1498159	2954900	1.03
2023-06-15 15:00:00	1640558	1684520	3325078	1.03
2023-06-15 15:15:00	1695740	1789972	3485712	1.06
2023-06-14 09:00:00	164284	115899	280183	0.71
2023-06-14 09:30:00	251874	180119	431993	0.72
2023-06-14 10:00:00	312935	238203	551138	0.76
2023-06-14 10:30:00	424696	318268	742964	0.75
2023-06-14 11:00:00	471833	388931	860764	0.82
2023-06-14 11:30:00	537746	440595	978341	0.82
2023-06-14 12:00:00	607918	511167	1119085	0.84
2023-06-14 12:30:00	694634	612826	1307460	0.88
2023-06-14 13:00:00	759600	666874	1426474	0.88
2023-06-14 13:30:00	910829	747054	1657883	0.82
2023-06-14 14:00:00	980032	815564	1795596	0.83
2023-06-14 14:30:00	1079810	940806	2020616	0.87
2023-06-14 15:00:00	1215491	1146852	2362343	0.94
2023-06-14 15:15:00	1302738	1268154	2570892	0.97
2023-06-13 09:00:00	208625	209903	418528	1.01
2023-06-13 09:30:00	469598	363798	833396	0.77
2023-06-13 10:00:00	585414	451041	1036455	0.77
2023-06-13 10:30:00	737024	548944	1285968	0.74
2023-06-13 11:00:00	833046	659255	1492301	0.79
2023-06-13 11:30:00	913914	740583	1654497	0.81
2023-06-13 12:00:00	981714	826841	1808555	0.84
2023-06-13 12:30:00	1032759	912339	1945098	0.88
2023-06-13 13:00:00	1091732	966063	2057795	0.88
2023-06-13 13:30:00	1138587	1036553	2175140	0.91
2023-06-13 14:00:00	1186013	1104263	2290276	0.93
2023-06-13 14:30:00	1252516	1182138	2434654	0.94
2023-06-13 15:00:00	1341157	1303236	2644393	0.97
2023-06-13 15:15:00	1376730	1364682	2741412	0.99
2023-06-12 09:00:00	88709	141732	230441	1.6
2023-06-12 09:30:00	182699	231481	414180	1.27
2023-06-12 10:00:00	269859	315202	585061	1.17
2023-06-12 10:30:00	353081	439399	792480	1.24
2023-06-12 11:00:00	423131	508581	931712	1.2
2023-06-12 11:30:00	467125	574485	1041610	1.23
2023-06-12 12:00:00	518753	618752	1137505	1.19
2023-06-12 12:30:00	563877	690536	1254413	1.22
2023-06-12 13:00:00	632341	766121	1398462	1.21
2023-06-12 13:30:00	666576	810814	1477390	1.22
2023-06-12 14:00:00	804407	879891	1684298	1.09
2023-06-12 14:30:00	925115	1035651	1960766	1.12
2023-06-12 15:00:00	1170257	1272500	2442757	1.09
2023-06-12 15:15:00	1249354	1379498	2628852	1.1
2023-06-09 09:00:00	229824	271694	501518	1.18
2023-06-09 09:30:00	427702	485561	913263	1.14
2023-06-09 10:00:00	663929	734389	1398318	1.11
2023-06-09 10:30:00	866488	932893	1799381	1.08
2023-06-09 11:00:00	1015512	1104495	2120007	1.09
2023-06-09 11:30:00	1176451	1251776	2428227	1.06
2023-06-09 12:00:00	1267434	1318239	2585673	1.04
2023-06-09 12:30:00	1357671	1389148	2746819	1.02
2023-06-09 13:00:00	1445840	1490949	2936789	1.03
2023-06-09 13:30:00	1534649	1612498	3147147	1.05
2023-06-09 14:00:00	1636275	1754351	3390626	1.07
2023-06-09 14:30:00	1740271	1863100	3603371	1.07
2023-06-09 15:00:00	1867017	2052606	3919623	1.1
2023-06-09 15:15:00	1925838	2153839	4079677	1.12
2023-06-08 09:00:00	234758	99531	334289	0.42
2023-06-08 09:30:00	341218	167663	508881	0.49
2023-06-08 10:00:00	457602	273350	730952	0.6
2023-06-08 10:30:00	570173	471153	1041326	0.83
2023-06-08 11:00:00	724634	569588	1294222	0.79
2023-06-08 11:30:00	812185	648737	1460922	0.8
2023-06-08 12:00:00	931677	715386	1647063	0.77
2023-06-08 12:30:00	984015	807362	1791377	0.82
2023-06-08 13:00:00	1047585	849794	1897379	0.81
2023-06-08 13:30:00	1089874	902417	1992291	0.83
2023-06-08 14:00:00	1129744	973672	2103416	0.86
2023-06-08 14:30:00	1179055	1064189	2243244	0.9
2023-06-08 15:00:00	1287917	1213438	2501355	0.94
2023-06-08 15:15:00	1344197	1274274	2618471	0.95
2023-06-07 09:00:00	168094	128800	296894	0.77
2023-06-07 09:30:00	245056	280980	526036	1.15
2023-06-07 10:00:00	353672	399243	752915	1.13
2023-06-07 10:30:00	432785	509704	942489	1.18
2023-06-07 11:00:00	515958	613958	1129916	1.19
2023-06-07 11:30:00	550832	670317	1221149	1.22
2023-06-07 12:00:00	590335	726930	1317265	1.23
2023-06-07 12:30:00	648538	780557	1429095	1.2
2023-06-07 13:00:00	688894	838986	1527880	1.22
2023-06-07 13:30:00	726079	875017	1601096	1.21
2023-06-07 14:00:00	770447	939717	1710164	1.22
2023-06-07 14:30:00	820476	996782	1817258	1.21
2023-06-07 15:00:00	952596	1172663	2125259	1.23
2023-06-07 15:15:00	995512	1265279	2260791	1.27
2023-06-06 09:00:00	97583	118836	216419	1.22
2023-06-06 09:30:00	213354	262607	475961	1.23
2023-06-06 10:00:00	309896	387828	697724	1.25
2023-06-06 10:30:00	447582	471479	919061	1.05
2023-06-06 11:00:00	492529	558411	1050940	1.13
2023-06-06 11:30:00	544930	632908	1177838	1.16
2023-06-06 12:00:00	615010	712282	1327292	1.16
2023-06-06 12:30:00	680982	793266	1474248	1.16
2023-06-06 13:00:00	712785	870081	1582866	1.22
2023-06-06 13:30:00	781853	925694	1707547	1.18
2023-06-06 14:00:00	838680	985106	1823786	1.17
2023-06-06 14:30:00	957377	1135711	2093088	1.19
2023-06-06 15:00:00	1122400	1323629	2446029	1.18
2023-06-06 15:15:00	1168708	1423930	2592638	1.22
2023-06-05 09:00:00	97261	115935	213196	1.19
2023-06-05 09:30:00	188309	217908	406217	1.16
2023-06-05 10:00:00	267486	328438	595924	1.23
2023-06-05 10:30:00	307210	399539	706749	1.3
2023-06-05 11:00:00	393904	462467	856371	1.17
2023-06-05 11:30:00	444597	505823	950420	1.14
2023-06-05 12:00:00	513184	547455	1060639	1.07
2023-06-05 12:30:00	631554	597220	1228774	0.95
2023-06-05 13:00:00	672328	636514	1308842	0.95
2023-06-05 13:30:00	703016	694731	1397747	0.99
2023-06-05 14:00:00	771310	795437	1566747	1.03
2023-06-05 14:30:00	821871	872311	1694182	1.06
2023-06-05 15:00:00	912499	1040625	1953124	1.14
2023-06-05 15:15:00	948069	1101439	2049508	1.16
2023-06-02 09:00:00	305013	301900	606913	0.99
2023-06-02 09:30:00	756666	493996	1250662	0.65
2023-06-02 10:00:00	1006443	692801	1699244	0.69
2023-06-02 10:30:00	1259108	922707	2181815	0.73
2023-06-02 11:00:00	1549900	1099833	2649733	0.71
2023-06-02 11:30:00	1828394	1279865	3108259	0.7
2023-06-02 12:00:00	2044597	1397492	3442089	0.68
2023-06-02 12:30:00	2200182	1511852	3712034	0.69
2023-06-02 13:00:00	2311810	1637154	3948964	0.71
2023-06-02 13:30:00	2418277	1760250	4178527	0.73
2023-06-02 14:00:00	2571018	1870016	4441034	0.73
2023-06-02 14:30:00	2764577	2025454	4790031	0.73
2023-06-02 15:00:00	2963929	2265570	5229499	0.76
2023-06-02 15:15:00	3029720	2367499	5397219	0.78
2023-06-01 09:00:00	134113	113653	247766	0.85
2023-06-01 09:30:00	338031	267282	605313	0.79
2023-06-01 10:00:00	514531	412606	927137	0.8
2023-06-01 10:30:00	612399	562400	1174799	0.92
2023-06-01 11:00:00	736489	670634	1407123	0.91
2023-06-01 11:30:00	846304	761241	1607545	0.9
2023-06-01 12:00:00	933805	838349	1772154	0.9
2023-06-01 12:30:00	974705	889885	1864590	0.91
2023-06-01 13:00:00	1125704	954378	2080082	0.85
2023-06-01 13:30:00	1201674	1047114	2248788	0.87
2023-06-01 14:00:00	1253685	1113376	2367061	0.89
2023-06-01 14:30:00	1328094	1217830	2545924	0.92
2023-06-01 15:00:00	1419694	1379308	2799002	0.97
2023-06-01 15:15:00	1467803	1435124	2902927	0.98
2023-05-31 09:00:00	64834	105983	170817	1.63
2023-05-31 09:30:00	123671	221170	344841	1.79
2023-05-31 10:00:00	194041	311918	505959	1.61
2023-05-31 10:30:00	231441	364510	595951	1.57
2023-05-31 11:00:00	260168	407781	667949	1.57
2023-05-31 11:30:00	303765	441948	745713	1.45
2023-05-31 12:00:00	352751	510334	863085	1.45
2023-05-31 12:30:00	377989	551644	929633	1.46
2023-05-31 13:00:00	417553	607807	1025360	1.46
2023-05-31 13:30:00	456169	665336	1121505	1.46
2023-05-31 14:00:00	499452	706292	1205744	1.41
2023-05-31 14:30:00	552390	775516	1327906	1.4
2023-05-31 15:00:00	635841	941793	1577634	1.48
2023-05-31 15:15:00	702773	1015297	1718070	1.44
2023-05-30 09:00:00	247840	239318	487158	0.97
2023-05-30 09:30:00	475603	425558	901161	0.89
2023-05-30 10:00:00	572789	549182	1121971	0.96
2023-05-30 10:30:00	676098	667717	1343815	0.99
2023-05-30 11:00:00	754853	739581	1494434	0.98
2023-05-30 11:30:00	812019	815143	1627162	1.0
2023-05-30 12:00:00	894748	891716	1786464	1.0
2023-05-30 12:30:00	954430	973712	1928142	1.02
2023-05-30 13:00:00	1039079	1084884	2123963	1.04
2023-05-30 13:30:00	1186609	1236802	2423411	1.04
2023-05-30 14:00:00	1318293	1361163	2679456	1.03
2023-05-30 14:30:00	1419548	1502651	2922199	1.06
2023-05-30 15:00:00	1564602	1693448	3258050	1.08
2023-05-30 15:15:00	1597126	1756171	3353297	1.1
2023-05-26 09:00:00	189706	177774	367480	0.94
2023-05-26 09:30:00	343910	393333	737243	1.14
2023-05-26 10:00:00	544919	544958	1089877	1.0
2023-05-26 10:30:00	650299	689467	1339766	1.06
2023-05-26 11:00:00	745897	794292	1540189	1.06
2023-05-26 11:30:00	818615	878336	1696951	1.07
2023-05-26 12:00:00	894865	980544	1875409	1.1
2023-05-26 12:30:00	972047	1046927	2018974	1.08
2023-05-26 13:00:00	1037070	1125524	2162594	1.09
2023-05-26 13:30:00	1099799	1222745	2322544	1.11
2023-05-26 14:00:00	1222853	1367029	2589882	1.12
2023-05-26 14:30:00	1394764	1539276	2934040	1.1
2023-05-26 15:00:00	1601899	1776403	3378302	1.11
2023-05-26 15:15:00	1646359	1865319	3511678	1.13
2023-05-25 09:00:00	94711	125693	220404	1.33
2023-05-25 09:30:00	139545	206475	346020	1.48
2023-05-25 10:00:00	199590	260286	459876	1.3
2023-05-25 10:30:00	252554	330734	583288	1.31
2023-05-25 11:00:00	293183	382710	675893	1.31
2023-05-25 11:30:00	328659	441781	770440	1.34
2023-05-25 12:00:00	362400	493441	855841	1.36
2023-05-25 12:30:00	406767	535286	942053	1.32
2023-05-25 13:00:00	422299	653835	1076134	1.55
2023-05-25 13:30:00	468967	705641	1174608	1.5
2023-05-25 14:00:00	522705	740704	1263409	1.42
2023-05-25 14:30:00	562087	807321	1369408	1.44
2023-05-25 15:00:00	636817	962504	1599321	1.51
2023-05-25 15:15:00	677026	1010470	1687496	1.49
2023-05-24 09:00:00	127426	175949	303375	1.38
2023-05-24 09:30:00	219754	378000	597754	1.72
2023-05-24 10:00:00	346595	453556	800151	1.31
2023-05-24 10:30:00	438561	569759	1008320	1.3
2023-05-24 11:00:00	479217	633779	1112996	1.32
2023-05-24 11:30:00	570965	740110	1311075	1.3
2023-05-24 12:00:00	617405	799967	1417372	1.3
2023-05-24 12:30:00	659303	846259	1505562	1.28
2023-05-24 13:00:00	707024	926901	1633925	1.31
2023-05-24 13:30:00	748208	977312	1725520	1.31
2023-05-24 14:00:00	793017	1037741	1830758	1.31
2023-05-24 14:30:00	862590	1128714	1991304	1.31
2023-05-24 15:00:00	980530	1314095	2294625	1.34
2023-05-24 15:15:00	1018356	1386137	2404493	1.36
2023-05-23 09:00:00	91823	92538	184361	1.01
2023-05-23 09:30:00	146774	165744	312518	1.13
2023-05-23 10:00:00	199498	238797	438295	1.2
2023-05-23 10:30:00	236281	282366	518647	1.2
2023-05-23 11:00:00	263987	355333	619320	1.35
2023-05-23 11:30:00	292223	388785	681008	1.33
2023-05-23 12:00:00	373220	461975	835195	1.24
2023-05-23 12:30:00	417036	521216	938252	1.25
2023-05-23 13:00:00	495076	606511	1101587	1.23
2023-05-23 13:30:00	569498	692354	1261852	1.22
2023-05-23 14:00:00	647188	786281	1433469	1.21
2023-05-23 14:30:00	766646	865438	1632084	1.13
2023-05-23 15:00:00	846573	1002796	1849369	1.18
2023-05-23 15:15:00	896603	1067915	1964518	1.19
2023-05-22 09:00:00	80548	104366	184914	1.3
2023-05-22 09:30:00	473764	204779	678543	0.43
2023-05-22 10:00:00	533887	288845	822732	0.54
2023-05-22 10:30:00	606091	342248	948339	0.56
2023-05-22 11:00:00	654965	407500	1062465	0.62
2023-05-22 11:30:00	685688	455621	1141309	0.66
2023-05-22 12:00:00	801539	518508	1320047	0.65
2023-05-22 12:30:00	844261	585955	1430216	0.69
2023-05-22 13:00:00	890829	657372	1548201	0.74
2023-05-22 13:30:00	1027043	729877	1756920	0.71
2023-05-22 14:00:00	1125760	814748	1940508	0.72
2023-05-22 14:30:00	1163433	904470	2067903	0.78
2023-05-22 15:00:00	1268352	1044431	2312783	0.82
2023-05-22 15:15:00	1309904	1095367	2405271	0.84
2023-05-19 09:00:00	200362	182321	382683	0.91
2023-05-19 09:30:00	375786	336880	712666	0.9
2023-05-19 10:00:00	496386	501712	998098	1.01
2023-05-19 10:30:00	669806	658741	1328547	0.98
2023-05-19 11:00:00	800675	912298	1712973	1.14
2023-05-19 11:30:00	1141909	1091658	2233567	0.96
2023-05-19 12:00:00	1281193	1255714	2536907	0.98
2023-05-19 12:30:00	1361391	1341636	2703027	0.99
2023-05-19 13:00:00	1457497	1427138	2884635	0.98
2023-05-19 13:30:00	1558506	1541043	3099549	0.99
2023-05-19 14:00:00	1662311	1644900	3307211	0.99
2023-05-19 14:30:00	1782459	1794572	3577031	1.01
2023-05-19 15:00:00	1898190	1969427	3867617	1.04
2023-05-19 15:15:00	1937822	2076679	4014501	1.07
2023-05-18 09:00:00	127393	102676	230069	0.81
2023-05-18 09:30:00	762988	234021	997009	0.31
2023-05-18 10:00:00	856751	377610	1234361	0.44
2023-05-18 10:30:00	1065010	471878	1536888	0.44
2023-05-18 11:00:00	1129850	535935	1665785	0.47
2023-05-18 11:30:00	1183428	616732	1800160	0.52
2023-05-18 12:00:00	1260320	679617	1939937	0.54
2023-05-18 12:30:00	1324295	775140	2099435	0.59
2023-05-18 13:00:00	1362872	834292	2197164	0.61
2023-05-18 13:30:00	1405035	895706	2300741	0.64
2023-05-18 14:00:00	1457113	988763	2445876	0.68
2023-05-18 14:30:00	1582559	1105728	2688287	0.7
2023-05-18 15:00:00	1769503	1326053	3095556	0.75
2023-05-18 15:15:00	1848077	1411324	3259401	0.76
2023-05-17 09:00:00	167620	205291	372911	1.22
2023-05-17 09:30:00	248328	292494	540822	1.18
2023-05-17 10:00:00	314671	369441	684112	1.17
2023-05-17 10:30:00	487375	442860	930235	0.91
2023-05-17 11:00:00	555166	488493	1043659	0.88
2023-05-17 11:30:00	566526	557040	1123566	0.98
2023-05-17 12:00:00	702323	721799	1424122	1.03
2023-05-17 12:30:00	806692	848392	1655084	1.05
2023-05-17 13:00:00	892461	939553	1832014	1.05
2023-05-17 13:30:00	950640	1000374	1951014	1.05
2023-05-17 14:00:00	993857	1086763	2080620	1.09
2023-05-17 14:30:00	1053550	1154179	2207729	1.1
2023-05-17 15:00:00	1139690	1284504	2424194	1.13
2023-05-17 15:15:00	1181491	1420606	2602097	1.2
2023-05-16 09:00:00	96994	112625	209619	1.16
2023-05-16 09:30:00	168615	235534	404149	1.4
2023-05-16 10:00:00	251104	334394	585498	1.33
2023-05-16 10:30:00	341558	396951	738509	1.16
2023-05-16 11:00:00	492260	516554	1008814	1.05
2023-05-16 11:30:00	572857	581853	1154710	1.02
2023-05-16 12:00:00	650648	636238	1286886	0.98
2023-05-16 12:30:00	686558	670122	1356680	0.98
2023-05-16 13:00:00	928848	722695	1651543	0.78
2023-05-16 13:30:00	969245	789146	1758391	0.81
2023-05-16 14:00:00	1037582	862615	1900197	0.83
2023-05-16 14:30:00	1109643	948701	2058344	0.85
2023-05-16 15:00:00	1196681	1110044	2306725	0.93
2023-05-16 15:15:00	1255995	1199798	2455793	0.96
2023-05-15 09:00:00	92226	106573	198799	1.16
2023-05-15 09:30:00	172671	184931	357602	1.07
2023-05-15 10:00:00	214876	246953	461829	1.15
2023-05-15 10:30:00	282994	309470	592464	1.09
2023-05-15 11:00:00	331657	395957	727614	1.19
2023-05-15 11:30:00	384683	496415	881098	1.29
2023-05-15 12:00:00	431905	549864	981769	1.27
2023-05-15 12:30:00	547980	628087	1176067	1.15
2023-05-15 13:00:00	635716	714949	1350665	1.12
2023-05-15 13:30:00	721625	770175	1491800	1.07
2023-05-15 14:00:00	761397	832150	1593547	1.09
2023-05-15 14:30:00	794319	892286	1686605	1.12
2023-05-15 15:00:00	902348	1059368	1961716	1.17
2023-05-15 15:15:00	943560	1119599	2063159	1.19
2023-05-12 09:00:00	184418	228952	413370	1.24
2023-05-12 09:30:00	349417	405142	754559	1.16
2023-05-12 10:00:00	468281	527595	995876	1.13
2023-05-12 10:30:00	561215	663152	1224367	1.18
2023-05-12 11:00:00	658471	784791	1443262	1.19
2023-05-12 11:30:00	754419	903175	1657594	1.2
2023-05-12 12:00:00	867710	1007866	1875576	1.16
2023-05-12 12:30:00	1051197	1151672	2202869	1.1
2023-05-12 13:00:00	1136615	1227197	2363812	1.08
2023-05-12 13:30:00	1240775	1327188	2567963	1.07
2023-05-12 14:00:00	1314469	1430875	2745344	1.09
2023-05-12 14:30:00	1431669	1576161	3007830	1.1
2023-05-12 15:00:00	1712070	1863765	3575835	1.09
2023-05-12 15:15:00	1744635	1944382	3689017	1.11
2023-05-11 09:00:00	75797	110824	186621	1.46
2023-05-11 09:30:00	127683	188428	316111	1.48
2023-05-11 10:00:00	204331	276980	481311	1.36
2023-05-11 10:30:00	296736	343919	640655	1.16
2023-05-11 11:00:00	353057	385185	738242	1.09
2023-05-11 11:30:00	391635	461624	853259	1.18
2023-05-11 12:00:00	554692	496295	1050987	0.89
2023-05-11 12:30:00	585671	538111	1123782	0.92
2023-05-11 13:00:00	613132	588805	1201937	0.96
2023-05-11 13:30:00	648782	631038	1279820	0.97
2023-05-11 14:00:00	724307	709758	1434065	0.98
2023-05-11 14:30:00	864066	808248	1672314	0.94
2023-05-11 15:00:00	996661	1025285	2021946	1.03
2023-05-11 15:15:00	1043589	1075583	2119172	1.03
2023-05-10 09:00:00	190089	204391	394480	1.08
2023-05-10 09:30:00	242406	301786	544192	1.24
2023-05-10 10:00:00	307611	371921	679532	1.21
2023-05-10 10:30:00	396662	443735	840397	1.12
2023-05-10 11:00:00	527310	512345	1039655	0.97
2023-05-10 11:30:00	577850	609512	1187362	1.05
2023-05-10 12:00:00	625024	666121	1291145	1.07
2023-05-10 12:30:00	678186	730068	1408254	1.08
2023-05-10 13:00:00	775167	858326	1633493	1.11
2023-05-10 13:30:00	873090	910995	1784085	1.04
2023-05-10 14:00:00	928806	980919	1909725	1.06
2023-05-10 14:30:00	1048033	1091608	2139641	1.04
2023-05-10 15:00:00	1144823	1228858	2373681	1.07
2023-05-10 15:15:00	1191039	1278551	2469590	1.07
2023-05-09 09:00:00	126571	95978	222549	0.76
2023-05-09 09:30:00	243358	173329	416687	0.71
2023-05-09 10:00:00	287129	233060	520189	0.81
2023-05-09 10:30:00	351147	287151	638298	0.82
2023-05-09 11:00:00	375028	329685	704713	0.88
2023-05-09 11:30:00	401617	358844	760461	0.89
2023-05-09 12:00:00	425760	400782	826542	0.94
2023-05-09 12:30:00	488565	446814	935379	0.91
2023-05-09 13:00:00	532260	524313	1056573	0.99
2023-05-09 13:30:00	581545	556804	1138349	0.96
2023-05-09 14:00:00	620743	623046	1243789	1.0
2023-05-09 14:30:00	682999	714844	1397843	1.05
2023-05-09 15:00:00	764535	831737	1596272	1.09
2023-05-09 15:15:00	814264	887315	1701579	1.09
2023-05-08 09:00:00	74765	89957	164722	1.2
2023-05-08 09:30:00	127009	174652	301661	1.38
2023-05-08 10:00:00	175660	217674	393334	1.24
2023-05-08 10:30:00	206331	280722	487053	1.36
2023-05-08 11:00:00	231629	335158	566787	1.45
2023-05-08 11:30:00	295214	373138	668352	1.26
2023-05-08 12:00:00	339935	403727	743662	1.19
2023-05-08 12:30:00	371117	458048	829165	1.23
2023-05-08 13:00:00	410020	508246	918266	1.24
2023-05-08 13:30:00	471388	626919	1098307	1.33
2023-05-08 14:00:00	517631	698314	1215945	1.35
2023-05-08 14:30:00	577074	769759	1346833	1.33
2023-05-08 15:00:00	661382	908101	1569483	1.37
2023-05-08 15:15:00	684488	958836	1643324	1.4
2023-05-05 09:00:00	212111	213657	425768	1.01
2023-05-05 09:30:00	382274	427587	809861	1.12
2023-05-05 10:00:00	486648	593976	1080624	1.22
2023-05-05 10:30:00	647537	735150	1382687	1.14
2023-05-05 11:00:00	744152	816928	1561080	1.1
2023-05-05 11:30:00	822469	885739	1708208	1.08
2023-05-05 12:00:00	915559	986610	1902169	1.08
2023-05-05 12:30:00	1005118	1058603	2063721	1.05
2023-05-05 13:00:00	1092654	1146106	2238760	1.05
2023-05-05 13:30:00	1263474	1282284	2545758	1.01
2023-05-05 14:00:00	1452215	1421539	2873754	0.98
2023-05-05 14:30:00	1593148	1577898	3171046	0.99
2023-05-05 15:00:00	1757008	1858677	3615685	1.06
2023-05-05 15:15:00	1787823	1975551	3763374	1.11
2023-05-04 09:00:00	172658	169767	342425	0.98
2023-05-04 09:30:00	510756	340036	850792	0.67
2023-05-04 10:00:00	708138	484941	1193079	0.68
2023-05-04 10:30:00	1222318	582946	1805264	0.48
2023-05-04 11:00:00	1351187	681367	2032554	0.5
2023-05-04 11:30:00	1485896	817698	2303594	0.55
2023-05-04 12:00:00	1592944	879687	2472631	0.55
2023-05-04 12:30:00	1637112	983856	2620968	0.6
2023-05-04 13:00:00	1672497	1029396	2701893	0.62
2023-05-04 13:30:00	1737701	1078315	2816016	0.62
2023-05-04 14:00:00	1791218	1152862	2944080	0.64
2023-05-04 14:30:00	1874835	1253707	3128542	0.67
2023-05-04 15:00:00	1993892	1406838	3400730	0.71
2023-05-04 15:15:00	2021617	1464921	3486538	0.72
2023-05-03 09:00:00	62386	79815	142201	1.28
2023-05-03 09:30:00	123013	154176	277189	1.25
2023-05-03 10:00:00	162019	193675	355694	1.2
2023-05-03 10:30:00	221788	283196	504984	1.28
2023-05-03 11:00:00	261707	334643	596350	1.28
2023-05-03 11:30:00	289854	373526	663380	1.29
2023-05-03 12:00:00	315314	403702	719016	1.28
2023-05-03 12:30:00	340298	453237	793535	1.33
2023-05-03 13:00:00	364058	506554	870612	1.39
2023-05-03 13:30:00	404092	570598	974690	1.41
2023-05-03 14:00:00	459114	659976	1119090	1.44
2023-05-03 14:30:00	556718	804972	1361690	1.45
2023-05-03 15:00:00	717108	1034154	1751262	1.44
2023-05-03 15:15:00	757431	1114154	1871585	1.47
2023-05-02 09:00:00	196510	141176	337686	0.72
2023-05-02 09:30:00	389654	311811	701465	0.8
2023-05-02 10:00:00	581078	479561	1060639	0.83
2023-05-02 10:30:00	770419	631973	1402392	0.82
2023-05-02 11:00:00	900669	737747	1638416	0.82
2023-05-02 11:30:00	957562	824040	1781602	0.86
2023-05-02 12:00:00	1041799	893389	1935188	0.86
2023-05-02 12:30:00	1088405	959037	2047442	0.88
2023-05-02 13:00:00	1157581	1001002	2158583	0.86
2023-05-02 13:30:00	1216110	1054667	2270777	0.87
2023-05-02 14:00:00	1278241	1125371	2403612	0.88
2023-05-02 14:30:00	1337415	1236955	2574370	0.92
2023-05-02 15:00:00	1412289	1386942	2799231	0.98
2023-05-02 15:15:00	1438352	1437394	2875746	1.0
2023-05-01 09:00:00	111918	103076	214994	0.92
2023-05-01 09:30:00	193112	232596	425708	1.2
2023-05-01 10:00:00	299655	322874	622529	1.08
2023-05-01 10:30:00	388767	418604	807371	1.08
2023-05-01 11:00:00	431816	494898	926714	1.15
2023-05-01 11:30:00	459474	542069	1001543	1.18
2023-05-01 12:00:00	503763	617470	1121233	1.23
2023-05-01 12:30:00	573298	649920	1223218	1.13
2023-05-01 13:00:00	602389	697716	1300105	1.16
2023-05-01 13:30:00	641433	739005	1380438	1.15
2023-05-01 14:00:00	688228	796856	1485084	1.16
2023-05-01 14:30:00	727112	858429	1585541	1.18
2023-05-01 15:00:00	816844	1004346	1821190	1.23
2023-05-01 15:15:00	845846	1051662	1897508	1.24
2023-04-28 09:00:00	182947	168583	351530	0.92
2023-04-28 09:30:00	427316	398216	825532	0.93
2023-04-28 10:00:00	609414	600375	1209789	0.99
2023-04-28 10:30:00	718721	712749	1431470	0.99
2023-04-28 11:00:00	831860	860353	1692213	1.03
2023-04-28 11:30:00	988406	974078	1962484	0.99
2023-04-28 12:00:00	1079936	1093990	2173926	1.01
2023-04-28 12:30:00	1155305	1181764	2337069	1.02
2023-04-28 13:00:00	1254062	1271436	2525498	1.01
2023-04-28 13:30:00	1339982	1372343	2712325	1.02
2023-04-28 14:00:00	1474228	1515575	2989803	1.03
2023-04-28 14:30:00	1637392	1675759	3313151	1.02
2023-04-28 15:00:00	1806189	1878507	3684696	1.04
2023-04-28 15:15:00	1912238	2009654	3921892	1.05
2023-04-27 09:00:00	112911	116961	229872	1.04
2023-04-27 09:30:00	200882	211822	412704	1.05
2023-04-27 10:00:00	272739	333679	606418	1.22
2023-04-27 10:30:00	345605	435858	781463	1.26
2023-04-27 11:00:00	403767	489014	892781	1.21
2023-04-27 11:30:00	441427	541754	983181	1.23
2023-04-27 12:00:00	527751	592384	1120135	1.12
2023-04-27 12:30:00	567493	655403	1222896	1.15
2023-04-27 13:00:00	632984	721176	1354160	1.14
2023-04-27 13:30:00	713268	808806	1522074	1.13
2023-04-27 14:00:00	798782	925436	1724218	1.16
2023-04-27 14:30:00	873868	1050629	1924497	1.2
2023-04-27 15:00:00	1036868	1211377	2248245	1.17
2023-04-27 15:15:00	1089245	1300571	2389816	1.19
2023-04-26 09:00:00	96641	86928	183569	0.9
2023-04-26 09:30:00	231349	205469	436818	0.89
2023-04-26 10:00:00	299016	257186	556202	0.86
2023-04-26 10:30:00	361368	328912	690280	0.91
2023-04-26 11:00:00	423331	418118	841449	0.99
2023-04-26 11:30:00	471738	459420	931158	0.97
2023-04-26 12:00:00	501025	493984	995009	0.99
2023-04-26 12:30:00	552015	531031	1083046	0.96
2023-04-26 13:00:00	598053	586157	1184210	0.98
2023-04-26 13:30:00	651549	651881	1303430	1.0
2023-04-26 14:00:00	714899	715484	1430383	1.0
2023-04-26 14:30:00	799950	801808	1601758	1.0
2023-04-26 15:00:00	919083	931252	1850335	1.01
2023-04-26 15:15:00	953647	991076	1944723	1.04
2023-04-25 09:00:00	81311	119235	200546	1.47
2023-04-25 09:30:00	178712	230569	409281	1.29
2023-04-25 10:00:00	259208	313547	572755	1.21
2023-04-25 10:30:00	374369	404967	779336	1.08
2023-04-25 11:00:00	432755	452597	885352	1.05
2023-04-25 11:30:00	480428	495237	975665	1.03
2023-04-25 12:00:00	530226	566202	1096428	1.07
2023-04-25 12:30:00	646541	667697	1314238	1.03
2023-04-25 13:00:00	711588	771168	1482756	1.08
2023-04-25 13:30:00	816670	904289	1720959	1.11
2023-04-25 14:00:00	944299	978348	1922647	1.04
2023-04-25 14:30:00	1042944	1072714	2115658	1.03
2023-04-25 15:00:00	1170699	1250017	2420716	1.07
2023-04-25 15:15:00	1220922	1301907	2522829	1.07
2023-04-24 09:00:00	73684	103197	176881	1.4
2023-04-24 09:30:00	158522	163583	322105	1.03
2023-04-24 10:00:00	222290	241975	464265	1.09
2023-04-24 10:30:00	263950	320633	584583	1.21
2023-04-24 11:00:00	301070	367479	668549	1.22
2023-04-24 11:30:00	332691	438303	770994	1.32
2023-04-24 12:00:00	378926	480137	859063	1.27
2023-04-24 12:30:00	456478	539957	996435	1.18
2023-04-24 13:00:00	494853	597300	1092153	1.21
2023-04-24 13:30:00	530904	634149	1165053	1.19
2023-04-24 14:00:00	567590	666245	1233835	1.17
2023-04-24 14:30:00	718184	758701	1476885	1.06
2023-04-24 15:00:00	799929	879796	1679725	1.1
2023-04-24 15:15:00	827941	923695	1751636	1.12
2023-04-21 09:00:00	149697	218565	368262	1.46
2023-04-21 09:30:00	315604	373921	689525	1.18
2023-04-21 10:00:00	485654	521170	1006824	1.07
2023-04-21 10:30:00	637434	661506	1298940	1.04
2023-04-21 11:00:00	713778	746362	1460140	1.05
2023-04-21 11:30:00	907719	831714	1739433	0.92
2023-04-21 12:00:00	952629	893833	1846462	0.94
2023-04-21 12:30:00	1018991	965985	1984976	0.95
2023-04-21 13:00:00	1125362	1059772	2185134	0.94
2023-04-21 13:30:00	1205136	1141307	2346443	0.95
2023-04-21 14:00:00	1283181	1247247	2530428	0.97
2023-04-21 14:30:00	1392808	1361933	2754741	0.98
2023-04-21 15:00:00	1518970	1509988	3028958	0.99
2023-04-21 15:15:00	1582095	1617619	3199714	1.02
2023-04-20 09:00:00	171394	151792	323186	0.89
2023-04-20 09:30:00	270565	275632	546197	1.02
2023-04-20 10:00:00	341024	352865	693889	1.03
2023-04-20 10:30:00	385584	402900	788484	1.04
2023-04-20 11:00:00	448133	465319	913452	1.04
2023-04-20 11:30:00	647512	523140	1170652	0.81
2023-04-20 12:00:00	698388	562682	1261070	0.81
2023-04-20 12:30:00	745804	692805	1438609	0.93
2023-04-20 13:00:00	785506	774218	1559724	0.99
2023-04-20 13:30:00	823825	834647	1658472	1.01
2023-04-20 14:00:00	915176	925689	1840865	1.01
2023-04-20 14:30:00	1048623	1072581	2121204	1.02
2023-04-20 15:00:00	1138399	1231424	2369823	1.08
2023-04-20 15:15:00	1179645	1300466	2480111	1.1
2023-04-19 09:00:00	224722	260514	485236	1.16
2023-04-19 09:30:00	283573	347913	631486	1.23
2023-04-19 10:00:00	381390	436128	817518	1.14
2023-04-19 10:30:00	602021	570929	1172950	0.95
2023-04-19 11:00:00	675681	709744	1385425	1.05
2023-04-19 11:30:00	852944	851765	1704709	1.0
2023-04-19 12:00:00	911848	911398	1823246	1.0
2023-04-19 12:30:00	964433	991820	1956253	1.03
2023-04-19 13:00:00	997488	1059479	2056967	1.06
2023-04-19 13:30:00	1078455	1130268	2208723	1.05
2023-04-19 14:00:00	1107038	1184289	2291327	1.07
2023-04-19 14:30:00	1212982	1263186	2476168	1.04
2023-04-19 15:00:00	1368012	1447402	2815414	1.06
2023-04-19 15:15:00	1404163	1522211	2926374	1.08
2023-04-18 09:00:00	118333	155982	274315	1.32
2023-04-18 09:30:00	301443	356417	657860	1.18
2023-04-18 10:00:00	394124	478382	872506	1.21
2023-04-18 10:30:00	486885	561662	1048547	1.15
2023-04-18 11:00:00	547437	627844	1175281	1.15
2023-04-18 11:30:00	616428	692769	1309197	1.12
2023-04-18 12:00:00	682997	762002	1444999	1.12
2023-04-18 12:30:00	729626	828559	1558185	1.14
2023-04-18 13:00:00	783295	900614	1683909	1.15
2023-04-18 13:30:00	829913	967425	1797338	1.17
2023-04-18 14:00:00	880516	1061419	1941935	1.21
2023-04-18 14:30:00	1035342	1164916	2200258	1.13
2023-04-18 15:00:00	1318438	1353828	2672266	1.03
2023-04-18 15:15:00	1351563	1406936	2758499	1.04
2023-04-17 09:00:00	116539	155436	271975	1.33
2023-04-17 09:30:00	187274	318126	505400	1.7
2023-04-17 10:00:00	253697	425199	678896	1.68
2023-04-17 10:30:00	304191	503992	808183	1.66
2023-04-17 11:00:00	368326	566483	934809	1.54
2023-04-17 11:30:00	402456	602903	1005359	1.5
2023-04-17 12:00:00	462864	686558	1149422	1.48
2023-04-17 12:30:00	500442	731553	1231995	1.46
2023-04-17 13:00:00	523503	797132	1320635	1.52
2023-04-17 13:30:00	560166	872777	1432943	1.56
2023-04-17 14:00:00	614952	976430	1591382	1.59
2023-04-17 14:30:00	743766	1062153	1805919	1.43
2023-04-17 15:00:00	859274	1238873	2098147	1.44
2023-04-17 15:15:00	907919	1327695	2235614	1.46
2023-04-14 09:00:00	292298	241177	533475	0.83
2023-04-14 09:30:00	487924	443483	931407	0.91
2023-04-14 10:00:00	728415	612442	1340857	0.84
2023-04-14 10:30:00	828013	720929	1548942	0.87
2023-04-14 11:00:00	930174	814092	1744266	0.88
2023-04-14 11:30:00	1075676	913246	1988922	0.85
2023-04-14 12:00:00	1161559	1012217	2173776	0.87
2023-04-14 12:30:00	1238864	1106087	2344951	0.89
2023-04-14 13:00:00	1313407	1198821	2512228	0.91
2023-04-14 13:30:00	1407884	1310150	2718034	0.93
2023-04-14 14:00:00	1513603	1439810	2953413	0.95
2023-04-14 14:30:00	1669975	1626712	3296687	0.97
2023-04-14 15:00:00	1845587	1838192	3683779	1.0
2023-04-14 15:15:00	1931549	1930552	3862101	1.0
2023-04-13 09:00:00	104997	93243	198240	0.89
2023-04-13 09:30:00	374695	173144	547839	0.46
2023-04-13 10:00:00	451393	271418	722811	0.6
2023-04-13 10:30:00	566035	338334	904369	0.6
2023-04-13 11:00:00	617256	420212	1037468	0.68
2023-04-13 11:30:00	666716	481737	1148453	0.72
2023-04-13 12:00:00	717424	540987	1258411	0.75
2023-04-13 12:30:00	756692	589399	1346091	0.78
2023-04-13 13:00:00	824289	649072	1473361	0.79
2023-04-13 13:30:00	893457	750496	1643953	0.84
2023-04-13 14:00:00	988635	841356	1829991	0.85
2023-04-13 14:30:00	1101218	956630	2057848	0.87
2023-04-13 15:00:00	1222315	1115758	2338073	0.91
2023-04-13 15:15:00	1257124	1195696	2452820	0.95
2023-04-12 09:00:00	127919	110345	238264	0.86
2023-04-12 09:30:00	212315	185253	397568	0.87
2023-04-12 10:00:00	311133	288016	599149	0.93
2023-04-12 10:30:00	379066	388120	767186	1.02
2023-04-12 11:00:00	462073	439061	901134	0.95
2023-04-12 11:30:00	492059	487997	980056	0.99
2023-04-12 12:00:00	514014	535225	1049239	1.04
2023-04-12 12:30:00	547427	568301	1115728	1.04
2023-04-12 13:00:00	602464	622605	1225069	1.03
2023-04-12 13:30:00	652870	699921	1352791	1.07
2023-04-12 14:00:00	732744	787824	1520568	1.08
2023-04-12 14:30:00	864757	869181	1733938	1.01
2023-04-12 15:00:00	985986	996482	1982468	1.01
2023-04-12 15:15:00	1029683	1061792	2091475	1.03
2023-04-11 09:00:00	69403	99159	168562	1.43
2023-04-11 09:30:00	149924	196959	346883	1.31
2023-04-11 10:00:00	199667	291214	490881	1.46
2023-04-11 10:30:00	276689	343569	620258	1.24
2023-04-11 11:00:00	312804	374851	687655	1.2
2023-04-11 11:30:00	344290	444985	789275	1.29
2023-04-11 12:00:00	413774	522017	935791	1.26
2023-04-11 12:30:00	485113	608522	1093635	1.25
2023-04-11 13:00:00	514002	644273	1158275	1.25
2023-04-11 13:30:00	543221	696692	1239913	1.28
2023-04-11 14:00:00	605038	750901	1355939	1.24
2023-04-11 14:30:00	651924	949018	1600942	1.46
2023-04-11 15:00:00	804530	1115256	1919786	1.39
2023-04-11 15:15:00	842071	1156752	1998823	1.37
2023-04-10 09:00:00	115583	106743	222326	0.92
2023-04-10 09:30:00	185595	156787	342382	0.84
2023-04-10 10:00:00	247057	217588	464645	0.88
2023-04-10 10:30:00	279193	339323	618516	1.22
2023-04-10 11:00:00	320998	398568	719566	1.24
2023-04-10 11:30:00	348337	454265	802602	1.3
2023-04-10 12:00:00	387729	499375	887104	1.29
2023-04-10 12:30:00	439855	575546	1015401	1.31
2023-04-10 13:00:00	468268	619111	1087379	1.32
2023-04-10 13:30:00	508512	655098	1163610	1.29
2023-04-10 14:00:00	540432	705915	1246347	1.31
2023-04-10 14:30:00	577608	834146	1411754	1.44
2023-04-10 15:00:00	629263	944894	1574157	1.5
2023-04-10 15:15:00	656807	1011435	1668242	1.54
2023-04-06 09:00:00	132856	224778	357634	1.69
2023-04-06 09:30:00	285066	355306	640372	1.25
2023-04-06 10:00:00	381840	459159	840999	1.2
2023-04-06 10:30:00	479067	546244	1025311	1.14
2023-04-06 11:00:00	593551	691141	1284692	1.16
2023-04-06 11:30:00	713960	784208	1498168	1.1
2023-04-06 12:00:00	906903	928081	1834984	1.02
2023-04-06 12:30:00	1021401	1078292	2099693	1.06
2023-04-06 13:00:00	1081530	1152648	2234178	1.07
2023-04-06 13:30:00	1230317	1275240	2505557	1.04
2023-04-06 14:00:00	1310513	1369171	2679684	1.04
2023-04-06 14:30:00	1389253	1475768	2865021	1.06
2023-04-06 15:00:00	1511292	1665047	3176339	1.1
2023-04-06 15:15:00	1533564	1724543	3258107	1.12
2023-04-05 09:00:00	62423	86747	149170	1.39
2023-04-05 09:30:00	141537	174684	316221	1.23
2023-04-05 10:00:00	190226	279318	469544	1.47
2023-04-05 10:30:00	237428	324295	561723	1.37
2023-04-05 11:00:00	349007	411329	760336	1.18
2023-04-05 11:30:00	382982	462878	845860	1.21
2023-04-05 12:00:00	419243	501479	920722	1.2
2023-04-05 12:30:00	452636	533922	986558	1.18
2023-04-05 13:00:00	473407	561354	1034761	1.19
2023-04-05 13:30:00	495930	601198	1097128	1.21
2023-04-05 14:00:00	544683	654971	1199654	1.2
2023-04-05 14:30:00	600917	712268	1313185	1.19
2023-04-05 15:00:00	699414	822925	1522339	1.18
2023-04-05 15:15:00	734947	886403	1621350	1.21
2023-04-04 09:00:00	130197	134972	265169	1.04
2023-04-04 09:30:00	206330	286823	493153	1.39
2023-04-04 10:00:00	275631	395407	671038	1.43
2023-04-04 10:30:00	394630	494651	889281	1.25
2023-04-04 11:00:00	463597	551641	1015238	1.19
2023-04-04 11:30:00	541355	617487	1158842	1.14
2023-04-04 12:00:00	583307	668146	1251453	1.15
2023-04-04 12:30:00	624659	708745	1333404	1.13
2023-04-04 13:00:00	652008	756292	1408300	1.16
2023-04-04 13:30:00	687516	799964	1487480	1.16
2023-04-04 14:00:00	749363	846305	1595668	1.13
2023-04-04 14:30:00	864819	908616	1773435	1.05
2023-04-04 15:00:00	937373	1025368	1962741	1.09
2023-04-04 15:15:00	964233	1073263	2037496	1.11
2023-04-03 09:00:00	149084	162276	311360	1.09
2023-04-03 09:30:00	276927	240177	517104	0.87
2023-04-03 10:00:00	349026	399063	748089	1.14
2023-04-03 10:30:00	455134	485494	940628	1.07
2023-04-03 11:00:00	519756	549136	1068892	1.06
2023-04-03 11:30:00	592398	608132	1200530	1.03
2023-04-03 12:00:00	626285	670956	1297241	1.07
2023-04-03 12:30:00	650047	728627	1378674	1.12
2023-04-03 13:00:00	755612	807920	1563532	1.07
2023-04-03 13:30:00	819730	861112	1680842	1.05
2023-04-03 14:00:00	875810	908783	1784593	1.04
2023-04-03 14:30:00	979676	976726	1956402	1.0
2023-04-03 15:00:00	1082029	1106290	2188319	1.02
2023-04-03 15:15:00	1118584	1152839	2271423	1.03
2023-03-31 09:00:00	186970	188949	375919	1.01
2023-03-31 09:30:00	345410	348901	694311	1.01
2023-03-31 10:00:00	447182	466909	914091	1.04
2023-03-31 10:30:00	573887	613591	1187478	1.07
2023-03-31 11:00:00	742644	699561	1442205	0.94
2023-03-31 11:30:00	832465	826267	1658732	0.99
2023-03-31 12:00:00	917456	949029	1866485	1.03
2023-03-31 12:30:00	1012489	1075245	2087734	1.06
2023-03-31 13:00:00	1105763	1186091	2291854	1.07
2023-03-31 13:30:00	1210418	1318477	2528895	1.09
2023-03-31 14:00:00	1373180	1480047	2853227	1.08
2023-03-31 14:30:00	1574000	1684564	3258564	1.07
2023-03-31 15:00:00	1783572	1931576	3715148	1.08
2023-03-31 15:15:00	1939902	2163887	4103789	1.12
2023-03-30 09:00:00	106154	116589	222743	1.1
2023-03-30 09:30:00	234867	206937	441804	0.88
2023-03-30 10:00:00	324322	301512	625834	0.93
2023-03-30 10:30:00	388146	406787	794933	1.05
2023-03-30 11:00:00	431538	477704	909242	1.11
2023-03-30 11:30:00	490225	562426	1052651	1.15
2023-03-30 12:00:00	551845	621921	1173766	1.13
2023-03-30 12:30:00	595136	659601	1254737	1.11
2023-03-30 13:00:00	646550	711775	1358325	1.1
2023-03-30 13:30:00	685675	755696	1441371	1.1
2023-03-30 14:00:00	735983	831667	1567650	1.13
2023-03-30 14:30:00	805151	876526	1681677	1.09
2023-03-30 15:00:00	922814	998775	1921589	1.08
2023-03-30 15:15:00	973509	1051678	2025187	1.08
2023-03-29 09:00:00	130832	162226	293058	1.24
2023-03-29 09:30:00	251907	228043	479950	0.91
2023-03-29 10:00:00	336806	286205	623011	0.85
2023-03-29 10:30:00	425148	329986	755134	0.78
2023-03-29 11:00:00	491258	383399	874657	0.78
2023-03-29 11:30:00	527786	426223	954009	0.81
2023-03-29 12:00:00	570083	502409	1072492	0.88
2023-03-29 12:30:00	610979	546405	1157384	0.89
2023-03-29 13:00:00	632892	600384	1233276	0.95
2023-03-29 13:30:00	657393	635122	1292515	0.97
2023-03-29 14:00:00	730451	694081	1424532	0.95
2023-03-29 14:30:00	884341	809960	1694301	0.92
2023-03-29 15:00:00	981937	940884	1922821	0.96
2023-03-29 15:15:00	1020439	994816	2015255	0.97
2023-03-28 09:00:00	82975	108370	191345	1.31
2023-03-28 09:30:00	146770	168128	314898	1.15
2023-03-28 10:00:00	209513	252214	461727	1.2
2023-03-28 10:30:00	259380	358162	617542	1.38
2023-03-28 11:00:00	291548	399253	690801	1.37
2023-03-28 11:30:00	324054	477034	801088	1.47
2023-03-28 12:00:00	366160	523875	890035	1.43
2023-03-28 12:30:00	406366	566894	973260	1.4
2023-03-28 13:00:00	474957	645016	1119973	1.36
2023-03-28 13:30:00	506777	695377	1202154	1.37
2023-03-28 14:00:00	539054	734022	1273076	1.36
2023-03-28 14:30:00	581653	782379	1364032	1.35
2023-03-28 15:00:00	677450	914499	1591949	1.35
2023-03-28 15:15:00	721563	956784	1678347	1.33
2023-03-27 09:00:00	76153	128951	205104	1.69
2023-03-27 09:30:00	154950	218333	373283	1.41
2023-03-27 10:00:00	205412	269443	474855	1.31
2023-03-27 10:30:00	259090	323946	583036	1.25
2023-03-27 11:00:00	301770	378796	680566	1.26
2023-03-27 11:30:00	337185	422772	759957	1.25
2023-03-27 12:00:00	351815	485471	837286	1.38
2023-03-27 12:30:00	375817	523494	899311	1.39
2023-03-27 13:00:00	499677	574054	1073731	1.15
2023-03-27 13:30:00	533060	613380	1146440	1.15
2023-03-27 14:00:00	586159	664390	1250549	1.13
2023-03-27 14:30:00	640998	743525	1384523	1.16
2023-03-27 15:00:00	725926	866065	1591991	1.19
2023-03-27 15:15:00	753534	918599	1672133	1.22
2023-03-24 09:00:00	243370	269185	512555	1.11
2023-03-24 09:30:00	363463	444781	808244	1.22
2023-03-24 10:00:00	467426	570716	1038142	1.22
2023-03-24 10:30:00	576953	705438	1282391	1.22
2023-03-24 11:00:00	691989	833012	1525001	1.2
2023-03-24 11:30:00	776899	953834	1730733	1.23
2023-03-24 12:00:00	859948	1060788	1920736	1.23
2023-03-24 12:30:00	932208	1145066	2077274	1.23
2023-03-24 13:00:00	1005298	1241174	2246472	1.23
2023-03-24 13:30:00	1085859	1328268	2414127	1.22
2023-03-24 14:00:00	1175440	1425794	2601234	1.21
2023-03-24 14:30:00	1287766	1576274	2864040	1.22
2023-03-24 15:00:00	1419372	1750406	3169778	1.23
2023-03-24 15:15:00	1462750	1810795	3273545	1.24
2023-03-23 09:00:00	78544	105698	184242	1.35
2023-03-23 09:30:00	159258	209858	369116	1.32
2023-03-23 10:00:00	213336	284079	497415	1.33
2023-03-23 10:30:00	310105	365179	675284	1.18
2023-03-23 11:00:00	402579	466216	868795	1.16
2023-03-23 11:30:00	450094	506064	956158	1.12
2023-03-23 12:00:00	491514	596755	1088269	1.21
2023-03-23 12:30:00	536826	655269	1192095	1.22
2023-03-23 13:00:00	595904	713614	1309518	1.2
2023-03-23 13:30:00	691256	803041	1494297	1.16
2023-03-23 14:00:00	820726	916811	1737537	1.12
2023-03-23 14:30:00	887362	1015014	1902376	1.14
2023-03-23 15:00:00	959833	1136533	2096366	1.18
2023-03-23 15:15:00	986333	1211551	2197884	1.23
2023-03-22 09:00:00	244714	201590	446304	0.82
2023-03-22 09:30:00	373612	315350	688962	0.84
2023-03-22 10:00:00	490121	404989	895110	0.83
2023-03-22 10:30:00	538284	482336	1020620	0.9
2023-03-22 11:00:00	631229	515433	1146662	0.82
2023-03-22 11:30:00	692012	566449	1258461	0.82
2023-03-22 12:00:00	772753	607760	1380513	0.79
2023-03-22 12:30:00	807284	665037	1472321	0.82
2023-03-22 13:00:00	861450	703141	1564591	0.82
2023-03-22 13:30:00	916343	762679	1679022	0.83
2023-03-22 14:00:00	995633	890683	1886316	0.89
2023-03-22 14:30:00	1129126	1051961	2181087	0.93
2023-03-22 15:00:00	1263150	1202842	2465992	0.95
2023-03-22 15:15:00	1320757	1284995	2605752	0.97
2023-03-21 09:00:00	142607	247766	390373	1.74
2023-03-21 09:30:00	243798	373547	617345	1.53
2023-03-21 10:00:00	346951	527825	874776	1.52
2023-03-21 10:30:00	430651	651832	1082483	1.51
2023-03-21 11:00:00	481204	737587	1218791	1.53
2023-03-21 11:30:00	548693	789067	1337760	1.44
2023-03-21 12:00:00	604562	835263	1439825	1.38
2023-03-21 12:30:00	674387	973810	1648197	1.44
2023-03-21 13:00:00	749041	1088585	1837626	1.45
2023-03-21 13:30:00	844174	1170041	2014215	1.39
2023-03-21 14:00:00	942043	1259511	2201554	1.34
2023-03-21 14:30:00	1026660	1363701	2390361	1.33
2023-03-21 15:00:00	1169671	1548449	2718120	1.32
2023-03-21 15:15:00	1223495	1646513	2870008	1.35
2023-03-20 09:00:00	199284	148174	347458	0.74
2023-03-20 09:30:00	327834	275616	603450	0.84
2023-03-20 10:00:00	501068	361537	862605	0.72
2023-03-20 10:30:00	579717	469815	1049532	0.81
2023-03-20 11:00:00	636748	541077	1177825	0.85
2023-03-20 11:30:00	902099	624929	1527028	0.69
2023-03-20 12:00:00	963077	670444	1633521	0.7
2023-03-20 12:30:00	1039361	726042	1765403	0.7
2023-03-20 13:00:00	1119547	796089	1915636	0.71
2023-03-20 13:30:00	1203385	855706	2059091	0.71
2023-03-20 14:00:00	1252190	950249	2202439	0.76
2023-03-20 14:30:00	1302260	1062340	2364600	0.82
2023-03-20 15:00:00	1402931	1218604	2621535	0.87
2023-03-20 15:15:00	1435628	1265929	2701557	0.88
2023-03-17 09:00:00	186728	275830	462558	1.48
2023-03-17 09:30:00	339297	467391	806688	1.38
2023-03-17 10:00:00	487761	649171	1136932	1.33
2023-03-17 10:30:00	632385	812880	1445265	1.29
2023-03-17 11:00:00	764793	1042969	1807762	1.36
2023-03-17 11:30:00	867622	1129283	1996905	1.3
2023-03-17 12:00:00	986193	1238157	2224350	1.26
2023-03-17 12:30:00	1086965	1320152	2407117	1.21
2023-03-17 13:00:00	1177667	1412750	2590417	1.2
2023-03-17 13:30:00	1344538	1557043	2901581	1.16
2023-03-17 14:00:00	1450822	1681099	3131921	1.16
2023-03-17 14:30:00	1567210	1812800	3380010	1.16
2023-03-17 15:00:00	1732864	2037036	3769900	1.18
2023-03-17 15:15:00	1779171	2100991	3880162	1.18
2023-03-16 09:00:00	135853	181342	317195	1.33
2023-03-16 09:30:00	239309	315305	554614	1.32
2023-03-16 10:00:00	359140	459964	819104	1.28
2023-03-16 10:30:00	512663	582310	1094973	1.14
2023-03-16 11:00:00	643522	691530	1335052	1.07
2023-03-16 11:30:00	714680	790335	1505015	1.11
2023-03-16 12:00:00	782250	868887	1651137	1.11
2023-03-16 12:30:00	934611	1004136	1938747	1.07
2023-03-16 13:00:00	998708	1099335	2098043	1.1
2023-03-16 13:30:00	1041530	1188035	2229565	1.14
2023-03-16 14:00:00	1096410	1264056	2360466	1.15
2023-03-16 14:30:00	1180692	1397964	2578656	1.18
2023-03-16 15:00:00	1311288	1604188	2915476	1.22
2023-03-16 15:15:00	1361397	1693487	3054884	1.24
2023-03-15 09:00:00	173857	197747	371604	1.14
2023-03-15 09:30:00	352848	322273	675121	0.91
2023-03-15 10:00:00	519637	463286	982923	0.89
2023-03-15 10:30:00	711044	570742	1281786	0.8
2023-03-15 11:00:00	802356	672735	1475091	0.84
2023-03-15 11:30:00	935908	842877	1778785	0.9
2023-03-15 12:00:00	1083751	964866	2048617	0.89
2023-03-15 12:30:00	1181034	1066894	2247928	0.9
2023-03-15 13:00:00	1255621	1158905	2414526	0.92
2023-03-15 13:30:00	1362656	1261471	2624127	0.93
2023-03-15 14:00:00	1459591	1352067	2811658	0.93
2023-03-15 14:30:00	1591830	1452966	3044796	0.91
2023-03-15 15:00:00	1729337	1637863	3367200	0.95
2023-03-15 15:15:00	1792315	1725485	3517800	0.96
2023-03-14 09:00:00	193243	163216	356459	0.84
2023-03-14 09:30:00	298839	281565	580404	0.94
2023-03-14 10:00:00	502274	420271	922545	0.84
2023-03-14 10:30:00	627998	582067	1210065	0.93
2023-03-14 11:00:00	745628	712024	1457652	0.95
2023-03-14 11:30:00	822929	845240	1668169	1.03
2023-03-14 12:00:00	892973	918133	1811106	1.03
2023-03-14 12:30:00	946832	1015750	1962582	1.07
2023-03-14 13:00:00	1074955	1111567	2186522	1.03
2023-03-14 13:30:00	1121495	1184940	2306435	1.06
2023-03-14 14:00:00	1186574	1252931	2439505	1.06
2023-03-14 14:30:00	1299810	1395695	2695505	1.07
2023-03-14 15:00:00	1443740	1574593	3018333	1.09
2023-03-14 15:15:00	1488414	1627448	3115862	1.09
2023-03-13 09:00:00	209984	233382	443366	1.11
2023-03-13 09:30:00	466381	364328	830709	0.78
2023-03-13 10:00:00	572524	503390	1075914	0.88
2023-03-13 10:30:00	690608	641189	1331797	0.93
2023-03-13 11:00:00	789981	747379	1537360	0.95
2023-03-13 11:30:00	857340	885540	1742880	1.03
2023-03-13 12:00:00	950577	984990	1935567	1.04
2023-03-13 12:30:00	1067865	1060821	2128686	0.99
2023-03-13 13:00:00	1128971	1164454	2293425	1.03
2023-03-13 13:30:00	1214566	1259371	2473937	1.04
2023-03-13 14:00:00	1393424	1344215	2737639	0.96
2023-03-13 14:30:00	1492914	1471061	2963975	0.99
2023-03-13 15:00:00	1621492	1637630	3259122	1.01
2023-03-13 15:15:00	1664055	1714515	3378570	1.03
2023-03-10 09:00:00	278586	398133	676719	1.43
2023-03-10 09:30:00	665379	651712	1317091	0.98
2023-03-10 10:00:00	947158	945472	1892630	1.0
2023-03-10 10:30:00	1116188	1137218	2253406	1.02
2023-03-10 11:00:00	1373762	1415782	2789544	1.03
2023-03-10 11:30:00	1528274	1583970	3112244	1.04
2023-03-10 12:00:00	1686269	1779157	3465426	1.06
2023-03-10 12:30:00	1923120	2039526	3962646	1.06
2023-03-10 13:00:00	2170737	2372176	4542913	1.09
2023-03-10 13:30:00	2488546	2688024	5176570	1.08
2023-03-10 14:00:00	2691484	2911070	5602554	1.08
2023-03-10 14:30:00	2841660	3080379	5922039	1.08
2023-03-10 15:00:00	3037355	3362630	6399985	1.11
2023-03-10 15:15:00	3133569	3472121	6605690	1.11
2023-03-09 09:00:00	129132	118937	248069	0.92
2023-03-09 09:30:00	191793	191100	382893	1.0
2023-03-09 10:00:00	242418	247698	490116	1.02
2023-03-09 10:30:00	287465	301926	589391	1.05
2023-03-09 11:00:00	364394	354044	718438	0.97
2023-03-09 11:30:00	415969	416283	832252	1.0
2023-03-09 12:00:00	449882	455254	905136	1.01
2023-03-09 12:30:00	523757	526828	1050585	1.01
2023-03-09 13:00:00	652991	633457	1286448	0.97
2023-03-09 13:30:00	779820	751974	1531794	0.96
2023-03-09 14:00:00	915857	858079	1773936	0.94
2023-03-09 14:30:00	1135071	1069460	2204531	0.94
2023-03-09 15:00:00	1365070	1346201	2711271	0.99
2023-03-09 15:15:00	1442988	1435819	2878807	1.0
2023-03-08 09:00:00	130809	155125	285934	1.19
2023-03-08 09:30:00	275933	338654	614587	1.23
2023-03-08 10:00:00	385471	450714	836185	1.17
2023-03-08 10:30:00	481326	561631	1042957	1.17
2023-03-08 11:00:00	615110	648766	1263876	1.05
2023-03-08 11:30:00	679539	705414	1384953	1.04
2023-03-08 12:00:00	741780	814839	1556619	1.1
2023-03-08 12:30:00	861742	903019	1764761	1.05
2023-03-08 13:00:00	929053	976989	1906042	1.05
2023-03-08 13:30:00	1020253	1058953	2079206	1.04
2023-03-08 14:00:00	1107562	1169314	2276876	1.06
2023-03-08 14:30:00	1206629	1242199	2448828	1.03
2023-03-08 15:00:00	1389039	1441538	2830577	1.04
2023-03-08 15:15:00	1430088	1501248	2931336	1.05
2023-03-07 09:00:00	76748	105410	182158	1.37
2023-03-07 09:30:00	171591	232604	404195	1.36
2023-03-07 10:00:00	318679	335521	654200	1.05
2023-03-07 10:30:00	867131	411033	1278164	0.47
2023-03-07 11:00:00	963295	486710	1450005	0.51
2023-03-07 11:30:00	1007217	532432	1539649	0.53
2023-03-07 12:00:00	1389161	912133	2301294	0.66
2023-03-07 12:30:00	1081181	650678	1731859	0.6
2023-03-07 13:00:00	1153377	738359	1891736	0.64
2023-03-07 13:30:00	1274523	807809	2082332	0.63
2023-03-07 14:00:00	1347521	873609	2221130	0.65
2023-03-07 14:30:00	1420255	960404	2380659	0.68
2023-03-07 15:00:00	1511897	1087899	2599796	0.72
2023-03-07 15:15:00	1551014	1146078	2697092	0.74
2023-03-06 09:00:00	214468	242768	457236	1.13
2023-03-06 09:30:00	395998	450972	846970	1.14
2023-03-06 10:00:00	557863	585297	1143160	1.05
2023-03-06 10:30:00	700123	688381	1388504	0.98
2023-03-06 11:00:00	773876	778874	1552750	1.01
2023-03-06 11:30:00	888022	858804	1746826	0.97
2023-03-06 12:00:00	968009	959156	1927165	0.99
2023-03-06 12:30:00	684467	667080	1351547	0.97
2023-03-06 13:00:00	734726	740824	1475550	1.01
2023-03-06 13:30:00	1198769	1214919	2413688	1.01
2023-03-06 14:00:00	1279376	1317569	2596945	1.03
2023-03-06 14:30:00	1379875	1468903	2848778	1.06
2023-03-06 15:00:00	1471517	1634480	3105997	1.11
2023-03-06 15:15:00	1503287	1690267	3193554	1.12
2023-03-03 09:00:00	422053	202667	624720	0.48
2023-03-03 09:30:00	605432	410355	1015787	0.68
2023-03-03 10:00:00	721782	591765	1313547	0.82
2023-03-03 10:30:00	815062	687316	1502378	0.84
2023-03-03 11:00:00	909859	795077	1704936	0.87
2023-03-03 11:30:00	991326	885281	1876607	0.89
2023-03-03 12:00:00	1071528	971150	2042678	0.91
2023-03-03 12:30:00	1184916	1093834	2278750	0.92
2023-03-03 13:00:00	1239684	1165006	2404690	0.94
2023-03-03 13:30:00	1322129	1279494	2601623	0.97
2023-03-03 14:00:00	1420847	1384398	2805245	0.97
2023-03-03 14:30:00	1563309	1517036	3080345	0.97
2023-03-03 15:00:00	1756013	1728962	3484975	0.98
2023-03-03 15:15:00	1794587	1816120	3610707	1.01
2023-03-02 09:00:00	91197	128339	219536	1.41
2023-03-02 09:30:00	147423	226112	373535	1.53
2023-03-02 10:00:00	189696	293326	483022	1.55
2023-03-02 10:30:00	247847	357246	605093	1.44
2023-03-02 11:00:00	289863	416446	706309	1.44
2023-03-02 11:30:00	317500	462390	779890	1.46
2023-03-02 12:00:00	638953	822970	1461923	1.29
2023-03-02 12:30:00	413769	557139	970908	1.35
2023-03-02 13:00:00	485095	622336	1107431	1.28
2023-03-02 13:30:00	567454	711966	1279420	1.25
2023-03-02 14:00:00	614152	791322	1405474	1.29
2023-03-02 14:30:00	667637	871693	1539330	1.31
2023-03-02 15:00:00	800361	1043659	1844020	1.3
2023-03-02 15:15:00	828384	1117066	1945450	1.35
2023-03-01 09:00:00	98518	114206	212724	1.16
2023-03-01 09:30:00	329970	429873	759843	1.3
2023-03-01 10:00:00	276593	343204	619797	1.24
2023-03-01 10:30:00	598302	706380	1304682	1.18
2023-03-01 11:00:00	394527	503253	897780	1.28
2023-03-01 11:30:00	772104	969072	1741176	1.26
2023-03-01 12:00:00	458223	624595	1082818	1.36
2023-03-01 12:30:00	495904	656402	1152306	1.32
2023-03-01 13:00:00	527028	697128	1224156	1.32
2023-03-01 13:30:00	564488	747598	1312086	1.32
2023-03-01 14:00:00	625557	812623	1438180	1.3
2023-03-01 14:30:00	690594	896781	1587375	1.3
2023-03-01 15:00:00	768681	1025174	1793855	1.33
2023-03-01 15:15:00	803465	1076445	1879910	1.34
2023-02-28 09:00:00	161317	231616	392933	1.44
2023-02-28 09:30:00	275425	373694	649119	1.36
2023-02-28 10:00:00	355897	481861	837758	1.35
2023-02-28 10:30:00	513225	593087	1106312	1.16
2023-02-28 11:00:00	346959	418286	765245	1.21
2023-02-28 11:30:00	382835	458855	841690	1.2
2023-02-28 12:00:00	410694	490051	900745	1.19
2023-02-28 12:30:00	444794	545627	990421	1.23
2023-02-28 13:00:00	469594	579690	1049284	1.23
2023-02-28 13:30:00	526666	629742	1156408	1.2
2023-02-28 14:00:00	569149	711139	1280288	1.25
2023-02-28 14:30:00	643364	810020	1453384	1.26
2023-02-28 15:00:00	769072	941156	1710228	1.22
2023-02-28 15:15:00	819232	1035698	1854930	1.26
2023-02-27 09:00:00	166490	196760	363250	1.18
2023-02-27 09:30:00	299021	398056	697077	1.33
2023-02-27 10:00:00	423227	586263	1009490	1.39
2023-02-27 10:30:00	280973	443296	724269	1.58
2023-02-27 11:00:00	338277	537757	876034	1.59
2023-02-27 11:30:00	358580	587117	945697	1.64
2023-02-27 12:00:00	424164	641791	1065955	1.51
2023-02-27 12:30:00	444461	666497	1110958	1.5
2023-02-27 13:00:00	485192	715406	1200598	1.47
2023-02-27 13:30:00	523852	788923	1312775	1.51
2023-02-27 14:00:00	594493	855099	1449592	1.44
2023-02-27 14:30:00	661527	933356	1594883	1.41
2023-02-27 15:00:00	734362	1068467	1802829	1.45
2023-02-27 15:15:00	801615	1152013	1953628	1.44
2023-02-24 09:00:00	220058	281116	501174	1.28
2023-02-24 09:30:00	358866	433573	792439	1.21
2023-02-24 10:00:00	483786	553572	1037358	1.14
2023-02-24 10:30:00	612978	700459	1313437	1.14
2023-02-24 11:00:00	699561	836579	1536140	1.2
2023-02-24 11:30:00	774568	925266	1699834	1.19
2023-02-24 12:00:00	837484	1014834	1852318	1.21
2023-02-24 12:30:00	900179	1135985	2036164	1.26
2023-02-24 13:00:00	977562	1224486	2202048	1.25
2023-02-24 13:30:00	1057511	1314132	2371643	1.24
2023-02-24 14:00:00	1148125	1406186	2554311	1.22
2023-02-24 14:30:00	1254364	1547241	2801605	1.23
2023-02-24 15:00:00	1464753	1773326	3238079	1.21
2023-02-24 15:15:00	1507044	1850576	3357620	1.23
2023-02-23 09:00:00	183233	232095	415328	1.27
2023-02-23 09:30:00	303460	390717	694177	1.29
2023-02-23 10:00:00	390598	549829	940427	1.41
2023-02-23 10:30:00	502623	669573	1172196	1.33
2023-02-23 11:00:00	595639	808324	1403963	1.36
2023-02-23 11:30:00	698951	915834	1614785	1.31
2023-02-23 12:00:00	824358	996941	1821299	1.21
2023-02-23 12:30:00	918666	1085360	2004026	1.18
2023-02-23 13:00:00	984360	1181931	2166291	1.2
2023-02-23 13:30:00	1091850	1295386	2387236	1.19
2023-02-23 14:00:00	692845	852681	1545526	1.23
2023-02-23 14:30:00	1311358	1493611	2804969	1.14
2023-02-23 15:00:00	858549	1055353	1913902	1.23
2023-02-23 15:15:00	1472243	1744744	3216987	1.19
2023-02-22 09:00:00	69156	114121	183277	1.65
2023-02-22 09:30:00	150100	222390	372490	1.48
2023-02-22 10:00:00	371398	451735	823133	1.22
2023-02-22 10:30:00	448653	547519	996172	1.22
2023-02-22 11:00:00	488824	616902	1105726	1.26
2023-02-22 11:30:00	538822	719890	1258712	1.34
2023-02-22 12:00:00	362991	539425	902416	1.49
2023-02-22 12:30:00	390994	584436	975430	1.49
2023-02-22 13:00:00	414796	641442	1056238	1.55
2023-02-22 13:30:00	459988	720575	1180563	1.57
2023-02-22 14:00:00	515754	822306	1338060	1.59
2023-02-22 14:30:00	572219	907799	1480018	1.59
2023-02-22 15:00:00	656335	1052646	1708981	1.6
2023-02-22 15:15:00	686603	1094339	1780942	1.59
2023-02-21 09:00:00	192564	226659	419223	1.18
2023-02-21 09:30:00	414126	426617	840743	1.03
2023-02-21 10:00:00	564954	559096	1124050	0.99
2023-02-21 10:30:00	663664	696953	1360617	1.05
2023-02-21 11:00:00	754884	813523	1568407	1.08
2023-02-21 11:30:00	559656	612349	1172005	1.09
2023-02-21 12:00:00	615238	681684	1296922	1.11
2023-02-21 12:30:00	658404	724453	1382857	1.1
2023-02-21 13:00:00	699217	765199	1464416	1.09
2023-02-21 13:30:00	743378	842024	1585402	1.13
2023-02-21 14:00:00	816815	944426	1761241	1.16
2023-02-21 14:30:00	896557	1012276	1908833	1.13
2023-02-21 15:00:00	992051	1160088	2152139	1.17
2023-02-21 15:15:00	1041619	1220569	2262188	1.17
2023-02-17 09:00:00	235286	348535	583821	1.48
2023-02-17 09:30:00	357190	575495	932685	1.61
2023-02-17 10:00:00	474313	709988	1184301	1.5
2023-02-17 10:30:00	561723	861314	1423037	1.53
2023-02-17 11:00:00	634144	969083	1603227	1.53
2023-02-17 11:30:00	705672	1051978	1757650	1.49
2023-02-17 12:00:00	772358	1151877	1924235	1.49
2023-02-17 12:30:00	833255	1235505	2068760	1.48
2023-02-17 13:00:00	879854	1291789	2171643	1.47
2023-02-17 13:30:00	974352	1398179	2372531	1.43
2023-02-17 14:00:00	1060447	1492400	2552847	1.41
2023-02-17 14:30:00	1155490	1623214	2778704	1.4
2023-02-17 15:00:00	1307209	1811433	3118642	1.39
2023-02-17 15:15:00	1339146	1872143	3211289	1.4
2023-02-16 09:00:00	230468	256408	486876	1.11
2023-02-16 09:30:00	391556	436842	828398	1.12
2023-02-16 10:00:00	593289	623698	1216987	1.05
2023-02-16 10:30:00	835543	732711	1568254	0.88
2023-02-16 11:00:00	895935	813381	1709316	0.91
2023-02-16 11:30:00	968051	901751	1869802	0.93
2023-02-16 12:00:00	1082708	987246	2069954	0.91
2023-02-16 12:30:00	1151308	1060564	2211872	0.92
2023-02-16 13:00:00	1251975	1165033	2417008	0.93
2023-02-16 13:30:00	1327444	1244958	2572402	0.94
2023-02-16 14:00:00	1407342	1367331	2774673	0.97
2023-02-16 14:30:00	1759180	1619915	3379095	0.92
2023-02-16 15:00:00	1938682	1911082	3849764	0.99
2023-02-16 15:15:00	1987139	1986314	3973453	1.0
2023-02-15 09:00:00	203995	326349	530344	1.6
2023-02-15 09:30:00	365166	459303	824469	1.26
2023-02-15 10:00:00	503640	570391	1074031	1.13
2023-02-15 10:30:00	596118	440661	1036779	0.74
2023-02-15 11:00:00	672791	500074	1172865	0.74
2023-02-15 11:30:00	704668	575677	1280345	0.82
2023-02-15 12:00:00	770020	641516	1411536	0.83
2023-02-15 12:30:00	799596	697823	1497419	0.87
2023-02-15 13:00:00	841167	757738	1598905	0.9
2023-02-15 13:30:00	882606	855327	1737933	0.97
2023-02-15 14:00:00	923940	950739	1874679	1.03
2023-02-15 14:30:00	1002945	1066362	2069307	1.06
2023-02-15 15:00:00	1172551	1251668	2424219	1.07
2023-02-15 15:15:00	1231692	1339359	2571051	1.09
2023-02-14 09:00:00	242294	264454	506748	1.09
2023-02-14 09:30:00	416017	493549	909566	1.19
2023-02-14 10:00:00	579863	737565	1317428	1.27
2023-02-14 10:30:00	692998	866680	1559678	1.25
2023-02-14 11:00:00	871671	1006256	1877927	1.15
2023-02-14 11:30:00	612518	762946	1375464	1.25
2023-02-14 12:00:00	653659	813808	1467467	1.25
2023-02-14 12:30:00	726511	898676	1625187	1.24
2023-02-14 13:00:00	793243	968613	1761856	1.22
2023-02-14 13:30:00	842389	1034898	1877287	1.23
2023-02-14 14:00:00	907208	1125255	2032463	1.24
2023-02-14 14:30:00	1045934	1255114	2301048	1.2
2023-02-14 15:00:00	1286907	1389531	2676438	1.08
2023-02-14 15:15:00	1444788	1502091	2946879	1.04
2023-02-13 09:00:00	168502	182994	351496	1.09
2023-02-13 09:30:00	427015	314037	741052	0.74
2023-02-13 10:00:00	629231	465037	1094268	0.74
2023-02-13 10:30:00	728963	626637	1355600	0.86
2023-02-13 11:00:00	855113	734673	1589786	0.86
2023-02-13 11:30:00	956067	823382	1779449	0.86
2023-02-13 12:00:00	1015606	923852	1939458	0.91
2023-02-13 12:30:00	1088031	997664	2085695	0.92
2023-02-13 13:00:00	1178849	1144603	2323452	0.97
2023-02-13 13:30:00	1263683	1256985	2520668	0.99
2023-02-13 14:00:00	1352842	1384233	2737075	1.02
2023-02-13 14:30:00	1485566	1521379	3006945	1.02
2023-02-13 15:00:00	1700080	1717440	3417520	1.01
2023-02-13 15:15:00	1734408	1801395	3535803	1.04
2023-02-10 09:00:00	219413	239164	458577	1.09
2023-02-10 09:30:00	363361	420642	784003	1.16
2023-02-10 10:00:00	609113	550420	1159533	0.9
2023-02-10 10:30:00	691562	652991	1344553	0.94
2023-02-10 11:00:00	821449	822688	1644137	1.0
2023-02-10 11:30:00	932341	922770	1855111	0.99
2023-02-10 12:00:00	1039530	1052394	2091924	1.01
2023-02-10 12:30:00	1136121	1181752	2317873	1.04
2023-02-10 13:00:00	1191759	1269919	2461678	1.07
2023-02-10 13:30:00	1264089	1363941	2628030	1.08
2023-02-10 14:00:00	1340443	1460294	2800737	1.09
2023-02-10 14:30:00	1436508	1592178	3028686	1.11
2023-02-10 15:00:00	1559221	1772203	3331424	1.14
2023-02-10 15:15:00	1589157	1853934	3443091	1.17
2023-02-09 09:00:00	228748	208961	437709	0.91
2023-02-09 09:30:00	409816	350982	760798	0.86
2023-02-09 10:00:00	307327	259470	566797	0.84
2023-02-09 10:30:00	371390	352860	724250	0.95
2023-02-09 11:00:00	450631	395173	845804	0.88
2023-02-09 11:30:00	539658	459327	998985	0.85
2023-02-09 12:00:00	588996	521381	1110377	0.89
2023-02-09 12:30:00	624837	555731	1180568	0.89
2023-02-09 13:00:00	670586	615050	1285636	0.92
2023-02-09 13:30:00	725984	688523	1414507	0.95
2023-02-09 14:00:00	812899	733642	1546541	0.9
2023-02-09 14:30:00	906035	843193	1749228	0.93
2023-02-09 15:00:00	1041822	985813	2027635	0.95
2023-02-09 15:15:00	1076827	1047302	2124129	0.97
2023-02-08 09:00:00	152746	189446	342192	1.24
2023-02-08 09:30:00	261047	305412	566459	1.17
2023-02-08 10:00:00	377076	426161	803237	1.13
2023-02-08 10:30:00	515855	577029	1092884	1.12
2023-02-08 11:00:00	674012	730239	1404251	1.08
2023-02-08 11:30:00	771672	808690	1580362	1.05
2023-02-08 12:00:00	468719	535992	1004711	1.14
2023-02-08 12:30:00	504787	586477	1091264	1.16
2023-02-08 13:00:00	543988	683264	1227252	1.26
2023-02-08 13:30:00	585721	742910	1328631	1.27
2023-02-08 14:00:00	612714	778744	1391458	1.27
2023-02-08 14:30:00	668252	842140	1510392	1.26
2023-02-08 15:00:00	756515	963394	1719909	1.27
2023-02-08 15:15:00	821392	1047866	1869258	1.28
2023-02-07 09:00:00	109944	148751	258695	1.35
2023-02-07 09:30:00	233603	277303	510906	1.19
2023-02-07 10:00:00	189031	256860	445891	1.36
2023-02-07 10:30:00	255745	297394	553139	1.16
2023-02-07 11:00:00	292750	346000	638750	1.18
2023-02-07 11:30:00	339638	400468	740106	1.18
2023-02-07 12:00:00	685079	724205	1409284	1.06
2023-02-07 12:30:00	487453	577687	1065140	1.19
2023-02-07 13:00:00	548248	655736	1203984	1.2
2023-02-07 13:30:00	604493	720838	1325331	1.19
2023-02-07 14:00:00	653477	782913	1436390	1.2
2023-02-07 14:30:00	726033	851098	1577131	1.17
2023-02-07 15:00:00	844273	989374	1833647	1.17
2023-02-07 15:15:00	887355	1052018	1939373	1.19
2023-02-06 09:00:00	236626	175177	411803	0.74
2023-02-06 09:30:00	623105	345720	968825	0.55
2023-02-06 10:00:00	824348	466046	1290394	0.57
2023-02-06 10:30:00	917578	609168	1526746	0.66
2023-02-06 11:00:00	1002882	696774	1699656	0.69
2023-02-06 11:30:00	1088646	805561	1894207	0.74
2023-02-06 12:00:00	1159755	857135	2016890	0.74
2023-02-06 12:30:00	1217880	926418	2144298	0.76
2023-02-06 13:00:00	1266128	1006140	2272268	0.79
2023-02-06 13:30:00	1369317	1100421	2469738	0.8
2023-02-06 14:00:00	1532959	1197957	2730916	0.78
2023-02-06 14:30:00	1624236	1304270	2928506	0.8
2023-02-06 15:00:00	1197702	895281	2092983	0.75
2023-02-06 15:15:00	1209664	929336	2139000	0.77
2023-02-03 09:00:00	262026	250761	512787	0.96
2023-02-03 09:30:00	506692	476628	983320	0.94
2023-02-03 10:00:00	671573	634759	1306332	0.95
2023-02-03 10:30:00	755891	751161	1507052	0.99
2023-02-03 11:00:00	913871	894706	1808577	0.98
2023-02-03 11:30:00	991774	982148	1973922	0.99
2023-02-03 12:00:00	1078866	1061698	2140564	0.98
2023-02-03 12:30:00	1181673	1179309	2360982	1.0
2023-02-03 13:00:00	1307190	1333759	2640949	1.02
2023-02-03 13:30:00	1390718	1420301	2811019	1.02
2023-02-03 14:00:00	1482427	1564584	3047011	1.06
2023-02-03 14:30:00	1597119	1710301	3307420	1.07
2023-02-03 15:00:00	1718295	1894258	3612553	1.1
2023-02-03 15:15:00	1741405	1949764	3691169	1.12
2023-02-02 09:00:00	283851	331408	615259	1.17
2023-02-02 09:30:00	627327	587572	1214899	0.94
2023-02-02 10:00:00	897352	779903	1677255	0.87
2023-02-02 10:30:00	1040455	939592	1980047	0.9
2023-02-02 11:00:00	1114192	1036543	2150735	0.93
2023-02-02 11:30:00	845931	772206	1618137	0.91
2023-02-02 12:00:00	894635	828375	1723010	0.93
2023-02-02 12:30:00	1011726	906644	1918370	0.9
2023-02-02 13:00:00	1552878	1460680	3013558	0.94
2023-02-02 13:30:00	1505310	1138819	2644129	0.76
2023-02-02 14:00:00	1592416	1264836	2857252	0.79
2023-02-02 14:30:00	1666960	1350537	3017497	0.81
2023-02-02 15:00:00	1802101	1512664	3314765	0.84
2023-02-02 15:15:00	1855265	1563224	3418489	0.84
2023-02-01 09:00:00	107349	126916	234265	1.18
2023-02-01 09:30:00	202385	202778	405163	1.0
2023-02-01 10:00:00	270224	299003	569227	1.11
2023-02-01 10:30:00	342514	376213	718727	1.1
2023-02-01 11:00:00	393446	440364	833810	1.12
2023-02-01 11:30:00	454021	492374	946395	1.08
2023-02-01 12:00:00	378936	395279	774215	1.04
2023-02-01 12:30:00	401351	437707	839058	1.09
2023-02-01 13:00:00	483467	492266	975733	1.02
2023-02-01 13:30:00	522432	536383	1058815	1.03
2023-02-01 14:00:00	653532	665971	1319503	1.02
2023-02-01 14:30:00	783815	788118	1571933	1.01
2023-02-01 15:00:00	935323	1031871	1967194	1.1
2023-02-01 15:15:00	1027137	1151360	2178497	1.12
2023-01-31 09:00:00	168625	176704	345329	1.05
2023-01-31 09:30:00	307897	308315	616212	1.0
2023-01-31 10:00:00	384637	453337	837974	1.18
2023-01-31 10:30:00	535863	561605	1097468	1.05
2023-01-31 11:00:00	622917	636717	1259634	1.02
2023-01-31 11:30:00	711540	708769	1420309	1.0
2023-01-31 12:00:00	810335	777572	1587907	0.96
2023-01-31 12:30:00	871730	836142	1707872	0.96
2023-01-31 13:00:00	928681	911816	1840497	0.98
2023-01-31 13:30:00	991133	975776	1966909	0.98
2023-01-31 14:00:00	1047595	1044590	2092185	1.0
2023-01-31 14:30:00	1227183	1208311	2435494	0.98
2023-01-31 15:00:00	1453322	1426645	2879967	0.98
2023-01-31 15:15:00	1508299	1546262	3054561	1.03
2023-01-27 09:00:00	211899	233053	444952	1.1
2023-01-27 09:30:00	364768	407456	772224	1.12
2023-01-27 10:00:00	598758	594961	1193719	0.99
2023-01-27 10:30:00	701958	700989	1402947	1.0
2023-01-27 11:00:00	791466	832162	1623628	1.05
2023-01-27 11:30:00	903561	956333	1859894	1.06
2023-01-27 12:00:00	989570	1057801	2047371	1.07
2023-01-27 12:30:00	1048779	1136023	2184802	1.08
2023-01-27 13:00:00	1106530	1236264	2342794	1.12
2023-01-27 13:30:00	1200441	1330050	2530491	1.11
2023-01-27 14:00:00	1278563	1463526	2742089	1.14
2023-01-27 14:30:00	1425577	1652713	3078290	1.16
2023-01-27 15:00:00	1570583	1867922	3438505	1.19
2023-01-27 15:15:00	1603188	1967486	3570674	1.23
2023-01-26 09:00:00	253787	241692	495479	0.95
2023-01-26 09:30:00	519796	376233	896029	0.72
2023-01-26 10:00:00	649634	516615	1166249	0.8
2023-01-26 10:30:00	738508	623248	1361756	0.84
2023-01-26 11:00:00	817167	715424	1532591	0.88
2023-01-26 11:30:00	935224	800451	1735675	0.86
2023-01-26 12:00:00	613730	511150	1124880	0.83
2023-01-26 12:30:00	641964	536335	1178299	0.84
2023-01-26 13:00:00	684629	593993	1278622	0.87
2023-01-26 13:30:00	724060	652639	1376699	0.9
2023-01-26 14:00:00	762059	710522	1472581	0.93
2023-01-26 14:30:00	1364724	1297651	2662375	0.95
2023-01-26 15:00:00	913134	931838	1844972	1.02
2023-01-26 15:15:00	941365	982863	1924228	1.04
2023-01-25 09:00:00	185045	284982	470027	1.54
2023-01-25 09:30:00	354116	473167	827283	1.34
2023-01-25 10:00:00	481861	665716	1147577	1.38
2023-01-25 10:30:00	616013	805906	1421919	1.31
2023-01-25 11:00:00	763822	916590	1680412	1.2
2023-01-25 11:30:00	859172	987483	1846655	1.15
2023-01-25 12:00:00	972662	1049777	2022439	1.08
2023-01-25 12:30:00	1063631	1137969	2201600	1.07
2023-01-25 13:00:00	1144769	1238449	2383218	1.08
2023-01-25 13:30:00	709002	807231	1516233	1.14
2023-01-25 14:00:00	758712	846201	1604913	1.12
2023-01-25 14:30:00	858114	935139	1793253	1.09
2023-01-25 15:00:00	931989	1060332	1992321	1.14
2023-01-25 15:15:00	972428	1121252	2093680	1.15
2023-01-24 09:00:00	176232	183721	359953	1.04
2023-01-24 09:30:00	331186	321554	652740	0.97
2023-01-24 10:00:00	410506	437447	847953	1.07
2023-01-24 10:30:00	480782	556576	1037358	1.16
2023-01-24 11:00:00	530850	634039	1164889	1.19
2023-01-24 11:30:00	580998	708813	1289811	1.22
2023-01-24 12:00:00	631047	781913	1412960	1.24
2023-01-24 12:30:00	691988	856210	1548198	1.24
2023-01-24 13:00:00	756004	932827	1688831	1.23
2023-01-24 13:30:00	849873	1027824	1877697	1.21
2023-01-24 14:00:00	975285	1105932	2081217	1.13
2023-01-24 14:30:00	1051226	1216366	2267592	1.16
2023-01-24 15:00:00	1162838	1426922	2589760	1.23
2023-01-24 15:15:00	1188285	1469928	2658213	1.24
2023-01-23 09:00:00	183372	151647	335019	0.83
2023-01-23 09:30:00	350701	357975	708676	1.02
2023-01-23 10:00:00	535834	482787	1018621	0.9
2023-01-23 10:30:00	708437	725776	1434213	1.02
2023-01-23 11:00:00	835193	852765	1687958	1.02
2023-01-23 11:30:00	909500	956493	1865993	1.05
2023-01-23 12:00:00	977262	1029166	2006428	1.05
2023-01-23 12:30:00	1038920	1137730	2176650	1.1
2023-01-23 13:00:00	1134395	1247629	2382024	1.1
2023-01-23 13:30:00	1237341	1376567	2613908	1.11
2023-01-23 14:00:00	1361557	1561957	2923514	1.15
2023-01-23 14:30:00	1451933	1673413	3125346	1.15
2023-01-23 15:00:00	1558914	1868334	3427248	1.2
2023-01-23 15:15:00	1597816	1912159	3509975	1.2
2023-01-20 09:00:00	159862	168269	328131	1.05
2023-01-20 09:30:00	267314	283606	550920	1.06
2023-01-20 10:00:00	346438	373269	719707	1.08
2023-01-20 10:30:00	502901	532724	1035625	1.06
2023-01-20 11:00:00	590313	660300	1250613	1.12
2023-01-20 11:30:00	638500	726529	1365029	1.14
2023-01-20 12:00:00	694331	799821	1494152	1.15
2023-01-20 12:30:00	758463	887629	1646092	1.17
2023-01-20 13:00:00	843410	977365	1820775	1.16
2023-01-20 13:30:00	935125	1096202	2031327	1.17
2023-01-20 14:00:00	1025036	1201790	2226826	1.17
2023-01-20 14:30:00	1199357	1351667	2551024	1.13
2023-01-20 15:00:00	1400745	1564068	2964813	1.12
2023-01-20 15:15:00	1439424	1618475	3057899	1.12
2023-01-19 09:00:00	223220	281073	504293
2023-01-19 09:30:00	433647	468661	902308
2023-01-19 10:00:00	561581	626753	1188334
2023-01-19 10:30:00	655924	721631	1377555
2023-01-19 11:00:00	739286	839431	1578717
2023-01-19 11:30:00	831100	939379	1770479
2023-01-19 12:00:00	890714	1001237	1891951
2023-01-19 12:30:00	1026583	1101143	2127726
2023-01-19 13:00:00	1189519	1198518	2388037
2023-01-19 13:30:00	1283812	1296128	2579940
2023-01-19 14:00:00	1381419	1373155	2754574
2023-01-19 14:30:00	1007420	978442	1985862
2023-01-19 15:00:00	1086475	1112585	2199060
2023-01-19 15:15:00	1118875	1173666	2292541
2023-01-18 09:00:00	184732	134456	319188
2023-01-18 09:30:00	456384	411964	868348
2023-01-18 10:00:00	622365	571767	1194132
2023-01-18 10:30:00	509796	454373	964169
2023-01-18 11:00:00	611033	524695	1135728
2023-01-18 11:30:00	693807	610297	1304104
2023-01-18 12:00:00	758121	704474	1462595
2023-01-18 12:30:00	836041	792817	1628858
2023-01-18 13:00:00	872189	862136	1734325
2023-01-18 13:30:00	905031	915065	1820096
2023-01-18 14:00:00	958812	950495	1909307
2023-01-18 14:30:00	1037872	1006118	2043990
2023-01-18 15:00:00	1180005	1184617	2364622
2023-01-18 15:15:00	1213266	1262175	2475441
2023-01-17 09:00:00	230155	211088	441243
2023-01-17 09:30:00	395605	400711	796316
2023-01-17 10:00:00	339374	418191	757565
2023-01-17 10:30:00	406568	555013	961581
2023-01-17 11:00:00	561059	718217	1279276
2023-01-17 11:30:00	599589	825246	1424835
2023-01-17 12:00:00	637268	880885	1518153
2023-01-17 12:30:00	669012	925159	1594171
2023-01-17 13:00:00	1071303	1330144	2401447
2023-01-17 13:30:00	750117	1048706	1798823
2023-01-17 14:00:00	801353	1124648	1926001
2023-01-17 14:30:00	882310	1201547	2083857
2023-01-17 15:00:00	983527	1371480	2355007
2023-01-17 15:15:00	1004431	1426335	2430766
2023-01-13 09:00:00	223464	254943	478407
2023-01-13 09:30:00	382098	421898	803996
2023-01-13 10:00:00	623786	609301	1233087
2023-01-13 10:30:00	713782	722624	1436406
2023-01-13 11:00:00	798233	818812	1617045
2023-01-13 11:30:00	910897	945326	1856223
2023-01-13 12:00:00	1037212	1028069	2065281
2023-01-13 12:30:00	1103269	1120606	2223875
2023-01-13 13:00:00	1198180	1214984	2413164
2023-01-13 13:30:00	1297398	1303740	2601138
2023-01-13 14:00:00	1383223	1405653	2788876
2023-01-13 14:30:00	1482209	1544358	3026567
2023-01-13 15:00:00	1653550	1751985	3405535
2023-01-13 15:15:00	1690201	1820830	3511031
2023-01-10 09:00:00	199118	186345	385463
2023-01-10 09:30:00	321933	382565	704498
2023-01-10 10:00:00	476136	547634	1023770
2023-01-10 10:30:00	598360	642152	1240512
2023-01-10 11:00:00	655828	736795	1392623
2023-01-10 11:30:00	709413	862086	1571499
2023-01-10 12:00:00	784030	967979	1752009
2023-01-10 12:30:00	499037	644936	1143973
2023-01-10 13:00:00	544041	695584	1239625
2023-01-10 13:30:00	571416	732471	1303887
2023-01-10 14:00:00	595472	783754	1379226
2023-01-10 14:30:00	649895	876094	1525989
2023-01-10 15:00:00	798024	996551	1794575
2023-01-10 15:15:00	843616	1037593	1881209
2023-01-09 09:00:00	111762	175982	287744
2023-01-09 09:30:00	348859	422938	771797
2023-01-09 10:00:00	287586	359349	646935
2023-01-09 10:30:00	382143	467591	849734
2023-01-09 11:00:00	445949	539296	985245
2023-01-09 11:30:00	524511	581294	1105805
2023-01-09 12:00:00	981496	975459	1956955
2023-01-09 12:30:00	663580	697997	1361577
2023-01-09 13:00:00	715881	762364	1478245
2023-01-09 13:30:00	1260922	1324098	2585020
2023-01-09 14:00:00	1329974	1416883	2746857
2023-01-09 14:30:00	1428222	1579044	3007266
2023-01-09 15:00:00	981199	1110506	2091705
2023-01-09 15:15:00	1011980	1148412	2160392
2023-01-06 09:00:00	202218	211562	413780
2023-01-06 09:30:00	341311	381919	723230
2023-01-06 10:00:00	499361	573707	1073068
2023-01-06 10:30:00	598223	710702	1308925
2023-01-06 11:00:00	721839	872013	1593852
2023-01-06 11:30:00	835474	975468	1810942
2023-01-06 12:00:00	892673	1050458	1943131
2023-01-06 12:30:00	971023	1130013	2101036
2023-01-06 13:00:00	1034380	1204445	2238825
2023-01-06 13:30:00	1156005	1319271	2475276
2023-01-06 14:00:00	1255500	1428455	2683955
2023-01-06 14:30:00	1450767	1585080	3035847
2023-01-06 15:00:00	1573164	1754946	3328110
2023-01-06 15:15:00	1751305	1818162	3569467
2023-01-05 09:00:00	178294	275963	454257
2023-01-05 09:30:00	300434	404339	704773
2023-01-05 10:00:00	416380	528903	945283
2023-01-05 10:30:00	485983	664537	1150520
2023-01-05 11:00:00	309122	458940	768062
2023-01-05 11:30:00	336876	485953	822829
2023-01-05 12:00:00	388245	524640	912885
2023-01-05 12:30:00	441498	562224	1003722
2023-01-05 13:00:00	467293	593983	1061276
2023-01-05 13:30:00	512000	630882	1142882
2023-01-05 14:00:00	556008	685503	1241511
2023-01-05 14:30:00	652612	758384	1410996
2023-01-05 15:00:00	712144	846416	1558560
2023-01-05 15:15:00	740617	885109	1625726
2023-01-04 09:00:00	147506	183741	331247
2023-01-04 09:30:00	260498	455016	715514
2023-01-04 10:00:00	328163	549753	877916
2023-01-04 10:30:00	419322	647707	1067029
2023-01-04 11:00:00	525292	748303	1273595
2023-01-04 11:30:00	622069	848174	1470243
2023-01-04 12:00:00	674597	926768	1601365
2023-01-04 12:30:00	738095	1033027	1771122
2023-01-04 13:00:00	794934	1095630	1890564
2023-01-04 13:30:00	904981	1241706	2146687
2023-01-04 14:00:00	578636	862922	1441558
2023-01-04 14:30:00	623792	924055	1547847
2023-01-04 15:00:00	708585	1031380	1739965
2023-01-04 15:15:00	773834	1086355	1860189
2023-01-03 09:00:00	186637	264030	450667
2023-01-03 09:30:00	328238	508759	836997
2023-01-03 10:00:00	412848	631169	1044017
2023-01-03 10:30:00	490906	757939	1248845
2023-01-03 11:00:00	301654	530491	832145
2023-01-03 11:30:00	434534	581149	1015683
2023-01-03 12:00:00	475611	641960	1117571
2023-01-03 12:30:00	498274	674101	1172375
2023-01-03 13:00:00	557009	724589	1281598
2023-01-03 13:30:00	598962	775791	1374753
2023-01-03 14:00:00	662164	866739	1528903
2023-01-03 14:30:00	725678	925349	1651027
2023-01-03 15:00:00	803468	1032278	1835746
2023-01-03 15:15:00	831517	1085288	1916805
