TIME	CALLS	PUTS	TOTAL	P/C RATIO
2023-12-29 09:00:00	410620	294926	705546	0.72
2023-12-29 09:30:00	770827	533243	1304070	0.69
2023-12-29 10:00:00	1150962	949244	2100206	0.82
2023-12-29 10:30:00	1534623	1363338	2897961	0.89
2023-12-29 11:00:00	1800248	1624945	3425193	0.9
2023-12-29 11:30:00	2047960	1857410	3905370	0.91
2023-12-29 12:00:00	2221054	2023255	4244309	0.91
2023-12-29 12:30:00	2402918	2194929	4597847	0.91
2023-12-29 13:00:00	2595752	2365896	4961648	0.91
2023-12-29 13:30:00	2875737	2663979	5539716	0.93
2023-12-29 14:00:00	3072783	2978817	6051600	0.97
2023-12-29 14:30:00	3351827	3224124	6575951	0.96
2023-12-29 15:00:00	3716094	3621127	7337221	0.97
2023-12-29 15:15:00	3771817	3725221	7497038	0.99
2023-12-28 09:00:00	512070	395604	907674	0.77
2023-12-28 09:30:00	839325	641106	1480431	0.76
2023-12-28 10:00:00	1165808	883854	2049662	0.76
2023-12-28 10:30:00	1432506	1112516	2545022	0.78
2023-12-28 11:00:00	1653735	1267620	2921355	0.77
2023-12-28 11:30:00	1788896	1413131	3202027	0.79
2023-12-28 12:00:00	1983574	1589952	3573526	0.8
2023-12-28 12:30:00	2174519	1762044	3936563	0.81
2023-12-28 13:00:00	2322583	1936146	4258729	0.83
2023-12-28 13:30:00	2476966	2082193	4559159	0.84
2023-12-28 14:00:00	2647873	2262149	4910022	0.85
2023-12-28 14:30:00	2918683	2714449	5633132	0.93
2023-12-28 15:00:00	3217817	3009236	6227053	0.94
2023-12-28 15:15:00	3427363	3075282	6502645	0.9
2023-12-27 09:00:00	610401	353731	964132	0.58
2023-12-27 09:30:00	989762	688966	1678728	0.7
2023-12-27 10:00:00	1273736	912986	2186722	0.72
2023-12-27 10:30:00	1506457	1080157	2586614	0.72
2023-12-27 11:00:00	1707195	1251257	2958452	0.73
2023-12-27 11:30:00	1879598	1385779	3265377	0.74
2023-12-27 12:00:00	2072917	1539042	3611959	0.74
2023-12-27 12:30:00	2318982	1748771	4067753	0.75
2023-12-27 13:00:00	2490815	1915411	4406226	0.77
2023-12-27 13:30:00	2741141	2863820	5604961	1.04
2023-12-27 14:00:00	2906582	3195784	6102366	1.1
2023-12-27 14:30:00	3096767	3378846	6475613	1.09
2023-12-27 15:00:00	3418302	3727140	7145442	1.09
2023-12-27 15:15:00	3464413	3794399	7258812	1.1
2023-12-26 09:00:00	453845	343974	797819	0.76
2023-12-26 09:30:00	739251	593987	1333238	0.8
2023-12-26 10:00:00	997944	855098	1853042	0.86
2023-12-26 10:30:00	910838	733672	1644510	0.81
2023-12-26 11:00:00	1036703	862608	1899311	0.83
2023-12-26 11:30:00	1169986	961616	2131602	0.82
2023-12-26 12:00:00	1288357	1063303	2351660	0.83
2023-12-26 12:30:00	1391425	1161264	2552689	0.83
2023-12-26 13:00:00	1507133	1246743	2753876	0.83
2023-12-26 13:30:00	1594457	1326396	2920853	0.83
2023-12-26 14:00:00	1716728	1440036	3156764	0.84
2023-12-26 14:30:00	1883816	1587569	3471385	0.84
2023-12-26 15:00:00	2142873	1832174	3975047	0.86
2023-12-26 15:15:00	2190605	1898479	4089084	0.87
2023-12-22 09:00:00	632891	484411	1117302	0.77
2023-12-22 09:30:00	1029612	768143	1797755	0.75
2023-12-22 10:00:00	1341091	1057702	2398793	0.79
2023-12-22 10:30:00	1597390	1326669	2924059	0.83
2023-12-22 11:00:00	1798339	1524086	3322425	0.85
2023-12-22 11:30:00	2021285	1677652	3698937	0.83
2023-12-22 12:00:00	2236209	1817389	4053598	0.81
2023-12-22 12:30:00	2464460	1944497	4408957	0.79
2023-12-22 13:00:00	2659317	2093729	4753046	0.79
2023-12-22 13:30:00	2968007	2498634	5466641	0.84
2023-12-22 14:00:00	3272424	2771045	6043469	0.85
2023-12-22 14:30:00	3499024	2980026	6479050	0.85
2023-12-22 15:00:00	3832006	3340365	7172371	0.87
2023-12-22 15:15:00	3889214	3427340	7316554	0.88
2023-12-21 09:00:00	544004	492637	1036641	0.91
2023-12-21 09:30:00	991748	880090	1871838	0.89
2023-12-21 10:00:00	1231318	1104340	2335658	0.9
2023-12-21 10:30:00	1419696	1292471	2712167	0.91
2023-12-21 11:00:00	1642861	1469337	3112198	0.89
2023-12-21 11:30:00	1912119	1819792	3731911	0.95
2023-12-21 12:00:00	2153839	2015101	4168940	0.94
2023-12-21 12:30:00	2351512	2219508	4571020	0.94
2023-12-21 13:00:00	2512725	2385548	4898273	0.95
2023-12-21 13:30:00	2723618	2559349	5282967	0.94
2023-12-21 14:00:00	2917344	2750535	5667879	0.94
2023-12-21 14:30:00	3147719	2985125	6132844	0.95
2023-12-21 15:00:00	3628584	3381905	7010489	0.93
2023-12-21 15:15:00	3711810	3493330	7205140	0.94
2023-12-20 09:00:00	489947	454546	944493	0.93
2023-12-20 09:30:00	900004	835241	1735245	0.93
2023-12-20 10:00:00	1383965	1175558	2559523	0.85
2023-12-20 10:30:00	2092415	1492829	3585244	0.71
2023-12-20 11:00:00	2295389	1705735	4001124	0.74
2023-12-20 11:30:00	2492978	1871479	4364457	0.75
2023-12-20 12:00:00	2681527	2055214	4736741	0.77
2023-12-20 12:30:00	2881086	2292763	5173849	0.8
2023-12-20 13:00:00	3133353	2524643	5657996	0.81
2023-12-20 13:30:00	3385695	2770325	6156020	0.82
2023-12-20 14:00:00	4007628	3418705	7426333	0.85
2023-12-20 14:30:00	4546684	4014252	8560936	0.88
2023-12-20 15:00:00	3906715	3173137	7079852	0.81
2023-12-20 15:15:00	4035081	3364473	7399554	0.83
2023-12-19 09:00:00	547279	522421	1069700	0.95
2023-12-19 09:30:00	948011	826010	1774021	0.87
2023-12-19 10:00:00	1270756	1112014	2382770	0.88
2023-12-19 10:30:00	1599798	1391290	2991088	0.87
2023-12-19 11:00:00	1882704	1667288	3549992	0.89
2023-12-19 11:30:00	2097513	1878933	3976446	0.9
2023-12-19 12:00:00	2254710	2011813	4266523	0.89
2023-12-19 12:30:00	2433137	2302327	4735464	0.95
2023-12-19 13:00:00	2636122	2474932	5111054	0.94
2023-12-19 13:30:00	2820923	2615852	5436775	0.93
2023-12-19 14:00:00	3049952	2762123	5812075	0.91
2023-12-19 14:30:00	3306535	2996011	6302546	0.91
2023-12-19 15:00:00	3694849	3311304	7006153	0.9
2023-12-19 15:15:00	3864239	3410027	7274266	0.88
2023-12-18 09:00:00	504989	442145	947134	0.88
2023-12-18 09:30:00	897907	759226	1657133	0.85
2023-12-18 10:00:00	1214054	1042992	2257046	0.86
2023-12-18 10:30:00	1476299	1323850	2800149	0.9
2023-12-18 11:00:00	1711456	1565339	3276795	0.91
2023-12-18 11:30:00	1914315	1778143	3692458	0.93
2023-12-18 12:00:00	2140267	1978593	4118860	0.92
2023-12-18 12:30:00	1760203	1561426	3321629	0.89
2023-12-18 13:00:00	1891324	1672055	3563379	0.88
2023-12-18 13:30:00	2094096	1909860	4003956	0.91
2023-12-18 14:00:00	2228192	2108302	4336494	0.95
2023-12-18 14:30:00	2378897	2251453	4630350	0.95
2023-12-18 15:00:00	3384423	3392484	6776907	1.0
2023-12-18 15:15:00	2662104	2654730	5316834	1.0
2023-12-15 09:00:00	613014	544651	1157665	0.89
2023-12-15 09:30:00	1076642	884895	1961537	0.82
2023-12-15 10:00:00	1471258	1170201	2641459	0.8
2023-12-15 10:30:00	1858325	1396001	3254326	0.75
2023-12-15 11:00:00	2125647	1618333	3743980	0.76
2023-12-15 11:30:00	2357848	1902910	4260758	0.81
2023-12-15 12:00:00	2602702	2180124	4782826	0.84
2023-12-15 12:30:00	2889964	2419124	5309088	0.84
2023-12-15 13:00:00	3330436	2729457	6059893	0.82
2023-12-15 13:30:00	3603104	2968368	6571472	0.82
2023-12-15 14:00:00	3842062	3174167	7016229	0.83
2023-12-15 14:30:00	4181256	3456571	7637827	0.83
2023-12-15 15:00:00	4949261	3880884	8830145	0.78
2023-12-15 15:15:00	5038027	3962585	9000612	0.79
2023-12-14 09:00:00	1107674	752832	1860506	0.68
2023-12-14 09:30:00	1750305	1229389	2979694	0.7
2023-12-14 10:00:00	2414249	1676844	4091093	0.69
2023-12-14 10:30:00	2798488	1979916	4778404	0.71
2023-12-14 11:00:00	3135178	2271593	5406771	0.72
2023-12-14 11:30:00	3485724	2575579	6061303	0.74
2023-12-14 12:00:00	3858530	2862499	6721029	0.74
2023-12-14 12:30:00	4250015	3143994	7394009	0.74
2023-12-14 13:00:00	4703307	3542233	8245540	0.75
2023-12-14 13:30:00	5007364	3886218	8893582	0.78
2023-12-14 14:00:00	5258419	4093179	9351598	0.78
2023-12-14 14:30:00	5673558	4608483	10282041	0.81
2023-12-14 15:00:00	6289806	5232813	11522619	0.83
2023-12-14 15:15:00	6360152	5349028	11709180	0.84
2023-12-13 09:00:00	471444	443567	915011	0.94
2023-12-13 09:30:00	794698	842915	1637613	1.06
2023-12-13 10:00:00	1107312	1034456	2141768	0.93
2023-12-13 10:30:00	1367127	1223640	2590767	0.9
2023-12-13 11:00:00	1557823	1399378	2957201	0.9
2023-12-13 11:30:00	1879812	1637555	3517367	0.87
2023-12-13 12:00:00	2073812	1756920	3830732	0.85
2023-12-13 12:30:00	2325920	1884527	4210447	0.81
2023-12-13 13:00:00	2474073	2007670	4481743	0.81
2023-12-13 13:30:00	3001737	2410482	5412219	0.8
2023-12-13 14:00:00	3629223	2923641	6552864	0.81
2023-12-13 14:30:00	4355783	3470739	7826522	0.8
2023-12-13 15:00:00	5000012	5079660	10079672	1.02
2023-12-13 15:15:00	5142017	5200580	10342597	1.01
2023-12-12 09:00:00	517439	474233	991672	0.92
2023-12-12 09:30:00	878108	809837	1687945	0.92
2023-12-12 10:00:00	1170454	1093904	2264358	0.93
2023-12-12 10:30:00	1459261	1353383	2812644	0.93
2023-12-12 11:00:00	1663651	1545543	3209194	0.93
2023-12-12 11:30:00	1913868	1741377	3655245	0.91
2023-12-12 12:00:00	2084323	1916676	4000999	0.92
2023-12-12 12:30:00	2298873	2101893	4400766	0.91
2023-12-12 13:00:00	2471308	2288520	4759828	0.93
2023-12-12 13:30:00	2015132	1780872	3796004	0.88
2023-12-12 14:00:00	2208511	2003043	4211554	0.91
2023-12-12 14:30:00	2397796	2241035	4638831	0.93
2023-12-12 15:00:00	2667111	2548562	5215673	0.96
2023-12-12 15:15:00	2736492	2633322	5369814	0.96
2023-12-11 09:00:00	508344	487592	995936	0.96
2023-12-11 09:30:00	819705	796073	1615778	0.97
2023-12-11 10:00:00	1141355	1102221	2243576	0.97
2023-12-11 10:30:00	1501118	1362986	2864104	0.91
2023-12-11 11:00:00	1687859	1591564	3279423	0.94
2023-12-11 11:30:00	2032267	1952343	3984610	0.96
2023-12-11 12:00:00	2212797	2108580	4321377	0.95
2023-12-11 12:30:00	2422126	2318236	4740362	0.96
2023-12-11 13:00:00	2613386	2469027	5082413	0.94
2023-12-11 13:30:00	2786381	2674133	5460514	0.96
2023-12-11 14:00:00	2991292	2831339	5822631	0.95
2023-12-11 14:30:00	3364856	3148524	6513380	0.94
2023-12-11 15:00:00	3678383	3481179	7159562	0.95
2023-12-11 15:15:00	3749707	3569253	7318960	0.95
2023-12-08 09:00:00	491268	411042	902310	0.84
2023-12-08 09:30:00	1003369	853608	1856977	0.85
2023-12-08 10:00:00	1346673	1217073	2563746	0.9
2023-12-08 10:30:00	1706206	1467000	3173206	0.86
2023-12-08 11:00:00	1960719	1722219	3682938	0.88
2023-12-08 11:30:00	2258581	1953634	4212215	0.86
2023-12-08 12:00:00	2490136	2110321	4600457	0.85
2023-12-08 12:30:00	2677689	2290660	4968349	0.86
2023-12-08 13:00:00	2835463	2461485	5296948	0.87
2023-12-08 13:30:00	3023210	2641049	5664259	0.87
2023-12-08 14:00:00	3304979	2920328	6225307	0.88
2023-12-08 14:30:00	3585810	3186711	6772521	0.89
2023-12-08 15:00:00	3974101	3584316	7558417	0.9
2023-12-08 15:15:00	4039807	3694297	7734104	0.91
2023-12-07 09:00:00	476503	487184	963687	1.02
2023-12-07 09:30:00	857944	804734	1662678	0.94
2023-12-07 10:00:00	1108519	1051646	2160165	0.95
2023-12-07 10:30:00	1386757	1349992	2736749	0.97
2023-12-07 11:00:00	1566868	1594388	3161256	1.02
2023-12-07 11:30:00	1789749	1792821	3582570	1.0
2023-12-07 12:00:00	2038407	1960216	3998623	0.96
2023-12-07 12:30:00	2209145	2127289	4336434	0.96
2023-12-07 13:00:00	2343325	2274852	4618177	0.97
2023-12-07 13:30:00	2526453	2459897	4986350	0.97
2023-12-07 14:00:00	2718638	2642957	5361595	0.97
2023-12-07 14:30:00	2901151	2816969	5718120	0.97
2023-12-07 15:00:00	3209650	3093531	6303181	0.96
2023-12-07 15:15:00	3307170	3162491	6469661	0.96
2023-12-06 09:00:00	504193	445423	949616	0.88
2023-12-06 09:30:00	1006987	825853	1832840	0.82
2023-12-06 10:00:00	1451974	1071883	2523857	0.74
2023-12-06 10:30:00	1672912	1285688	2958600	0.77
2023-12-06 11:00:00	1947788	1497662	3445450	0.77
2023-12-06 11:30:00	2100246	1650763	3751009	0.79
2023-12-06 12:00:00	2298003	1840412	4138415	0.8
2023-12-06 12:30:00	2518079	2014004	4532083	0.8
2023-12-06 13:00:00	2676914	2142097	4819011	0.8
2023-12-06 13:30:00	2838760	2299685	5138445	0.81
2023-12-06 14:00:00	3033694	2440444	5474138	0.8
2023-12-06 14:30:00	3354853	2755285	6110138	0.82
2023-12-06 15:00:00	3689480	3221560	6911040	0.87
2023-12-06 15:15:00	3767828	3305817	7073645	0.88
2023-12-05 09:00:00	459118	339766	798884	0.74
2023-12-05 09:30:00	910302	719260	1629562	0.79
2023-12-05 10:00:00	1246263	1024687	2270950	0.82
2023-12-05 10:30:00	1580826	1285163	2865989	0.81
2023-12-05 11:00:00	1795238	1566735	3361973	0.87
2023-12-05 11:30:00	1943035	1710607	3653642	0.88
2023-12-05 12:00:00	2126540	1873090	3999630	0.88
2023-12-05 12:30:00	2270794	1999710	4270504	0.88
2023-12-05 13:00:00	2422626	2116770	4539396	0.87
2023-12-05 13:30:00	1769775	1546006	3315781	0.87
2023-12-05 14:00:00	1894215	1669882	3564097	0.88
2023-12-05 14:30:00	2036217	1780139	3816356	0.87
2023-12-05 15:00:00	2234252	1985993	4220245	0.89
2023-12-05 15:15:00	2275278	2066538	4341816	0.91
2023-12-04 09:00:00	657200	527346	1184546	0.8
2023-12-04 09:30:00	1132158	938558	2070716	0.83
2023-12-04 10:00:00	1515665	1254594	2770259	0.83
2023-12-04 10:30:00	1859700	1503179	3362879	0.81
2023-12-04 11:00:00	2125770	1705428	3831198	0.8
2023-12-04 11:30:00	2333380	1899600	4232980	0.81
2023-12-04 12:00:00	2517589	2045563	4563152	0.81
2023-12-04 12:30:00	2675180	2192458	4867638	0.82
2023-12-04 13:00:00	2817366	2363039	5180405	0.84
2023-12-04 13:30:00	2984629	2522929	5507558	0.85
2023-12-04 14:00:00	2402552	1889927	4292479	0.79
2023-12-04 14:30:00	2587199	2010996	4598195	0.78
2023-12-04 15:00:00	3770744	3140170	6910914	0.83
2023-12-04 15:15:00	3811016	3200633	7011649	0.84
2023-12-01 09:00:00	470584	372762	843346	0.79
2023-12-01 09:30:00	877937	739309	1617246	0.84
2023-12-01 10:00:00	1139177	992058	2131235	0.87
2023-12-01 10:30:00	1502263	1285144	2787407	0.86
2023-12-01 11:00:00	1921758	1598299	3520057	0.83
2023-12-01 11:30:00	2287066	1866682	4153748	0.82
2023-12-01 12:00:00	2607042	2091370	4698412	0.8
2023-12-01 12:30:00	2973547	2571954	5545501	0.86
2023-12-01 13:00:00	3219463	2767718	5987181	0.86
2023-12-01 13:30:00	3498749	2936675	6435424	0.84
2023-12-01 14:00:00	3727119	3119016	6846135	0.84
2023-12-01 14:30:00	4001073	3379482	7380555	0.84
2023-12-01 15:00:00	4455488	3742199	8197687	0.84
2023-12-01 15:15:00	4536090	3855856	8391946	0.85
2023-11-30 09:00:00	502435	471196	973631	0.94
2023-11-30 09:30:00	947391	752369	1699760	0.79
2023-11-30 10:00:00	1471687	1110940	2582627	0.75
2023-11-30 10:30:00	1695974	1311026	3007000	0.77
2023-11-30 11:00:00	1903305	1510636	3413941	0.79
2023-11-30 11:30:00	2258254	1892772	4151026	0.84
2023-11-30 12:00:00	2465004	2056698	4521702	0.83
2023-11-30 12:30:00	2051643	1559874	3611517	0.76
2023-11-30 13:00:00	2160569	1683249	3843818	0.78
2023-11-30 13:30:00	2322847	1853635	4176482	0.8
2023-11-30 14:00:00	2469212	1972397	4441609	0.8
2023-11-30 14:30:00	2639201	2127659	4766860	0.81
2023-11-30 15:00:00	2914925	2406998	5321923	0.83
2023-11-30 15:15:00	3009397	2535486	5544883	0.84
2023-11-29 09:00:00	712260	492005	1204265	0.69
2023-11-29 09:30:00	1201024	954365	2155389	0.79
2023-11-29 10:00:00	1494994	1195075	2690069	0.8
2023-11-29 10:30:00	1817683	1491833	3309516	0.82
2023-11-29 11:00:00	2033447	1668247	3701694	0.82
2023-11-29 11:30:00	2380893	1844060	4224953	0.77
2023-11-29 12:00:00	2594429	1981960	4576389	0.76
2023-11-29 12:30:00	2773286	2174601	4947887	0.78
2023-11-29 13:00:00	3022110	2316833	5338943	0.77
2023-11-29 13:30:00	2448085	1689606	4137691	0.69
2023-11-29 14:00:00	2679680	1882880	4562560	0.7
2023-11-29 14:30:00	3004762	2051014	5055776	0.68
2023-11-29 15:00:00	3236139	2296933	5533072	0.71
2023-11-29 15:15:00	3312415	2404945	5717360	0.73
2023-11-28 09:00:00	503001	521674	1024675	1.04
2023-11-28 09:30:00	786492	796833	1583325	1.01
2023-11-28 10:00:00	1103299	1106187	2209486	1.0
2023-11-28 10:30:00	1407931	1345822	2753753	0.96
2023-11-28 11:00:00	1728554	1597612	3326166	0.92
2023-11-28 11:30:00	1927507	1837621	3765128	0.95
2023-11-28 12:00:00	2133764	2036296	4170060	0.95
2023-11-28 12:30:00	2452414	2254400	4706814	0.92
2023-11-28 13:00:00	1865077	1671297	3536374	0.9
2023-11-28 13:30:00	2003108	1836487	3839595	0.92
2023-11-28 14:00:00	2118929	2143459	4262388	1.01
2023-11-28 14:30:00	2276702	2281587	4558289	1.0
2023-11-28 15:00:00	2609207	2507732	5116939	0.96
2023-11-28 15:15:00	2648704	2574312	5223016	0.97
2023-11-27 09:00:00	404256	405964	810220	1.0
2023-11-27 09:30:00	695821	690748	1386569	0.99
2023-11-27 10:00:00	972498	967234	1939732	0.99
2023-11-27 10:30:00	1166958	1184439	2351397	1.01
2023-11-27 11:00:00	1006609	1011442	2018051	1.0
2023-11-27 11:30:00	1118162	1103592	2221754	0.99
2023-11-27 12:00:00	1217404	1195929	2413333	0.98
2023-11-27 12:30:00	1332580	1344372	2676952	1.01
2023-11-27 13:00:00	1979062	2009780	3988842	1.02
2023-11-27 13:30:00	1575375	1583637	3159012	1.01
2023-11-27 14:00:00	1707462	1729484	3436946	1.01
2023-11-27 14:30:00	1842397	2087384	3929781	1.13
2023-11-27 15:00:00	2043947	2329847	4373794	1.14
2023-11-27 15:15:00	2086911	2400156	4487067	1.15
2023-11-24 09:00:00	324158	335783	659941	1.04
2023-11-24 09:30:00	575815	558783	1134598	0.97
2023-11-24 10:00:00	795689	756313	1552002	0.95
2023-11-24 10:30:00	971909	936517	1908426	0.96
2023-11-24 11:00:00	1191341	1333671	2525012	1.12
2023-11-24 11:30:00	1372374	1526698	2899072	1.11
2023-11-24 12:00:00	1674112	1831422	3505534	1.09
2023-11-24 12:30:00	1709554	1920965	3630519	1.12
2023-11-24 13:00:00	1709554	1920965	3630519	1.12
2023-11-24 13:30:00	1709554	1920965	3630519	1.12
2023-11-24 14:00:00	1709554	1920965	3630519	1.12
2023-11-24 14:30:00	1709554	1920965	3630519	1.12
2023-11-24 15:00:00	1709554	1920965	3630519	1.12
2023-11-24 15:15:00	1709554	1920965	3630519	1.12
2023-11-22 09:00:00	678566	527787	1206353	0.78
2023-11-22 09:30:00	1087577	826373	1913950	0.76
2023-11-22 10:00:00	1433476	1083619	2517095	0.76
2023-11-22 10:30:00	1680210	1247206	2927416	0.74
2023-11-22 11:00:00	1893706	1401296	3295002	0.74
2023-11-22 11:30:00	2115334	1580851	3696185	0.75
2023-11-22 12:00:00	2281931	1778263	4060194	0.78
2023-11-22 12:30:00	2463120	1923510	4386630	0.78
2023-11-22 13:00:00	2601107	2197311	4798418	0.84
2023-11-22 13:30:00	2748635	2480599	5229234	0.9
2023-11-22 14:00:00	2999628	2726218	5725846	0.91
2023-11-22 14:30:00	2327056	2104647	4431703	0.9
2023-11-22 15:00:00	2536300	2349338	4885638	0.93
2023-11-22 15:15:00	2568406	2418641	4987047	0.94
2023-11-21 09:00:00	418319	363868	782187	0.87
2023-11-21 09:30:00	712645	660812	1373457	0.93
2023-11-21 10:00:00	1035987	888770	1924757	0.86
2023-11-21 10:30:00	1180638	1052314	2232952	0.89
2023-11-21 11:00:00	1329857	1247558	2577415	0.94
2023-11-21 11:30:00	1551274	1401698	2952972	0.9
2023-11-21 12:00:00	1740481	1562112	3302593	0.9
2023-11-21 12:30:00	1890306	1722960	3613266	0.91
2023-11-21 13:00:00	1548275	1423819	2972094	0.92
2023-11-21 13:30:00	1664669	1990305	3654974	1.2
2023-11-21 14:00:00	1762814	2087402	3850216	1.18
2023-11-21 14:30:00	1996092	2190616	4186708	1.1
2023-11-21 15:00:00	2208908	2444476	4653384	1.11
2023-11-21 15:15:00	2277516	2517484	4795000	1.11
2023-11-20 09:00:00	534024	469130	1003154	0.88
2023-11-20 09:30:00	869070	915546	1784616	1.05
2023-11-20 10:00:00	1181661	1149054	2330715	0.97
2023-11-20 10:30:00	1428905	1379439	2808344	0.97
2023-11-20 11:00:00	1633048	1603784	3236832	0.98
2023-11-20 11:30:00	1803820	1786417	3590237	0.99
2023-11-20 12:00:00	1953251	1925870	3879121	0.99
2023-11-20 12:30:00	2249958	2192694	4442652	0.97
2023-11-20 13:00:00	2457732	2416793	4874525	0.98
2023-11-20 13:30:00	1996840	1928336	3925176	0.97
2023-11-20 14:00:00	2161470	2081172	4242642	0.96
2023-11-20 14:30:00	2365871	2256179	4622050	0.95
2023-11-20 15:00:00	2590175	2557382	5147557	0.99
2023-11-20 15:15:00	2641122	2650150	5291272	1.0
2023-11-17 09:00:00	563140	551802	1114942	0.98
2023-11-17 09:30:00	962006	877128	1839134	0.91
2023-11-17 10:00:00	1309683	1150807	2460490	0.88
2023-11-17 10:30:00	1583928	1366290	2950218	0.86
2023-11-17 11:00:00	1860303	1568183	3428486	0.84
2023-11-17 11:30:00	2133032	1811276	3944308	0.85
2023-11-17 12:00:00	2296286	1957118	4253404	0.85
2023-11-17 12:30:00	2485929	2127905	4613834	0.86
2023-11-17 13:00:00	2705315	2289870	4995185	0.85
2023-11-17 13:30:00	2977371	2497351	5474722	0.84
2023-11-17 14:00:00	3305605	2791080	6096685	0.84
2023-11-17 14:30:00	3602775	3072600	6675375	0.85
2023-11-17 15:00:00	3980876	3513284	7494160	0.88
2023-11-17 15:15:00	4048960	3620422	7669382	0.89
2023-11-16 09:00:00	548626	499706	1048332	0.91
2023-11-16 09:30:00	917154	829471	1746625	0.9
2023-11-16 10:00:00	1348412	1174104	2522516	0.87
2023-11-16 10:30:00	1620611	1455565	3076176	0.9
2023-11-16 11:00:00	1822491	1660158	3482649	0.91
2023-11-16 11:30:00	2018635	1814669	3833304	0.9
2023-11-16 12:00:00	2181151	1987224	4168375	0.91
2023-11-16 12:30:00	2373677	2176075	4549752	0.92
2023-11-16 13:00:00	2543903	2368604	4912507	0.93
2023-11-16 13:30:00	2720152	2533259	5253411	0.93
2023-11-16 14:00:00	2918802	2736767	5655569	0.94
2023-11-16 14:30:00	3100762	2946438	6047200	0.95
2023-11-16 15:00:00	3425430	3327211	6752641	0.97
2023-11-16 15:15:00	3485083	3411749	6896832	0.98
2023-11-14 09:00:00	961055	697559	1658614	0.73
2023-11-14 09:30:00	1503256	1199724	2702980	0.8
2023-11-14 10:00:00	2015925	1666849	3682774	0.83
2023-11-14 10:30:00	2397453	2003914	4401367	0.84
2023-11-14 11:00:00	2752324	2344675	5096999	0.85
2023-11-14 11:30:00	3021864	2720730	5742594	0.9
2023-11-14 12:00:00	3303215	2916155	6219370	0.88
2023-11-14 12:30:00	3533698	3096547	6630245	0.88
2023-11-14 13:00:00	3754919	3328239	7083158	0.89
2023-11-14 13:30:00	3974721	3588596	7563317	0.9
2023-11-14 14:00:00	4266543	3848064	8114607	0.9
2023-11-14 14:30:00	4591665	4346395	8938060	0.95
2023-11-14 15:00:00	5006535	4814851	9821386	0.96
2023-11-14 15:15:00	5072585	4923822	9996407	0.97
2023-11-13 09:00:00	460717	479981	940698	1.04
2023-11-13 09:30:00	815273	874744	1690017	1.07
2023-11-13 10:00:00	1061958	1204181	2266139	1.13
2023-11-13 10:30:00	1275972	1422825	2698797	1.12
2023-11-13 11:00:00	1569435	1689151	3258586	1.08
2023-11-13 11:30:00	1781593	1901277	3682870	1.07
2023-11-13 12:00:00	1946877	2050317	3997194	1.05
2023-11-13 12:30:00	2099954	2195936	4295890	1.05
2023-11-13 13:00:00	2272343	2384773	4657116	1.05
2023-11-13 13:30:00	2429592	2531923	4961515	1.04
2023-11-13 14:00:00	2606248	2902625	5508873	1.11
2023-11-13 14:30:00	2796955	3281111	6078066	1.17
2023-11-13 15:00:00	3116280	3615164	6731444	1.16
2023-11-13 15:15:00	3196459	3740988	6937447	1.17
2023-11-10 09:00:00	445551	445568	891119	1.0
2023-11-10 09:30:00	782885	793422	1576307	1.01
2023-11-10 10:00:00	1088353	1045351	2133704	0.96
2023-11-10 10:30:00	1455202	1387112	2842314	0.95
2023-11-10 11:00:00	1743244	1667883	3411127	0.96
2023-11-10 11:30:00	1990760	1921168	3911928	0.97
2023-11-10 12:00:00	2324110	2222111	4546221	0.96
2023-11-10 12:30:00	2548913	2462653	5011566	0.97
2023-11-10 13:00:00	2847813	2701799	5549612	0.95
2023-11-10 13:30:00	3109564	2935633	6045197	0.94
2023-11-10 14:00:00	3303899	3225503	6529402	0.98
2023-11-10 14:30:00	3564467	3639385	7203852	1.02
2023-11-10 15:00:00	3968539	4130805	8099344	1.04
2023-11-10 15:15:00	4057138	4330739	8387877	1.07
2023-11-09 09:00:00	437921	494080	932001	1.13
2023-11-09 09:30:00	772794	841335	1614129	1.09
2023-11-09 10:00:00	1039396	1045783	2085179	1.01
2023-11-09 10:30:00	1264316	1270811	2535127	1.01
2023-11-09 11:00:00	1495038	1449190	2944228	0.97
2023-11-09 11:30:00	1651449	1630786	3282235	0.99
2023-11-09 12:00:00	1839796	1756108	3595904	0.95
2023-11-09 12:30:00	1511536	1430942	2942478	0.95
2023-11-09 13:00:00	1628020	1570720	3198740	0.96
2023-11-09 13:30:00	1875472	2072315	3947787	1.1
2023-11-09 14:00:00	2032028	2329298	4361326	1.15
2023-11-09 14:30:00	2236535	2486215	4722750	1.11
2023-11-09 15:00:00	2480878	2783268	5264146	1.12
2023-11-09 15:15:00	2535997	2909263	5445260	1.15
2023-11-08 09:00:00	502892	416842	919734	0.83
2023-11-08 09:30:00	878772	748711	1627483	0.85
2023-11-08 10:00:00	1119794	983920	2103714	0.88
2023-11-08 10:30:00	1341703	1230555	2572258	0.92
2023-11-08 11:00:00	1508974	1406802	2915776	0.93
2023-11-08 11:30:00	1822851	1661953	3484804	0.91
2023-11-08 12:00:00	1988074	1800044	3788118	0.91
2023-11-08 12:30:00	2199543	1998115	4197658	0.91
2023-11-08 13:00:00	1652290	1441002	3093292	0.87
2023-11-08 13:30:00	1798635	1559731	3358366	0.87
2023-11-08 14:00:00	1912827	1673636	3586463	0.87
2023-11-08 14:30:00	2042986	1827316	3870302	0.89
2023-11-08 15:00:00	2296274	2956620	5252894	1.29
2023-11-08 15:15:00	2342627	3043850	5386477	1.3
2023-11-07 09:00:00	430533	421009	851542	0.98
2023-11-07 09:30:00	776904	763818	1540722	0.98
2023-11-07 10:00:00	1181059	1084731	2265790	0.92
2023-11-07 10:30:00	1429281	1466449	2895730	1.03
2023-11-07 11:00:00	1631539	1698698	3330237	1.04
2023-11-07 11:30:00	1837087	1917070	3754157	1.04
2023-11-07 12:00:00	1979317	2091485	4070802	1.06
2023-11-07 12:30:00	2321093	2270249	4591342	0.98
2023-11-07 13:00:00	2512726	2425654	4938380	0.97
2023-11-07 13:30:00	2674696	2570890	5245586	0.96
2023-11-07 14:00:00	2100536	2031461	4131997	0.97
2023-11-07 14:30:00	2276538	2226470	4503008	0.98
2023-11-07 15:00:00	2527366	2470973	4998339	0.98
2023-11-07 15:15:00	2571806	2532260	5104066	0.98
2023-11-06 09:00:00	494215	576680	1070895	1.17
2023-11-06 09:30:00	843120	935304	1778424	1.11
2023-11-06 10:00:00	1124663	1164558	2289221	1.04
2023-11-06 10:30:00	1291270	1355905	2647175	1.05
2023-11-06 11:00:00	1484709	1569069	3053778	1.06
2023-11-06 11:30:00	1711694	1815864	3527558	1.06
2023-11-06 12:00:00	1885309	1969480	3854789	1.04
2023-11-06 12:30:00	2096850	2199082	4295932	1.05
2023-11-06 13:00:00	2234479	2391571	4626050	1.07
2023-11-06 13:30:00	2403679	2576753	4980432	1.07
2023-11-06 14:00:00	1890281	2095191	3985472	1.11
2023-11-06 14:30:00	2018156	2276861	4295017	1.13
2023-11-06 15:00:00	2233459	2561913	4795372	1.15
2023-11-06 15:15:00	2298795	2660281	4959076	1.16
2023-11-03 09:00:00	881227	655377	1536604	0.74
2023-11-03 09:30:00	1440173	1176304	2616477	0.82
2023-11-03 10:00:00	1832776	1576478	3409254	0.86
2023-11-03 10:30:00	2191464	1867044	4058508	0.85
2023-11-03 11:00:00	2549779	2171770	4721549	0.85
2023-11-03 11:30:00	2829562	2455204	5284766	0.87
2023-11-03 12:00:00	3115735	2731348	5847083	0.88
2023-11-03 12:30:00	3358028	2944311	6302339	0.88
2023-11-03 13:00:00	3748987	3363216	7112203	0.9
2023-11-03 13:30:00	3978187	3560133	7538320	0.89
2023-11-03 14:00:00	4299387	3814851	8114238	0.89
2023-11-03 14:30:00	4615233	4124371	8739604	0.89
2023-11-03 15:00:00	5048101	4581739	9629840	0.91
2023-11-03 15:15:00	5167455	4735783	9903238	0.92
2023-11-02 09:00:00	600529	484081	1084610	0.81
2023-11-02 09:30:00	986482	825780	1812262	0.84
2023-11-02 10:00:00	1290529	1126432	2416961	0.87
2023-11-02 10:30:00	1544241	1387220	2931461	0.9
2023-11-02 11:00:00	1770176	1584348	3354524	0.9
2023-11-02 11:30:00	1922916	1713288	3636204	0.89
2023-11-02 12:00:00	2058254	1846777	3905031	0.9
2023-11-02 12:30:00	2231730	2014927	4246657	0.9
2023-11-02 13:00:00	2436194	2218904	4655098	0.91
2023-11-02 13:30:00	2593130	2370883	4964013	0.91
2023-11-02 14:00:00	2752060	2517432	5269492	0.91
2023-11-02 14:30:00	2946853	2710890	5657743	0.92
2023-11-02 15:00:00	3341665	3161742	6503407	0.95
2023-11-02 15:15:00	3403106	3315785	6718891	0.97
2023-11-01 09:00:00	302102	286373	588475	0.95
2023-11-01 09:30:00	618698	547175	1165873	0.88
2023-11-01 10:00:00	872166	737297	1609463	0.85
2023-11-01 10:30:00	1068254	900337	1968591	0.84
2023-11-01 11:00:00	1176647	1017765	2194412	0.86
2023-11-01 11:30:00	1274473	1151660	2426133	0.9
2023-11-01 12:00:00	1381095	1297661	2678756	0.94
2023-11-01 12:30:00	1506673	1397607	2904280	0.93
2023-11-01 13:00:00	1620202	1515480	3135682	0.94
2023-11-01 13:30:00	1704935	1626910	3331845	0.95
2023-11-01 14:00:00	1881141	1820396	3701537	0.97
2023-11-01 14:30:00	2200884	2105714	4306598	0.96
2023-11-01 15:00:00	2572294	2506491	5078785	0.97
2023-11-01 15:15:00	2633856	2613319	5247175	0.99
2023-10-31 09:00:00	296200	288718	584918	0.97
2023-10-31 09:30:00	634488	494507	1128995	0.78
2023-10-31 10:00:00	821767	647971	1469738	0.79
2023-10-31 10:30:00	984696	863867	1848563	0.88
2023-10-31 11:00:00	1107394	960655	2068049	0.87
2023-10-31 11:30:00	1218300	1045117	2263417	0.86
2023-10-31 12:00:00	1333483	1191699	2525182	0.89
2023-10-31 12:30:00	1543469	1312019	2855488	0.85
2023-10-31 13:00:00	1677423	1640534	3317957	0.98
2023-10-31 13:30:00	1838098	1957045	3795143	1.06
2023-10-31 14:00:00	1980665	2090999	4071664	1.06
2023-10-31 14:30:00	2153957	2294361	4448318	1.07
2023-10-31 15:00:00	2407225	2553223	4960448	1.06
2023-10-31 15:15:00	2484447	2656268	5140715	1.07
2023-10-30 09:00:00	383669	318155	701824	0.83
2023-10-30 09:30:00	666414	563787	1230201	0.85
2023-10-30 10:00:00	865073	738453	1603526	0.85
2023-10-30 10:30:00	1179070	848256	2027326	0.72
2023-10-30 11:00:00	1314082	1011413	2325495	0.77
2023-10-30 11:30:00	1445506	1120466	2565972	0.78
2023-10-30 12:00:00	1595551	1250862	2846413	0.78
2023-10-30 12:30:00	1725274	1393948	3119222	0.81
2023-10-30 13:00:00	1873940	1721848	3595788	0.92
2023-10-30 13:30:00	2010768	1956744	3967512	0.97
2023-10-30 14:00:00	2177615	2151791	4329406	0.99
2023-10-30 14:30:00	2579299	2361612	4940911	0.92
2023-10-30 15:00:00	2812244	2970317	5782561	1.06
2023-10-30 15:15:00	2870567	3080024	5950591	1.07
2023-10-27 09:00:00	555856	503952	1059808	0.91
2023-10-27 09:30:00	931934	863337	1795271	0.93
2023-10-27 10:00:00	1336118	1280197	2616315	0.96
2023-10-27 10:30:00	1630204	1583568	3213772	0.97
2023-10-27 11:00:00	1843354	1840853	3684207	1.0
2023-10-27 11:30:00	2034228	2068729	4102957	1.02
2023-10-27 12:00:00	2222528	2326842	4549370	1.05
2023-10-27 12:30:00	2548198	2967016	5515214	1.16
2023-10-27 13:00:00	2764142	3349932	6114074	1.21
2023-10-27 13:30:00	3041625	3675512	6717137	1.21
2023-10-27 14:00:00	3331099	3988886	7319985	1.2
2023-10-27 14:30:00	3633712	4370393	8004105	1.2
2023-10-27 15:00:00	4024287	4939577	8963864	1.23
2023-10-27 15:15:00	4339232	5111627	9450859	1.18
2023-10-26 09:00:00	397805	367055	764860	0.92
2023-10-26 09:30:00	691740	694622	1386362	1.0
2023-10-26 10:00:00	972839	981881	1954720	1.01
2023-10-26 10:30:00	1187541	1193346	2380887	1.0
2023-10-26 11:00:00	1357942	1473436	2831378	1.09
2023-10-26 11:30:00	1644330	1744177	3388507	1.06
2023-10-26 12:00:00	1898745	1993163	3891908	1.05
2023-10-26 12:30:00	2078460	2211166	4289626	1.06
2023-10-26 13:00:00	2244669	2411696	4656365	1.07
2023-10-26 13:30:00	2456960	2614989	5071949	1.06
2023-10-26 14:00:00	2645961	3028366	5674327	1.14
2023-10-26 14:30:00	2866543	3336214	6202757	1.16
2023-10-26 15:00:00	3141112	3663786	6804898	1.17
2023-10-26 15:15:00	3214331	3769297	6983628	1.17
2023-10-25 09:00:00	429527	405519	835046	0.94
2023-10-25 09:30:00	620147	549588	1169735	0.89
2023-10-25 10:00:00	889827	741611	1631438	0.83
2023-10-25 10:30:00	1221759	1076333	2298092	0.88
2023-10-25 11:00:00	1370418	1233193	2603611	0.9
2023-10-25 11:30:00	1562412	1409981	2972393	0.9
2023-10-25 12:00:00	1738168	1585537	3323705	0.91
2023-10-25 12:30:00	1903336	1760045	3663381	0.92
2023-10-25 13:00:00	2139914	1985880	4125794	0.93
2023-10-25 13:30:00	2302728	2186382	4489110	0.95
2023-10-25 14:00:00	2514745	2346035	4860780	0.93
2023-10-25 14:30:00	2699255	3141048	5840303	1.16
2023-10-25 15:00:00	2962170	3740364	6702534	1.26
2023-10-25 15:15:00	3018112	4100122	7118234	1.36
2023-10-24 09:00:00	369687	284132	653819	0.77
2023-10-24 09:30:00	625349	477815	1103164	0.76
2023-10-24 10:00:00	829750	632435	1462185	0.76
2023-10-24 10:30:00	1010304	768752	1779056	0.76
2023-10-24 11:00:00	1179317	971028	2150345	0.82
2023-10-24 11:30:00	1335462	1088729	2424191	0.82
2023-10-24 12:00:00	1486312	1228992	2715304	0.83
2023-10-24 12:30:00	1601059	1329981	2931040	0.83
2023-10-24 13:00:00	1706253	1427057	3133310	0.84
2023-10-24 13:30:00	1813493	1592460	3405953	0.88
2023-10-24 14:00:00	1975073	1729191	3704264	0.88
2023-10-24 14:30:00	2286091	1920621	4206712	0.84
2023-10-24 15:00:00	2548887	2264342	4813229	0.89
2023-10-24 15:15:00	2615645	2337677	4953322	0.89
2023-10-23 09:00:00	621667	455187	1076854	0.73
2023-10-23 09:30:00	975981	734874	1710855	0.75
2023-10-23 10:00:00	1196287	954718	2151005	0.8
2023-10-23 10:30:00	1419370	1177126	2596496	0.83
2023-10-23 11:00:00	1619050	1339701	2958751	0.83
2023-10-23 11:30:00	1965156	1482494	3447650	0.75
2023-10-23 12:00:00	2204980	1675532	3880512	0.76
2023-10-23 12:30:00	2367926	1810157	4178083	0.76
2023-10-23 13:00:00	2492418	1933773	4426191	0.78
2023-10-23 13:30:00	2620856	2058263	4679119	0.79
2023-10-23 14:00:00	2749453	2175078	4924531	0.79
2023-10-23 14:30:00	2911685	2363638	5275323	0.81
2023-10-23 15:00:00	3195385	2669195	5864580	0.84
2023-10-23 15:15:00	3255900	2764187	6020087	0.85
2023-10-20 09:00:00	609978	594203	1204181	0.97
2023-10-20 09:30:00	1110917	1085646	2196563	0.98
2023-10-20 10:00:00	1599508	1555213	3154721	0.97
2023-10-20 10:30:00	1925440	1958415	3883855	1.02
2023-10-20 11:00:00	2354403	2331312	4685715	0.99
2023-10-20 11:30:00	2633865	2596047	5229912	0.99
2023-10-20 12:00:00	2905312	2931502	5836814	1.01
2023-10-20 12:30:00	3183316	3194587	6377903	1.0
2023-10-20 13:00:00	3392090	3410617	6802707	1.01
2023-10-20 13:30:00	3589615	3673997	7263612	1.02
2023-10-20 14:00:00	3821644	3956784	7778428	1.04
2023-10-20 14:30:00	4091725	4292961	8384686	1.05
2023-10-20 15:00:00	4518244	4823790	9342034	1.07
2023-10-20 15:15:00	4633843	4996004	9629847	1.08
2023-10-19 09:00:00	353798	363039	716837	1.03
2023-10-19 09:30:00	652716	614511	1267227	0.94
2023-10-19 10:00:00	880160	812843	1693003	0.92
2023-10-19 10:30:00	1010821	991982	2002803	0.98
2023-10-19 11:00:00	1149755	1139767	2289522	0.99
2023-10-19 11:30:00	1347658	1376151	2723809	1.02
2023-10-19 12:00:00	1521699	1570432	3092131	1.03
2023-10-19 12:30:00	1699777	1746450	3446227	1.03
2023-10-19 13:00:00	1850436	1918542	3768978	1.04
2023-10-19 13:30:00	1995892	2060323	4056215	1.03
2023-10-19 14:00:00	2233535	2315566	4549101	1.04
2023-10-19 14:30:00	2486445	2617387	5103832	1.05
2023-10-19 15:00:00	2815242	2998906	5814148	1.07
2023-10-19 15:15:00	2898292	3151416	6049708	1.09
2023-10-18 09:00:00	355938	409517	765455	1.15
2023-10-18 09:30:00	602270	683465	1285735	1.13
2023-10-18 10:00:00	911070	963496	1874566	1.06
2023-10-18 10:30:00	1131903	1167507	2299410	1.03
2023-10-18 11:00:00	1274409	1328040	2602449	1.04
2023-10-18 11:30:00	1436215	1519164	2955379	1.06
2023-10-18 12:00:00	1703223	1694839	3398062	1.0
2023-10-18 12:30:00	1875558	1846972	3722530	0.98
2023-10-18 13:00:00	2017205	2001089	4018294	0.99
2023-10-18 13:30:00	2192264	2133969	4326233	0.97
2023-10-18 14:00:00	2351277	2311210	4662487	0.98
2023-10-18 14:30:00	2622486	2609416	5231902	1.0
2023-10-18 15:00:00	3062524	2962544	6025068	0.97
2023-10-18 15:15:00	3136714	3106295	6243009	0.99
2023-10-17 09:00:00	427266	409997	837263	0.96
2023-10-17 09:30:00	791175	676125	1467300	0.85
2023-10-17 10:00:00	983089	947578	1930667	0.96
2023-10-17 10:30:00	1197487	1139150	2336637	0.95
2023-10-17 11:00:00	1387305	1297467	2684772	0.94
2023-10-17 11:30:00	1603565	1453095	3056660	0.91
2023-10-17 12:00:00	1752799	1601718	3354517	0.91
2023-10-17 12:30:00	1865005	1715104	3580109	0.92
2023-10-17 13:00:00	2032623	1944514	3977137	0.96
2023-10-17 13:30:00	2177332	2102538	4279870	0.97
2023-10-17 14:00:00	2400299	2547299	4947598	1.06
2023-10-17 14:30:00	2614467	2741791	5356258	1.05
2023-10-17 15:00:00	2842062	3011102	5853164	1.06
2023-10-17 15:15:00	2907883	3083001	5990884	1.06
2023-10-16 09:00:00	374263	375530	749793	1.0
2023-10-16 09:30:00	643625	663921	1307546	1.03
2023-10-16 10:00:00	985048	915706	1900754	0.93
2023-10-16 10:30:00	1180588	1088093	2268681	0.92
2023-10-16 11:00:00	1352814	1238365	2591179	0.92
2023-10-16 11:30:00	1449704	1342952	2792656	0.93
2023-10-16 12:00:00	1618122	1464185	3082307	0.9
2023-10-16 12:30:00	1756394	1612521	3368915	0.92
2023-10-16 13:00:00	1875119	1716520	3591639	0.92
2023-10-16 13:30:00	1992240	1844999	3837239	0.93
2023-10-16 14:00:00	2157157	2304345	4461502	1.07
2023-10-16 14:30:00	2323070	2494455	4817525	1.07
2023-10-16 15:00:00	2597137	2806696	5403833	1.08
2023-10-16 15:15:00	2650735	2911569	5562304	1.1
2023-10-13 09:00:00	517772	483210	1000982	0.93
2023-10-13 09:30:00	925793	856804	1782597	0.93
2023-10-13 10:00:00	1434681	1216984	2651665	0.85
2023-10-13 10:30:00	1837947	1673973	3511920	0.91
2023-10-13 11:00:00	2224641	2046087	4270728	0.92
2023-10-13 11:30:00	2461299	2309298	4770597	0.94
2023-10-13 12:00:00	2772288	2615383	5387671	0.94
2023-10-13 12:30:00	3093808	2986732	6080540	0.97
2023-10-13 13:00:00	3635373	3565353	7200726	0.98
2023-10-13 13:30:00	3936279	3994047	7930326	1.01
2023-10-13 14:00:00	4399932	4587353	8987285	1.04
2023-10-13 14:30:00	4567217	4786717	9353934	1.05
2023-10-13 15:00:00	4975677	5269723	10245400	1.06
2023-10-13 15:15:00	5061240	5482106	10543346	1.08
2023-10-12 09:00:00	352299	348834	701133	0.99
2023-10-12 09:30:00	648361	640493	1288854	0.99
2023-10-12 10:00:00	886470	816605	1703075	0.92
2023-10-12 10:30:00	1128855	991349	2120204	0.88
2023-10-12 11:00:00	1306717	1108795	2415512	0.85
2023-10-12 11:30:00	1548643	1405368	2954011	0.91
2023-10-12 12:00:00	1725015	1598626	3323641	0.93
2023-10-12 12:30:00	1973739	1861939	3835678	0.94
2023-10-12 13:00:00	2182443	2151094	4333537	0.99
2023-10-12 13:30:00	2524133	2754478	5278611	1.09
2023-10-12 14:00:00	2703369	2908920	5612289	1.08
2023-10-12 14:30:00	2876102	3062572	5938674	1.06
2023-10-12 15:00:00	3105133	3337001	6442134	1.07
2023-10-12 15:15:00	3146304	3577791	6724095	1.14
2023-10-11 09:00:00	354881	324684	679565	0.91
2023-10-11 09:30:00	585770	513517	1099287	0.88
2023-10-11 10:00:00	859362	701374	1560736	0.82
2023-10-11 10:30:00	1034082	857639	1891721	0.83
2023-10-11 11:00:00	1186041	1025264	2211305	0.86
2023-10-11 11:30:00	1328218	1169539	2497757	0.88
2023-10-11 12:00:00	1430074	1715528	3145602	1.2
2023-10-11 12:30:00	1536722	2111250	3647972	1.37
2023-10-11 13:00:00	1649454	2237409	3886863	1.36
2023-10-11 13:30:00	1790169	2369661	4159830	1.32
2023-10-11 14:00:00	1900192	2496230	4396422	1.31
2023-10-11 14:30:00	2052576	2713247	4765823	1.32
2023-10-11 15:00:00	2309208	3252253	5561461	1.41
2023-10-11 15:15:00	2386316	3377825	5764141	1.42
2023-10-10 09:00:00	339948	289447	629395	0.85
2023-10-10 09:30:00	770877	657642	1428519	0.85
2023-10-10 10:00:00	1046835	914374	1961209	0.87
2023-10-10 10:30:00	1332772	1176468	2509240	0.88
2023-10-10 11:00:00	1618388	1356932	2975320	0.84
2023-10-10 11:30:00	1827567	1515180	3342747	0.83
2023-10-10 12:00:00	2031408	1635796	3667204	0.81
2023-10-10 12:30:00	2204801	1842123	4046924	0.84
2023-10-10 13:00:00	2321152	1973636	4294788	0.85
2023-10-10 13:30:00	2445239	2266309	4711548	0.93
2023-10-10 14:00:00	2583324	2417423	5000747	0.94
2023-10-10 14:30:00	2709589	2553158	5262747	0.94
2023-10-10 15:00:00	2922301	2817726	5740027	0.96
2023-10-10 15:15:00	3011129	2890492	5901621	0.96
2023-10-09 09:00:00	353002	322680	675682	0.91
2023-10-09 09:30:00	559296	507971	1067267	0.91
2023-10-09 10:00:00	742224	649118	1391342	0.87
2023-10-09 10:30:00	893536	848147	1741683	0.95
2023-10-09 11:00:00	1030381	977393	2007774	0.95
2023-10-09 11:30:00	1241003	1115640	2356643	0.9
2023-10-09 12:00:00	1321447	1243073	2564520	0.94
2023-10-09 12:30:00	1417035	1405735	2822770	0.99
2023-10-09 13:00:00	1636192	1596359	3232551	0.98
2023-10-09 13:30:00	1816050	1778469	3594519	0.98
2023-10-09 14:00:00	2002422	1960838	3963260	0.98
2023-10-09 14:30:00	2163164	2110023	4273187	0.98
2023-10-09 15:00:00	2367600	2629760	4997360	1.11
2023-10-09 15:15:00	2425988	2727813	5153801	1.12
2023-10-06 09:00:00	511563	515819	1027382	1.01
2023-10-06 09:30:00	876283	911571	1787854	1.04
2023-10-06 10:00:00	1211217	1281195	2492412	1.06
2023-10-06 10:30:00	1550924	1620387	3171311	1.04
2023-10-06 11:00:00	2014057	2076156	4090213	1.03
2023-10-06 11:30:00	2429891	2459453	4889344	1.01
2023-10-06 12:00:00	2676143	2694139	5370282	1.01
2023-10-06 12:30:00	2913551	2924460	5838011	1.0
2023-10-06 13:00:00	3138445	3152946	6291391	1.0
2023-10-06 13:30:00	3394549	3384072	6778621	1.0
2023-10-06 14:00:00	3729897	3687009	7416906	0.99
2023-10-06 14:30:00	4091994	3987221	8079215	0.97
2023-10-06 15:00:00	4530748	4418960	8949708	0.98
2023-10-06 15:15:00	4611188	4529042	9140230	0.98
2023-10-05 09:00:00	369141	553388	922529	1.5
2023-10-05 09:30:00	563317	758947	1322264	1.35
2023-10-05 10:00:00	743892	952377	1696269	1.28
2023-10-05 10:30:00	912549	1222631	2135180	1.34
2023-10-05 11:00:00	1026691	1371800	2398491	1.34
2023-10-05 11:30:00	1163283	1545916	2709199	1.33
2023-10-05 12:00:00	1249605	1649364	2898969	1.32
2023-10-05 12:30:00	1330902	1762631	3093533	1.32
2023-10-05 13:00:00	1489896	1885567	3375463	1.27
2023-10-05 13:30:00	1621608	1992462	3614070	1.23
2023-10-05 14:00:00	1761671	2142685	3904356	1.22
2023-10-05 14:30:00	1881696	2525826	4407522	1.34
2023-10-05 15:00:00	2056139	2925189	4981328	1.42
2023-10-05 15:15:00	2120175	3016552	5136727	1.42
2023-10-04 09:00:00	338346	342358	680704	1.01
2023-10-04 09:30:00	601466	632848	1234314	1.05
2023-10-04 10:00:00	814404	955232	1769636	1.17
2023-10-04 10:30:00	987353	1123212	2110565	1.14
2023-10-04 11:00:00	1148622	1323016	2471638	1.15
2023-10-04 11:30:00	1277912	1514116	2792028	1.18
2023-10-04 12:00:00	1388803	1642749	3031552	1.18
2023-10-04 12:30:00	1517318	1800704	3318022	1.19
2023-10-04 13:00:00	1628908	1925059	3553967	1.18
2023-10-04 13:30:00	1729015	2680993	4410008	1.55
2023-10-04 14:00:00	1865619	3641798	5507417	1.95
2023-10-04 14:30:00	2056085	3855879	5911964	1.88
2023-10-04 15:00:00	2340192	4220092	6560284	1.8
2023-10-04 15:15:00	2414738	4440610	6855348	1.84
2023-10-03 09:00:00	368547	362804	731351	0.98
2023-10-03 09:30:00	691314	724423	1415737	1.05
2023-10-03 10:00:00	996287	997187	1993474	1.0
2023-10-03 10:30:00	1235167	1316468	2551635	1.07
2023-10-03 11:00:00	1437114	1629801	3066915	1.13
2023-10-03 11:30:00	1630199	1829190	3459389	1.12
2023-10-03 12:00:00	1819048	1975017	3794065	1.09
2023-10-03 12:30:00	1992446	2136567	4129013	1.07
2023-10-03 13:00:00	2125127	2367226	4492353	1.11
2023-10-03 13:30:00	2449943	2657826	5107769	1.08
2023-10-03 14:00:00	2631205	2850160	5481365	1.08
2023-10-03 14:30:00	2985474	3403345	6388819	1.14
2023-10-03 15:00:00	3395469	3854281	7249750	1.14
2023-10-03 15:15:00	3449980	3926636	7376616	1.14
2023-10-02 09:00:00	351866	327927	679793	0.93
2023-10-02 09:30:00	642938	607844	1250782	0.95
2023-10-02 10:00:00	811599	775599	1587198	0.96
2023-10-02 10:30:00	1007007	927431	1934438	0.92
2023-10-02 11:00:00	1164446	1097284	2261730	0.94
2023-10-02 11:30:00	1303677	1293197	2596874	0.99
2023-10-02 12:00:00	1422302	1432105	2854407	1.01
2023-10-02 12:30:00	1545607	1588606	3134213	1.03
2023-10-02 13:00:00	1663180	1719474	3382654	1.03
2023-10-02 13:30:00	1817757	1867840	3685597	1.03
2023-10-02 14:00:00	1954330	2020308	3974638	1.03
2023-10-02 14:30:00	2113371	2199034	4312405	1.04
2023-10-02 15:00:00	2348675	2623775	4972450	1.12
2023-10-02 15:15:00	2423905	2710305	5134210	1.12
2023-09-29 09:00:00	611945	582256	1194201	0.95
2023-09-29 09:30:00	1078202	977671	2055873	0.91
2023-09-29 10:00:00	1398024	1354616	2752640	0.97
2023-09-29 10:30:00	1717093	1616337	3333430	0.94
2023-09-29 11:00:00	2000118	2019944	4020062	1.01
2023-09-29 11:30:00	2228428	2213127	4441555	0.99
2023-09-29 12:00:00	2434679	2421349	4856028	0.99
2023-09-29 12:30:00	2747292	2729094	5476386	0.99
2023-09-29 13:00:00	2956841	2957131	5913972	1.0
2023-09-29 13:30:00	3183481	3214028	6397509	1.01
2023-09-29 14:00:00	3543876	3570075	7113951	1.01
2023-09-29 14:30:00	3844082	4080153	7924235	1.06
2023-09-29 15:00:00	4380916	4620725	9001641	1.05
2023-09-29 15:15:00	4576353	4898302	9474655	1.07
2023-09-28 09:00:00	321077	371585	692662	1.16
2023-09-28 09:30:00	613180	583705	1196885	0.95
2023-09-28 10:00:00	1013708	801084	1814792	0.79
2023-09-28 10:30:00	1224215	978511	2202726	0.8
2023-09-28 11:00:00	1493877	1198446	2692323	0.8
2023-09-28 11:30:00	1723158	1368528	3091686	0.79
2023-09-28 12:00:00	1902465	1525870	3428335	0.8
2023-09-28 12:30:00	2029645	1620870	3650515	0.8
2023-09-28 13:00:00	2137901	1740582	3878483	0.81
2023-09-28 13:30:00	2238890	1852267	4091157	0.83
2023-09-28 14:00:00	2403055	1980109	4383164	0.82
2023-09-28 14:30:00	2575388	2402133	4977521	0.93
2023-09-28 15:00:00	2828727	2729627	5558354	0.96
2023-09-28 15:15:00	2876671	2811206	5687877	0.98
2023-09-27 09:00:00	345674	431022	776696	1.25
2023-09-27 09:30:00	588952	718681	1307633	1.22
2023-09-27 10:00:00	788362	912242	1700604	1.16
2023-09-27 10:30:00	939992	1104008	2044000	1.17
2023-09-27 11:00:00	1240918	1239236	2480154	1.0
2023-09-27 11:30:00	1410406	1514582	2924988	1.07
2023-09-27 12:00:00	1550234	1660320	3210554	1.07
2023-09-27 12:30:00	1726955	1831376	3558331	1.06
2023-09-27 13:00:00	1934611	2061020	3995631	1.07
2023-09-27 13:30:00	2311243	2446433	4757676	1.06
2023-09-27 14:00:00	2529857	2698693	5228550	1.07
2023-09-27 14:30:00	2741271	3146662	5887933	1.15
2023-09-27 15:00:00	2893625	3997748	6891373	1.38
2023-09-27 15:15:00	2938852	4106665	7045517	1.4
2023-09-26 09:00:00	323634	322083	645717	1.0
2023-09-26 09:30:00	644882	684002	1328884	1.06
2023-09-26 10:00:00	853467	922360	1775827	1.08
2023-09-26 10:30:00	1050951	1103139	2154090	1.05
2023-09-26 11:00:00	1255093	1274813	2529906	1.02
2023-09-26 11:30:00	1394210	1479305	2873515	1.06
2023-09-26 12:00:00	1509827	1590713	3100540	1.05
2023-09-26 12:30:00	1645325	1746445	3391770	1.06
2023-09-26 13:00:00	1858500	1936657	3795157	1.04
2023-09-26 13:30:00	2011863	2213928	4225791	1.1
2023-09-26 14:00:00	2194596	2557111	4751707	1.17
2023-09-26 14:30:00	2607599	3013031	5620630	1.16
2023-09-26 15:00:00	2961235	3460505	6421740	1.17
2023-09-26 15:15:00	3034858	3615868	6650726	1.19
2023-09-25 09:00:00	357592	390584	748176	1.09
2023-09-25 09:30:00	579282	622364	1201646	1.07
2023-09-25 10:00:00	826756	787444	1614200	0.95
2023-09-25 10:30:00	1005927	968267	1974194	0.96
2023-09-25 11:00:00	1160832	1199539	2360371	1.03
2023-09-25 11:30:00	1319728	1292997	2612725	0.98
2023-09-25 12:00:00	1411419	1417095	2828514	1.0
2023-09-25 12:30:00	1512157	1582769	3094926	1.05
2023-09-25 13:00:00	1589252	1711795	3301047	1.08
2023-09-25 13:30:00	1774096	1773847	3547943	1.0
2023-09-25 14:00:00	1882537	1869086	3751623	0.99
2023-09-25 14:30:00	2049018	2032548	4081566	0.99
2023-09-25 15:00:00	2250493	2320909	4571402	1.03
2023-09-25 15:15:00	2300943	2404143	4705086	1.04
2023-09-22 09:00:00	532143	590193	1122336	1.11
2023-09-22 09:30:00	920829	961683	1882512	1.04
2023-09-22 10:00:00	1219700	1306512	2526212	1.07
2023-09-22 10:30:00	1566119	1564125	3130244	1.0
2023-09-22 11:00:00	1824176	1852171	3676347	1.02
2023-09-22 11:30:00	1991506	2033646	4025152	1.02
2023-09-22 12:00:00	2144897	2192328	4337225	1.02
2023-09-22 12:30:00	2334583	2411158	4745741	1.03
2023-09-22 13:00:00	2595761	2706897	5302658	1.04
2023-09-22 13:30:00	2832725	3040531	5873256	1.07
2023-09-22 14:00:00	3071089	3404793	6475882	1.11
2023-09-22 14:30:00	3380494	3764975	7145469	1.11
2023-09-22 15:00:00	3773825	4355870	8129695	1.15
2023-09-22 15:15:00	3853733	4481881	8335614	1.16
2023-09-21 09:00:00	565645	602396	1168041	1.06
2023-09-21 09:30:00	986850	997027	1983877	1.01
2023-09-21 10:00:00	1351550	1320481	2672031	0.98
2023-09-21 10:30:00	1644197	1574184	3218381	0.96
2023-09-21 11:00:00	1837501	1740384	3577885	0.95
2023-09-21 11:30:00	1994489	1884434	3878923	0.94
2023-09-21 12:00:00	2197156	2093189	4290345	0.95
2023-09-21 12:30:00	2329219	2222609	4551828	0.95
2023-09-21 13:00:00	2441620	2349393	4791013	0.96
2023-09-21 13:30:00	2573925	2723303	5297228	1.06
2023-09-21 14:00:00	2719207	2910456	5629663	1.07
2023-09-21 14:30:00	2948153	3261796	6209949	1.11
2023-09-21 15:00:00	3255889	3739771	6995660	1.15
2023-09-21 15:15:00	3347780	3942460	7290240	1.18
2023-09-20 09:00:00	302892	319567	622459	1.06
2023-09-20 09:30:00	553600	511810	1065410	0.92
2023-09-20 10:00:00	715467	637662	1353129	0.89
2023-09-20 10:30:00	862328	747417	1609745	0.87
2023-09-20 11:00:00	1023356	877141	1900497	0.86
2023-09-20 11:30:00	1126922	1020495	2147417	0.91
2023-09-20 12:00:00	1239176	1129350	2368526	0.91
2023-09-20 12:30:00	1397046	1246235	2643281	0.89
2023-09-20 13:00:00	1497251	1333611	2830862	0.89
2023-09-20 13:30:00	1633961	1466640	3100601	0.9
2023-09-20 14:00:00	1837029	1644743	3481772	0.9
2023-09-20 14:30:00	2087295	2022326	4109621	0.97
2023-09-20 15:00:00	2405173	2561190	4966363	1.06
2023-09-20 15:15:00	2483604	2693407	5177011	1.08
2023-09-19 09:00:00	371520	305499	677019	0.82
2023-09-19 09:30:00	766946	587029	1353975	0.77
2023-09-19 10:00:00	975207	826944	1802151	0.85
2023-09-19 10:30:00	1140627	969474	2110101	0.85
2023-09-19 11:00:00	1293559	1093005	2386564	0.84
2023-09-19 11:30:00	1429980	1385566	2815546	0.97
2023-09-19 12:00:00	1692968	1509251	3202219	0.89
2023-09-19 12:30:00	1882945	1649403	3532348	0.88
2023-09-19 13:00:00	2019922	1756818	3776740	0.87
2023-09-19 13:30:00	2136064	1859883	3995947	0.87
2023-09-19 14:00:00	2289583	2038325	4327908	0.89
2023-09-19 14:30:00	2563117	2269847	4832964	0.89
2023-09-19 15:00:00	2842762	2506631	5349393	0.88
2023-09-19 15:15:00	2959948	2614126	5574074	0.88
2023-09-18 09:00:00	377490	351598	729088	0.93
2023-09-18 09:30:00	623265	525260	1148525	0.84
2023-09-18 10:00:00	824787	726818	1551605	0.88
2023-09-18 10:30:00	968772	833860	1802632	0.86
2023-09-18 11:00:00	1179396	982525	2161921	0.83
2023-09-18 11:30:00	1308995	1134393	2443388	0.87
2023-09-18 12:00:00	1452946	1236003	2688949	0.85
2023-09-18 12:30:00	1552227	1335233	2887460	0.86
2023-09-18 13:00:00	1650606	1526565	3177171	0.92
2023-09-18 13:30:00	1746105	1633280	3379385	0.94
2023-09-18 14:00:00	1877866	1762223	3640089	0.94
2023-09-18 14:30:00	1988317	2061001	4049318	1.04
2023-09-18 15:00:00	2203412	2335227	4538639	1.06
2023-09-18 15:15:00	2247457	2398572	4646029	1.07
2023-09-15 09:00:00	594288	584374	1178662	0.98
2023-09-15 09:30:00	1046427	980411	2026838	0.94
2023-09-15 10:00:00	1494843	1358977	2853820	0.91
2023-09-15 10:30:00	1865668	1729314	3594982	0.93
2023-09-15 11:00:00	2137877	2045795	4183672	0.96
2023-09-15 11:30:00	2325434	2190959	4516393	0.94
2023-09-15 12:00:00	2504924	2347470	4852394	0.94
2023-09-15 12:30:00	2902900	2685816	5588716	0.93
2023-09-15 13:00:00	3184680	2947126	6131806	0.93
2023-09-15 13:30:00	3382914	3187368	6570282	0.94
2023-09-15 14:00:00	3631214	3565699	7196913	0.98
2023-09-15 14:30:00	3861686	3815767	7677453	0.99
2023-09-15 15:00:00	4250775	4293681	8544456	1.01
2023-09-15 15:15:00	4581737	4475278	9057015	0.98
2023-09-14 09:00:00	403845	377874	781719	0.94
2023-09-14 09:30:00	641412	581356	1222768	0.91
2023-09-14 10:00:00	908425	818528	1726953	0.9
2023-09-14 10:30:00	1189336	1032810	2222146	0.87
2023-09-14 11:00:00	1351300	1182015	2533315	0.87
2023-09-14 11:30:00	1514809	1366662	2881471	0.9
2023-09-14 12:00:00	1685165	1504947	3190112	0.89
2023-09-14 12:30:00	1797278	1631968	3429246	0.91
2023-09-14 13:00:00	1925334	1764162	3689496	0.92
2023-09-14 13:30:00	2081003	2118942	4199945	1.02
2023-09-14 14:00:00	2262230	2432957	4695187	1.08
2023-09-14 14:30:00	2451508	2629252	5080760	1.07
2023-09-14 15:00:00	2744672	2913504	5658176	1.06
2023-09-14 15:15:00	2798417	3007749	5806166	1.07
2023-09-13 09:00:00	361573	310864	672437	0.86
2023-09-13 09:30:00	825073	564117	1389190	0.68
2023-09-13 10:00:00	1014833	796760	1811593	0.79
2023-09-13 10:30:00	1199645	1046469	2246114	0.87
2023-09-13 11:00:00	1392604	1306809	2699413	0.94
2023-09-13 11:30:00	1536965	1486043	3023008	0.97
2023-09-13 12:00:00	1681081	1637649	3318730	0.97
2023-09-13 12:30:00	1794770	1735535	3530305	0.97
2023-09-13 13:00:00	1960551	1862510	3823061	0.95
2023-09-13 13:30:00	2082989	1978036	4061025	0.95
2023-09-13 14:00:00	2238833	2158174	4397007	0.96
2023-09-13 14:30:00	2436795	2423538	4860333	0.99
2023-09-13 15:00:00	2682841	3496237	6179078	1.3
2023-09-13 15:15:00	2733068	3568218	6301286	1.31
2023-09-12 09:00:00	356741	251263	608004	0.7
2023-09-12 09:30:00	603701	445047	1048748	0.74
2023-09-12 10:00:00	783421	588330	1371751	0.75
2023-09-12 10:30:00	937959	731015	1668974	0.78
2023-09-12 11:00:00	1097771	853878	1951649	0.78
2023-09-12 11:30:00	1204498	953027	2157525	0.79
2023-09-12 12:00:00	1314026	1024249	2338275	0.78
2023-09-12 12:30:00	1475907	1143074	2618981	0.77
2023-09-12 13:00:00	1636443	1279928	2916371	0.78
2023-09-12 13:30:00	1796603	1473629	3270232	0.82
2023-09-12 14:00:00	1945229	1818987	3764216	0.94
2023-09-12 14:30:00	2142752	1971111	4113863	0.92
2023-09-12 15:00:00	2383308	2201954	4585262	0.92
2023-09-12 15:15:00	2438983	2274144	4713127	0.93
2023-09-11 09:00:00	580798	490791	1071589	0.85
2023-09-11 09:30:00	945846	813527	1759373	0.86
2023-09-11 10:00:00	1210669	1040017	2250686	0.86
2023-09-11 10:30:00	1474242	1310854	2785096	0.89
2023-09-11 11:00:00	1645937	1477907	3123844	0.9
2023-09-11 11:30:00	1848888	1675986	3524874	0.91
2023-09-11 12:00:00	2015092	1796821	3811913	0.89
2023-09-11 12:30:00	2183268	1973994	4157262	0.9
2023-09-11 13:00:00	2365452	2261204	4626656	0.96
2023-09-11 13:30:00	2523483	2613809	5137292	1.04
2023-09-11 14:00:00	2660555	2789484	5450039	1.05
2023-09-11 14:30:00	2869311	3015311	5884622	1.05
2023-09-11 15:00:00	3248009	3385013	6633022	1.04
2023-09-11 15:15:00	3336729	3473924	6810653	1.04
2023-09-08 09:00:00	509201	457702	966903	0.9
2023-09-08 09:30:00	869347	831739	1701086	0.96
2023-09-08 10:00:00	1176305	1130703	2307008	0.96
2023-09-08 10:30:00	1427994	1374205	2802199	0.96
2023-09-08 11:00:00	1675360	1613016	3288376	0.96
2023-09-08 11:30:00	1859364	1804171	3663535	0.97
2023-09-08 12:00:00	2064972	2244361	4309333	1.09
2023-09-08 12:30:00	2266307	2446549	4712856	1.08
2023-09-08 13:00:00	2414551	2579475	4994026	1.07
2023-09-08 13:30:00	2645499	2819735	5465234	1.07
2023-09-08 14:00:00	2829228	3023999	5853227	1.07
2023-09-08 14:30:00	3085895	3284457	6370352	1.06
2023-09-08 15:00:00	3410641	3659940	7070581	1.07
2023-09-08 15:15:00	3499768	3781827	7281595	1.08
2023-09-07 09:00:00	451985	508350	960335	1.12
2023-09-07 09:30:00	733335	787443	1520778	1.07
2023-09-07 10:00:00	978206	1042195	2020401	1.07
2023-09-07 10:30:00	1152988	1178560	2331548	1.02
2023-09-07 11:00:00	1329868	1374766	2704634	1.03
2023-09-07 11:30:00	1464829	1482821	2947650	1.01
2023-09-07 12:00:00	1754456	1661247	3415703	0.95
2023-09-07 12:30:00	1797496	1734424	3531920	0.96
2023-09-07 13:00:00	1897555	1858114	3755669	0.98
2023-09-07 13:30:00	2026101	1975697	4001798	0.98
2023-09-07 14:00:00	2194415	2112200	4306615	0.96
2023-09-07 14:30:00	2320326	2511388	4831714	1.08
2023-09-07 15:00:00	2585535	2777591	5363126	1.07
2023-09-07 15:15:00	2632273	2890003	5522276	1.1
2023-09-06 09:00:00	364633	304731	669364	0.84
2023-09-06 09:30:00	698612	607817	1306429	0.87
2023-09-06 10:00:00	925736	816983	1742719	0.88
2023-09-06 10:30:00	1099610	1070052	2169662	0.97
2023-09-06 11:00:00	1246530	1216984	2463514	0.98
2023-09-06 11:30:00	1391391	1390309	2781700	1.0
2023-09-06 12:00:00	1582813	1571863	3154676	0.99
2023-09-06 12:30:00	1752473	1733363	3485836	0.99
2023-09-06 13:00:00	1858970	1829177	3688147	0.98
2023-09-06 13:30:00	2020209	1964514	3984723	0.97
2023-09-06 14:00:00	2127222	2087559	4214781	0.98
2023-09-06 14:30:00	2269850	2915101	5184951	1.28
2023-09-06 15:00:00	2471015	3150999	5622014	1.28
2023-09-06 15:15:00	2500173	3217572	5717745	1.29
2023-09-05 09:00:00	375694	317226	692920	0.84
2023-09-05 09:30:00	625849	501336	1127185	0.8
2023-09-05 10:00:00	801502	649240	1450742	0.81
2023-09-05 10:30:00	970428	783445	1753873	0.81
2023-09-05 11:00:00	1083487	900076	1983563	0.83
2023-09-05 11:30:00	1212811	1009783	2222594	0.83
2023-09-05 12:00:00	1325181	1126237	2451418	0.85
2023-09-05 12:30:00	1434740	1254695	2689435	0.87
2023-09-05 13:00:00	1553798	1359406	2913204	0.87
2023-09-05 13:30:00	1698208	1470707	3168915	0.87
2023-09-05 14:00:00	1831071	1748633	3579704	0.95
2023-09-05 14:30:00	1965854	1989731	3955585	1.01
2023-09-05 15:00:00	2181584	2226328	4407912	1.02
2023-09-05 15:15:00	2249543	2319730	4569273	1.03
2023-09-01 09:00:00	649807	613375	1263182	0.94
2023-09-01 09:30:00	1111936	969310	2081246	0.87
2023-09-01 10:00:00	1447334	1302590	2749924	0.9
2023-09-01 10:30:00	1710991	1566825	3277816	0.92
2023-09-01 11:00:00	1991131	1843192	3834323	0.93
2023-09-01 11:30:00	2227220	2056250	4283470	0.92
2023-09-01 12:00:00	2430326	2241478	4671804	0.92
2023-09-01 12:30:00	2606697	2405614	5012311	0.92
2023-09-01 13:00:00	2780867	2564257	5345124	0.92
2023-09-01 13:30:00	2972961	2792536	5765497	0.94
2023-09-01 14:00:00	3135228	3173750	6308978	1.01
2023-09-01 14:30:00	3337280	3435669	6772949	1.03
2023-09-01 15:00:00	3672802	3817897	7490699	1.04
2023-09-01 15:15:00	3717204	3898590	7615794	1.05
2023-08-31 09:00:00	406961	302355	709316	0.74
2023-08-31 09:30:00	793475	569635	1363110	0.72
2023-08-31 10:00:00	1278420	768698	2047118	0.6
2023-08-31 10:30:00	1469359	984559	2453918	0.67
2023-08-31 11:00:00	1644976	1122990	2767966	0.68
2023-08-31 11:30:00	1824961	1257669	3082630	0.69
2023-08-31 12:00:00	2008968	1393285	3402253	0.69
2023-08-31 12:30:00	2126575	1515999	3642574	0.71
2023-08-31 13:00:00	2277165	1635717	3912882	0.72
2023-08-31 13:30:00	2416012	1790419	4206431	0.74
2023-08-31 14:00:00	2586476	1967541	4554017	0.76
2023-08-31 14:30:00	2724648	2419551	5144199	0.89
2023-08-31 15:00:00	3012195	2723551	5735746	0.9
2023-08-31 15:15:00	3049017	2802664	5851681	0.92
2023-08-30 09:00:00	459801	367000	826801	0.8
2023-08-30 09:30:00	908362	677613	1585975	0.75
2023-08-30 10:00:00	1108716	852450	1961166	0.77
2023-08-30 10:30:00	1280953	998092	2279045	0.78
2023-08-30 11:00:00	1476487	1189707	2666194	0.81
2023-08-30 11:30:00	1639654	1324061	2963715	0.81
2023-08-30 12:00:00	1805889	1518419	3324308	0.84
2023-08-30 12:30:00	1943376	1655387	3598763	0.85
2023-08-30 13:00:00	2071093	1772847	3843940	0.86
2023-08-30 13:30:00	2224309	1929919	4154228	0.87
2023-08-30 14:00:00	2352459	2040187	4392646	0.87
2023-08-30 14:30:00	2511699	2843336	5355035	1.13
2023-08-30 15:00:00	2740161	3137987	5878148	1.15
2023-08-30 15:15:00	2819554	3216546	6036100	1.14
2023-08-29 09:00:00	344731	279778	624509	0.81
2023-08-29 09:30:00	730401	653689	1384090	0.89
2023-08-29 10:00:00	1065168	958729	2023897	0.9
2023-08-29 10:30:00	1287469	1135057	2422526	0.88
2023-08-29 11:00:00	1694791	1347792	3042583	0.8
2023-08-29 11:30:00	1894600	1529102	3423702	0.81
2023-08-29 12:00:00	2081106	1662101	3743207	0.8
2023-08-29 12:30:00	2224516	1792797	4017313	0.81
2023-08-29 13:00:00	2367337	1964311	4331648	0.83
2023-08-29 13:30:00	2499005	2086369	4585374	0.83
2023-08-29 14:00:00	2681334	2249736	4931070	0.84
2023-08-29 14:30:00	2921086	2658477	5579563	0.91
2023-08-29 15:00:00	3217747	2970338	6188085	0.92
2023-08-29 15:15:00	3275967	3059237	6335204	0.93
2023-08-28 09:00:00	400265	351321	751586	0.88
2023-08-28 09:30:00	633953	548942	1182895	0.87
2023-08-28 10:00:00	805643	698661	1504304	0.87
2023-08-28 10:30:00	1013511	862815	1876326	0.85
2023-08-28 11:00:00	1132823	978423	2111246	0.86
2023-08-28 11:30:00	1243358	1077282	2320640	0.87
2023-08-28 12:00:00	1357439	1260570	2618009	0.93
2023-08-28 12:30:00	1533585	1395810	2929395	0.91
2023-08-28 13:00:00	1670043	1508213	3178256	0.9
2023-08-28 13:30:00	1753113	1595814	3348927	0.91
2023-08-28 14:00:00	1884834	1716884	3601718	0.91
2023-08-28 14:30:00	2010444	2125892	4136336	1.06
2023-08-28 15:00:00	2234224	2368131	4602355	1.06
2023-08-28 15:15:00	2286880	2435289	4722169	1.06
2023-08-25 09:00:00	425878	408023	833901	0.96
2023-08-25 09:30:00	865388	863042	1728430	1.0
2023-08-25 10:00:00	1208891	1277953	2486844	1.06
2023-08-25 10:30:00	1585537	1628324	3213861	1.03
2023-08-25 11:00:00	1854279	1925195	3779474	1.04
2023-08-25 11:30:00	2065399	2124927	4190326	1.03
2023-08-25 12:00:00	2297616	2327078	4624694	1.01
2023-08-25 12:30:00	2502617	2533237	5035854	1.01
2023-08-25 13:00:00	2641556	2782153	5423709	1.05
2023-08-25 13:30:00	2988849	3176708	6165557	1.06
2023-08-25 14:00:00	3267615	3435315	6702930	1.05
2023-08-25 14:30:00	3646383	3733219	7379602	1.02
2023-08-25 15:00:00	4007485	4417824	8425309	1.1
2023-08-25 15:15:00	4048669	4489609	8538278	1.11
2023-08-24 09:00:00	407790	360348	768138	0.88
2023-08-24 09:30:00	691494	632060	1323554	0.91
2023-08-24 10:00:00	903107	864468	1767575	0.96
2023-08-24 10:30:00	1094763	1095900	2190663	1.0
2023-08-24 11:00:00	1295004	1260746	2555750	0.97
2023-08-24 11:30:00	1470713	1413445	2884158	0.96
2023-08-24 12:00:00	1624743	1529042	3153785	0.94
2023-08-24 12:30:00	1748637	1634579	3383216	0.93
2023-08-24 13:00:00	1849922	1735522	3585444	0.94
2023-08-24 13:30:00	1944698	1831508	3776206	0.94
2023-08-24 14:00:00	2077762	2135778	4213540	1.03
2023-08-24 14:30:00	2205721	2303990	4509711	1.04
2023-08-24 15:00:00	2479692	2630086	5109778	1.06
2023-08-24 15:15:00	2545829	2742821	5288650	1.08
2023-08-23 09:00:00	421914	322235	744149	0.76
2023-08-23 09:30:00	705326	627635	1332961	0.89
2023-08-23 10:00:00	953248	848718	1801966	0.89
2023-08-23 10:30:00	1137738	1006358	2144096	0.88
2023-08-23 11:00:00	1303501	1188543	2492044	0.91
2023-08-23 11:30:00	1425410	1326686	2752096	0.93
2023-08-23 12:00:00	1569970	1441093	3011063	0.92
2023-08-23 12:30:00	1695143	1557856	3252999	0.92
2023-08-23 13:00:00	1841283	1748117	3589400	0.95
2023-08-23 13:30:00	1986219	1987600	3973819	1.0
2023-08-23 14:00:00	2104683	2484102	4588785	1.18
2023-08-23 14:30:00	2276329	2637313	4913642	1.16
2023-08-23 15:00:00	2548016	2961693	5509709	1.16
2023-08-23 15:15:00	2601069	3044402	5645471	1.17
2023-08-22 09:00:00	365132	328935	694067	0.9
2023-08-22 09:30:00	630801	594753	1225554	0.94
2023-08-22 10:00:00	811638	748826	1560464	0.92
2023-08-22 10:30:00	972458	882509	1854967	0.91
2023-08-22 11:00:00	1088731	1000978	2089709	0.92
2023-08-22 11:30:00	1236399	1125448	2361847	0.91
2023-08-22 12:00:00	1368593	1310169	2678762	0.96
2023-08-22 12:30:00	1503448	1423917	2927365	0.95
2023-08-22 13:00:00	1617851	1535343	3153194	0.95
2023-08-22 13:30:00	1868519	1688364	3556883	0.9
2023-08-22 14:00:00	1979795	1789417	3769212	0.9
2023-08-22 14:30:00	2150284	1938959	4089243	0.9
2023-08-22 15:00:00	2404675	2183475	4588150	0.91
2023-08-22 15:15:00	2450884	2263401	4714285	0.92
2023-08-21 09:00:00	393526	337016	730542	0.86
2023-08-21 09:30:00	685197	560983	1246180	0.82
2023-08-21 10:00:00	896556	799341	1695897	0.89
2023-08-21 10:30:00	1090798	945824	2036622	0.87
2023-08-21 11:00:00	1243000	1095415	2338415	0.88
2023-08-21 11:30:00	1415753	1220849	2636602	0.86
2023-08-21 12:00:00	1578434	1332881	2911315	0.84
2023-08-21 12:30:00	1711764	1446101	3157865	0.84
2023-08-21 13:00:00	1939859	1566139	3505998	0.81
2023-08-21 13:30:00	2077095	1745884	3822979	0.84
2023-08-21 14:00:00	2230728	1876487	4107215	0.84
2023-08-21 14:30:00	2395785	2045842	4441627	0.85
2023-08-21 15:00:00	2665039	2326422	4991461	0.87
2023-08-21 15:15:00	2693116	2459818	5152934	0.91
2023-08-18 09:00:00	704064	685852	1389916	0.97
2023-08-18 09:30:00	1114355	1216311	2330666	1.09
2023-08-18 10:00:00	1408538	1581251	2989789	1.12
2023-08-18 10:30:00	1789891	2095127	3885018	1.17
2023-08-18 11:00:00	2072191	2415687	4487878	1.17
2023-08-18 11:30:00	2288529	2662049	4950578	1.16
2023-08-18 12:00:00	2503671	2884853	5388524	1.15
2023-08-18 12:30:00	2734515	3131077	5865592	1.15
2023-08-18 13:00:00	2921636	3342992	6264628	1.14
2023-08-18 13:30:00	3123077	3610074	6733151	1.16
2023-08-18 14:00:00	3374440	3984344	7358784	1.18
2023-08-18 14:30:00	3632770	4303809	7936579	1.18
2023-08-18 15:00:00	4093130	4815724	8908854	1.18
2023-08-18 15:15:00	4171107	4912237	9083344	1.18
2023-08-17 09:00:00	481612	409289	890901	0.85
2023-08-17 09:30:00	826763	735876	1562639	0.89
2023-08-17 10:00:00	1111165	1063599	2174764	0.96
2023-08-17 10:30:00	1316443	1289674	2606117	0.98
2023-08-17 11:00:00	1513958	1452191	2966149	0.96
2023-08-17 11:30:00	1902564	1661351	3563915	0.87
2023-08-17 12:00:00	2021802	1807423	3829225	0.89
2023-08-17 12:30:00	2184217	1958118	4142335	0.9
2023-08-17 13:00:00	2338283	2143451	4481734	0.92
2023-08-17 13:30:00	2518027	2333756	4851783	0.93
2023-08-17 14:00:00	2736426	2586457	5322883	0.95
2023-08-17 14:30:00	3079661	3442929	6522590	1.12
2023-08-17 15:00:00	3466845	3873189	7340034	1.12
2023-08-17 15:15:00	3583265	4015126	7598391	1.12
2023-08-16 09:00:00	383286	434386	817672	1.13
2023-08-16 09:30:00	658356	730211	1388567	1.11
2023-08-16 10:00:00	884478	1011079	1895557	1.14
2023-08-16 10:30:00	1082483	1151579	2234062	1.06
2023-08-16 11:00:00	1263781	1303975	2567756	1.03
2023-08-16 11:30:00	1432506	1481467	2913973	1.03
2023-08-16 12:00:00	1574263	1597371	3171634	1.01
2023-08-16 12:30:00	1797246	1745543	3542789	0.97
2023-08-16 13:00:00	2005403	1903360	3908763	0.95
2023-08-16 13:30:00	2183401	2079408	4262809	0.95
2023-08-16 14:00:00	2328400	2245770	4574170	0.96
2023-08-16 14:30:00	2568312	2491241	5059553	0.97
2023-08-16 15:00:00	2859094	3872347	6731441	1.35
2023-08-16 15:15:00	2922001	3984170	6906171	1.36
2023-08-15 09:00:00	421011	441182	862193	1.05
2023-08-15 09:30:00	834830	790395	1625225	0.95
2023-08-15 10:00:00	1117291	1070910	2188201	0.96
2023-08-15 10:30:00	1323392	1272002	2595394	0.96
2023-08-15 11:00:00	1497437	1416514	2913951	0.95
2023-08-15 11:30:00	1620247	1531667	3151914	0.95
2023-08-15 12:00:00	1763696	1654791	3418487	0.94
2023-08-15 12:30:00	1915009	1797004	3712013	0.94
2023-08-15 13:00:00	2040458	2054431	4094889	1.01
2023-08-15 13:30:00	2167704	2182194	4349898	1.01
2023-08-15 14:00:00	2323617	2381575	4705192	1.02
2023-08-15 14:30:00	2533268	2615913	5149181	1.03
2023-08-15 15:00:00	2845571	2982617	5828188	1.05
2023-08-15 15:15:00	2907641	3054077	5961718	1.05
2023-08-14 09:00:00	521983	474265	996248	0.91
2023-08-14 09:30:00	910033	865903	1775936	0.95
2023-08-14 10:00:00	1299561	1287003	2586564	0.99
2023-08-14 10:30:00	1521386	1522057	3043443	1.0
2023-08-14 11:00:00	1834318	1774587	3608905	0.97
2023-08-14 11:30:00	2087087	1979885	4066972	0.95
2023-08-14 12:00:00	2310244	2143809	4454053	0.93
2023-08-14 12:30:00	2470767	2355521	4826288	0.95
2023-08-14 13:00:00	2648944	2536923	5185867	0.96
2023-08-14 13:30:00	2830784	2737003	5567787	0.97
2023-08-14 14:00:00	3107036	3012368	6119404	0.97
2023-08-14 14:30:00	3358743	3254017	6612760	0.97
2023-08-14 15:00:00	3764937	3598030	7362967	0.96
2023-08-14 15:15:00	3788278	3706363	7494641	0.98
2023-08-11 09:00:00	630701	558825	1189526	0.89
2023-08-11 09:30:00	1093697	988371	2082068	0.9
2023-08-11 10:00:00	1410479	1259915	2670394	0.89
2023-08-11 10:30:00	1658476	1521770	3180246	0.92
2023-08-11 11:00:00	1902342	1748839	3651181	0.92
2023-08-11 11:30:00	2166577	1971361	4137938	0.91
2023-08-11 12:00:00	2356434	2151073	4507507	0.91
2023-08-11 12:30:00	2571178	2363896	4935074	0.92
2023-08-11 13:00:00	2849408	2586539	5435947	0.91
2023-08-11 13:30:00	3043178	2819957	5863135	0.93
2023-08-11 14:00:00	3252330	3154003	6406333	0.97
2023-08-11 14:30:00	3480861	3470831	6951692	1.0
2023-08-11 15:00:00	3839937	3872998	7712935	1.01
2023-08-11 15:15:00	3903459	3990438	7893897	1.02
2023-08-10 09:00:00	439737	407784	847521	0.93
2023-08-10 09:30:00	839965	790399	1630364	0.94
2023-08-10 10:00:00	1129408	1162070	2291478	1.03
2023-08-10 10:30:00	1368324	1371539	2739863	1.0
2023-08-10 11:00:00	1616166	1583595	3199761	0.98
2023-08-10 11:30:00	1781842	1789253	3571095	1.0
2023-08-10 12:00:00	1935798	1917775	3853573	0.99
2023-08-10 12:30:00	2060204	2057125	4117329	1.0
2023-08-10 13:00:00	2250400	2297502	4547902	1.02
2023-08-10 13:30:00	2415522	2560184	4975706	1.06
2023-08-10 14:00:00	2563471	2691143	5254614	1.05
2023-08-10 14:30:00	2742013	2839299	5581312	1.04
2023-08-10 15:00:00	2998941	3075427	6074368	1.03
2023-08-10 15:15:00	3082772	3181750	6264522	1.03
2023-08-09 09:00:00	396050	287904	683954	0.73
2023-08-09 09:30:00	682439	484616	1167055	0.71
2023-08-09 10:00:00	997700	676582	1674282	0.68
2023-08-09 10:30:00	1285691	872847	2158538	0.68
2023-08-09 11:00:00	1535895	1037596	2573491	0.68
2023-08-09 11:30:00	1738700	1242936	2981636	0.71
2023-08-09 12:00:00	1872967	1378923	3251890	0.74
2023-08-09 12:30:00	2005520	1500926	3506446	0.75
2023-08-09 13:00:00	2143282	1624600	3767882	0.76
2023-08-09 13:30:00	2276899	1774571	4051470	0.78
2023-08-09 14:00:00	2425661	1921593	4347254	0.79
2023-08-09 14:30:00	2617877	2285606	4903483	0.87
2023-08-09 15:00:00	2881541	2682344	5563885	0.93
2023-08-09 15:15:00	2992550	2785177	5777727	0.93
2023-08-08 09:00:00	454703	447382	902085	0.98
2023-08-08 09:30:00	856153	779105	1635258	0.91
2023-08-08 10:00:00	1129714	1099029	2228743	0.97
2023-08-08 10:30:00	1339082	1291279	2630361	0.96
2023-08-08 11:00:00	1505942	1521921	3027863	1.01
2023-08-08 11:30:00	1666909	1645047	3311956	0.99
2023-08-08 12:00:00	1811921	1767215	3579136	0.98
2023-08-08 12:30:00	1947562	1906900	3854462	0.98
2023-08-08 13:00:00	2053798	2106498	4160296	1.03
2023-08-08 13:30:00	2211349	2225631	4436980	1.01
2023-08-08 14:00:00	2347681	2352687	4700368	1.0
2023-08-08 14:30:00	2499540	2492164	4991704	1.0
2023-08-08 15:00:00	2842376	2764743	5607119	0.97
2023-08-08 15:15:00	2886276	2827864	5714140	0.98
2023-08-07 09:00:00	435311	359286	794597	0.83
2023-08-07 09:30:00	708878	584296	1293174	0.82
2023-08-07 10:00:00	936595	754807	1691402	0.81
2023-08-07 10:30:00	1169457	946126	2115583	0.81
2023-08-07 11:00:00	1348459	1130211	2478670	0.84
2023-08-07 11:30:00	1491648	1257377	2749025	0.84
2023-08-07 12:00:00	1639497	1399560	3039057	0.85
2023-08-07 12:30:00	1744123	1508841	3252964	0.87
2023-08-07 13:00:00	1859972	1669759	3529731	0.9
2023-08-07 13:30:00	2015516	1802383	3817899	0.89
2023-08-07 14:00:00	2132541	1995829	4128370	0.94
2023-08-07 14:30:00	2270054	2129480	4399534	0.94
2023-08-07 15:00:00	2558077	2407369	4965446	0.94
2023-08-07 15:15:00	2595096	2490946	5086042	0.96
2023-08-04 09:00:00	763196	688466	1451662	0.9
2023-08-04 09:30:00	1270725	1100582	2371307	0.87
2023-08-04 10:00:00	1605481	1389781	2995262	0.87
2023-08-04 10:30:00	1862722	1609828	3472550	0.86
2023-08-04 11:00:00	2124289	1859093	3983382	0.88
2023-08-04 11:30:00	2367358	2113396	4480754	0.89
2023-08-04 12:00:00	2621102	2379957	5001059	0.91
2023-08-04 12:30:00	2866960	2659801	5526761	0.93
2023-08-04 13:00:00	3084432	2896789	5981221	0.94
2023-08-04 13:30:00	3497161	3358370	6855531	0.96
2023-08-04 14:00:00	3858086	3756682	7614768	0.97
2023-08-04 14:30:00	4208368	4166830	8375198	0.99
2023-08-04 15:00:00	4625187	4702869	9328056	1.02
2023-08-04 15:15:00	4676747	4794946	9471693	1.03
2023-08-03 09:00:00	590425	469868	1060293	0.8
2023-08-03 09:30:00	904322	735212	1639534	0.81
2023-08-03 10:00:00	1376943	967999	2344942	0.7
2023-08-03 10:30:00	1595970	1217939	2813909	0.76
2023-08-03 11:00:00	1886576	1378291	3264867	0.73
2023-08-03 11:30:00	2051224	1520515	3571739	0.74
2023-08-03 12:00:00	2307785	1682008	3989793	0.73
2023-08-03 12:30:00	2467480	1802597	4270077	0.73
2023-08-03 13:00:00	2616129	1938401	4554530	0.74
2023-08-03 13:30:00	2798057	2091443	4889500	0.75
2023-08-03 14:00:00	2944270	2249763	5194033	0.76
2023-08-03 14:30:00	3130286	2499393	5629679	0.8
2023-08-03 15:00:00	3470003	2767452	6237455	0.8
2023-08-03 15:15:00	3509633	2827661	6337294	0.81
2023-08-02 09:00:00	593720	540489	1134209	0.91
2023-08-02 09:30:00	1049606	878110	1927716	0.84
2023-08-02 10:00:00	1411722	1201151	2612873	0.85
2023-08-02 10:30:00	1841206	1505221	3346427	0.82
2023-08-02 11:00:00	2099121	1775704	3874825	0.85
2023-08-02 11:30:00	2355079	2111543	4466622	0.9
2023-08-02 12:00:00	2617119	2302862	4919981	0.88
2023-08-02 12:30:00	2768235	2434824	5203059	0.88
2023-08-02 13:00:00	2958856	2570089	5528945	0.87
2023-08-02 13:30:00	3105153	2697743	5802896	0.87
2023-08-02 14:00:00	3264733	2814872	6079605	0.86
2023-08-02 14:30:00	3516897	3039848	6556745	0.86
2023-08-02 15:00:00	3820436	3516459	7336895	0.92
2023-08-02 15:15:00	3868759	3610463	7479222	0.93
2023-08-01 09:00:00	482523	285097	767620	0.59
2023-08-01 09:30:00	763020	520057	1283077	0.68
2023-08-01 10:00:00	1040467	710997	1751464	0.68
2023-08-01 10:30:00	1222899	890409	2113308	0.73
2023-08-01 11:00:00	1358986	1032810	2391796	0.76
2023-08-01 11:30:00	1734200	1127242	2861442	0.65
2023-08-01 12:00:00	1893681	1265078	3158759	0.67
2023-08-01 12:30:00	2068700	1425414	3494114	0.69
2023-08-01 13:00:00	2190353	1567681	3758034	0.72
2023-08-01 13:30:00	2313885	1704773	4018658	0.74
2023-08-01 14:00:00	2442816	1815257	4258073	0.74
2023-08-01 14:30:00	2593704	1960703	4554407	0.76
2023-08-01 15:00:00	2842532	2175745	5018277	0.77
2023-08-01 15:15:00	2888502	2233487	5121989	0.77
2023-07-31 09:00:00	438297	317952	756249	0.73
2023-07-31 09:30:00	754478	555146	1309624	0.74
2023-07-31 10:00:00	969389	795549	1764938	0.82
2023-07-31 10:30:00	1354291	987094	2341385	0.73
2023-07-31 11:00:00	1502466	1164631	2667097	0.78
2023-07-31 11:30:00	1637987	1293526	2931513	0.79
2023-07-31 12:00:00	1785708	1401311	3187019	0.78
2023-07-31 12:30:00	1913055	1496235	3409290	0.78
2023-07-31 13:00:00	2063267	1642500	3705767	0.8
2023-07-31 13:30:00	2188742	1775181	3963923	0.81
2023-07-31 14:00:00	2335375	1878709	4214084	0.8
2023-07-31 14:30:00	2487634	2070785	4558419	0.83
2023-07-31 15:00:00	2747284	2328802	5076086	0.85
2023-07-31 15:15:00	2821440	2455996	5277436	0.87
2023-07-28 09:00:00	706245	547382	1253627	0.78
2023-07-28 09:30:00	1106378	895476	2001854	0.81
2023-07-28 10:00:00	1536330	1191920	2728250	0.78
2023-07-28 10:30:00	1875333	1487174	3362507	0.79
2023-07-28 11:00:00	2198196	1742612	3940808	0.79
2023-07-28 11:30:00	2485775	1968437	4454212	0.79
2023-07-28 12:00:00	2687781	2139042	4826823	0.8
2023-07-28 12:30:00	3100107	2573485	5673592	0.83
2023-07-28 13:00:00	3433525	2911218	6344743	0.85
2023-07-28 13:30:00	3672852	3204269	6877121	0.87
2023-07-28 14:00:00	3948619	3452721	7401340	0.87
2023-07-28 14:30:00	4239501	3706875	7946376	0.87
2023-07-28 15:00:00	4669771	4087090	8756861	0.88
2023-07-28 15:15:00	4725959	4148458	8874417	0.88
2023-07-27 09:00:00	650557	518453	1169010	0.8
2023-07-27 09:30:00	1081570	893410	1974980	0.83
2023-07-27 10:00:00	1361473	1105350	2466823	0.81
2023-07-27 10:30:00	1577081	1255073	2832154	0.8
2023-07-27 11:00:00	1747249	1425147	3172396	0.82
2023-07-27 11:30:00	1942320	1590886	3533206	0.82
2023-07-27 12:00:00	2144374	1770505	3914879	0.83
2023-07-27 12:30:00	2356106	1981639	4337745	0.84
2023-07-27 13:00:00	2541481	2209362	4750843	0.87
2023-07-27 13:30:00	2815328	2449426	5264754	0.87
2023-07-27 14:00:00	3133410	2807454	5940864	0.9
2023-07-27 14:30:00	3378167	3084822	6462989	0.91
2023-07-27 15:00:00	3757022	3455432	7212454	0.92
2023-07-27 15:15:00	3809112	3543647	7352759	0.93
2023-07-26 09:00:00	481541	346271	827812	0.72
2023-07-26 09:30:00	747568	545319	1292887	0.73
2023-07-26 10:00:00	940542	756773	1697315	0.8
2023-07-26 10:30:00	1109013	911000	2020013	0.82
2023-07-26 11:00:00	1314412	1055761	2370173	0.8
2023-07-26 11:30:00	1451134	1196911	2648045	0.82
2023-07-26 12:00:00	1586094	1330181	2916275	0.84
2023-07-26 12:30:00	1713507	1476210	3189717	0.86
2023-07-26 13:00:00	1805054	1559431	3364485	0.86
2023-07-26 13:30:00	1961507	1663763	3625270	0.85
2023-07-26 14:00:00	2203345	1891298	4094643	0.86
2023-07-26 14:30:00	2451456	2312985	4764441	0.94
2023-07-26 15:00:00	2760059	2601308	5361367	0.94
2023-07-26 15:15:00	2835882	2683985	5519867	0.95
2023-07-25 09:00:00	425004	259412	684416	0.61
2023-07-25 09:30:00	691470	475486	1166956	0.69
2023-07-25 10:00:00	925445	681241	1606686	0.74
2023-07-25 10:30:00	1108109	817445	1925554	0.74
2023-07-25 11:00:00	1261299	964334	2225633	0.76
2023-07-25 11:30:00	1419896	1087435	2507331	0.77
2023-07-25 12:00:00	1554505	1220268	2774773	0.78
2023-07-25 12:30:00	1704046	1332068	3036114	0.78
2023-07-25 13:00:00	1819030	1440891	3259921	0.79
2023-07-25 13:30:00	1957980	1539061	3497041	0.79
2023-07-25 14:00:00	2176845	1718762	3895607	0.79
2023-07-25 14:30:00	2366098	1869507	4235605	0.79
2023-07-25 15:00:00	2717026	2140263	4857289	0.79
2023-07-25 15:15:00	2752921	2185933	4938854	0.79
2023-07-24 09:00:00	555792	307245	863037	0.55
2023-07-24 09:30:00	855320	541867	1397187	0.63
2023-07-24 10:00:00	1078009	674134	1752143	0.63
2023-07-24 10:30:00	1313328	861355	2174683	0.66
2023-07-24 11:00:00	1559530	1139547	2699077	0.73
2023-07-24 11:30:00	1738621	1264537	3003158	0.73
2023-07-24 12:00:00	1856739	1360176	3216915	0.73
2023-07-24 12:30:00	2056107	1471242	3527349	0.72
2023-07-24 13:00:00	2218198	1587064	3805262	0.72
2023-07-24 13:30:00	2381785	1701511	4083296	0.71
2023-07-24 14:00:00	2504153	1833441	4337594	0.73
2023-07-24 14:30:00	2672463	2034361	4706824	0.76
2023-07-24 15:00:00	2952983	2266649	5219632	0.77
2023-07-24 15:15:00	2989253	2334052	5323305	0.78
2023-07-21 09:00:00	736297	476588	1212885	0.65
2023-07-21 09:30:00	1219362	907634	2126996	0.74
2023-07-21 10:00:00	1561636	1165925	2727561	0.75
2023-07-21 10:30:00	1847971	1419385	3267356	0.77
2023-07-21 11:00:00	2107890	1686515	3794405	0.8
2023-07-21 11:30:00	2321682	1883129	4204811	0.81
2023-07-21 12:00:00	2545248	2087942	4633190	0.82
2023-07-21 12:30:00	2759248	2270698	5029946	0.82
2023-07-21 13:00:00	3001613	2470931	5472544	0.82
2023-07-21 13:30:00	3206817	2722940	5929757	0.85
2023-07-21 14:00:00	3462335	2941612	6403947	0.85
2023-07-21 14:30:00	3771291	3256687	7027978	0.86
2023-07-21 15:00:00	4159890	3648923	7808813	0.88
2023-07-21 15:15:00	4200036	3733204	7933240	0.89
2023-07-20 09:00:00	555951	385786	941737	0.69
2023-07-20 09:30:00	977561	694449	1672010	0.71
2023-07-20 10:00:00	1485802	1066835	2552637	0.72
2023-07-20 10:30:00	1911055	1284542	3195597	0.67
2023-07-20 11:00:00	2155338	1469981	3625319	0.68
2023-07-20 11:30:00	2342919	1667910	4010829	0.71
2023-07-20 12:00:00	2543410	1852327	4395737	0.73
2023-07-20 12:30:00	2702510	1975330	4677840	0.73
2023-07-20 13:00:00	2866079	2114668	4980747	0.74
2023-07-20 13:30:00	3071024	2336608	5407632	0.76
2023-07-20 14:00:00	3261378	2547028	5808406	0.78
2023-07-20 14:30:00	3527769	2774579	6302348	0.79
2023-07-20 15:00:00	3892470	3163176	7055646	0.81
2023-07-20 15:15:00	3942210	3230224	7172434	0.82
2023-07-19 09:00:00	583859	502918	1086777	0.86
2023-07-19 09:30:00	1002730	910451	1913181	0.91
2023-07-19 10:00:00	1386864	1195285	2582149	0.86
2023-07-19 10:30:00	1648922	1409702	3058624	0.85
2023-07-19 11:00:00	2083614	1634847	3718461	0.78
2023-07-19 11:30:00	2400821	1837511	4238332	0.77
2023-07-19 12:00:00	2624950	1988823	4613773	0.76
2023-07-19 12:30:00	2833020	2225073	5058093	0.79
2023-07-19 13:00:00	3020580	2356355	5376935	0.78
2023-07-19 13:30:00	3228667	2540526	5769193	0.79
2023-07-19 14:00:00	3404352	2653033	6057385	0.78
2023-07-19 14:30:00	3681692	2947517	6629209	0.8
2023-07-19 15:00:00	4052740	3318540	7371280	0.82
2023-07-19 15:15:00	4124300	3398708	7523008	0.82
2023-07-18 09:00:00	554404	357878	912282	0.65
2023-07-18 09:30:00	961538	596474	1558012	0.62
2023-07-18 10:00:00	1226084	898819	2124903	0.73
2023-07-18 10:30:00	1493144	1094170	2587314	0.73
2023-07-18 11:00:00	1769594	1297035	3066629	0.73
2023-07-18 11:30:00	2030630	1480685	3511315	0.73
2023-07-18 12:00:00	2241522	1632681	3874203	0.73
2023-07-18 12:30:00	2445126	1760617	4205743	0.72
2023-07-18 13:00:00	2629327	1886526	4515853	0.72
2023-07-18 13:30:00	2977458	2068954	5046412	0.69
2023-07-18 14:00:00	3229999	2266625	5496624	0.7
2023-07-18 14:30:00	3507368	2553975	6061343	0.73
2023-07-18 15:00:00	3924696	2913615	6838311	0.74
2023-07-18 15:15:00	3966628	2987390	6954018	0.75
2023-07-17 09:00:00	565279	308684	873963	0.55
2023-07-17 09:30:00	921528	521341	1442869	0.57
2023-07-17 10:00:00	1171931	743675	1915606	0.63
2023-07-17 10:30:00	1400696	911689	2312385	0.65
2023-07-17 11:00:00	1620939	1097794	2718733	0.68
2023-07-17 11:30:00	1815597	1264450	3080047	0.7
2023-07-17 12:00:00	1974031	1377702	3351733	0.7
2023-07-17 12:30:00	2145379	1539980	3685359	0.72
2023-07-17 13:00:00	2294889	1647700	3942589	0.72
2023-07-17 13:30:00	2440200	1761351	4201551	0.72
2023-07-17 14:00:00	2592272	1920664	4512936	0.74
2023-07-17 14:30:00	2846128	2168598	5014726	0.76
2023-07-17 15:00:00	3126108	2509046	5635154	0.8
2023-07-17 15:15:00	3201216	2593713	5794929	0.81
2023-07-14 09:00:00	800159	598853	1399012	0.75
2023-07-14 09:30:00	1361625	1051346	2412971	0.77
2023-07-14 10:00:00	1836090	1448217	3284307	0.79
2023-07-14 10:30:00	2137376	1674930	3812306	0.78
2023-07-14 11:00:00	2508307	1947054	4455361	0.78
2023-07-14 11:30:00	2765771	2142039	4907810	0.77
2023-07-14 12:00:00	3002055	2327984	5330039	0.78
2023-07-14 12:30:00	3301551	2556840	5858391	0.77
2023-07-14 13:00:00	3488586	2714786	6203372	0.78
2023-07-14 13:30:00	3714906	2911344	6626250	0.78
2023-07-14 14:00:00	4002432	3167122	7169554	0.79
2023-07-14 14:30:00	4348948	3617131	7966079	0.83
2023-07-14 15:00:00	4745080	4054561	8799641	0.85
2023-07-14 15:15:00	4795701	4155788	8951489	0.87
2023-07-13 09:00:00	682352	422435	1104787	0.62
2023-07-13 09:30:00	1058428	744481	1802909	0.7
2023-07-13 10:00:00	1395075	940977	2336052	0.67
2023-07-13 10:30:00	1674563	1180873	2855436	0.71
2023-07-13 11:00:00	1939165	1354058	3293223	0.7
2023-07-13 11:30:00	2151329	1517787	3669116	0.71
2023-07-13 12:00:00	2344211	1678517	4022728	0.72
2023-07-13 12:30:00	2516766	1828970	4345736	0.73
2023-07-13 13:00:00	2716165	1964401	4680566	0.72
2023-07-13 13:30:00	2935993	2125828	5061821	0.72
2023-07-13 14:00:00	3151782	2300798	5452580	0.73
2023-07-13 14:30:00	3425043	2556379	5981422	0.75
2023-07-13 15:00:00	3837969	2983844	6821813	0.78
2023-07-13 15:15:00	3891998	3078823	6970821	0.79
2023-07-12 09:00:00	807810	495587	1303397	0.61
2023-07-12 09:30:00	1190496	756446	1946942	0.64
2023-07-12 10:00:00	1474612	1027167	2501779	0.7
2023-07-12 10:30:00	1747239	1222185	2969424	0.7
2023-07-12 11:00:00	2010199	1428422	3438621	0.71
2023-07-12 11:30:00	2238538	1596717	3835255	0.71
2023-07-12 12:00:00	2405719	1723194	4128913	0.72
2023-07-12 12:30:00	2636965	1903869	4540834	0.72
2023-07-12 13:00:00	2795377	2013351	4808728	0.72
2023-07-12 13:30:00	3062909	2136839	5199748	0.7
2023-07-12 14:00:00	3232304	2306557	5538861	0.71
2023-07-12 14:30:00	3442114	2479119	5921233	0.72
2023-07-12 15:00:00	3728337	3117430	6845767	0.84
2023-07-12 15:15:00	3836302	3231644	7067946	0.84
2023-07-11 09:00:00	439508	266215	705723	0.61
2023-07-11 09:30:00	721105	541260	1262365	0.75
2023-07-11 10:00:00	1019491	765158	1784649	0.75
2023-07-11 10:30:00	1296095	900377	2196472	0.69
2023-07-11 11:00:00	1503231	1015220	2518451	0.68
2023-07-11 11:30:00	1710037	1148697	2858734	0.67
2023-07-11 12:00:00	1889025	1235714	3124739	0.65
2023-07-11 12:30:00	2145046	1336972	3482018	0.62
2023-07-11 13:00:00	2531669	1438156	3969825	0.57
2023-07-11 13:30:00	2664179	1593937	4258116	0.6
2023-07-11 14:00:00	2823696	1721139	4544835	0.61
2023-07-11 14:30:00	3055728	1889485	4945213	0.62
2023-07-11 15:00:00	3376699	2273726	5650425	0.67
2023-07-11 15:15:00	3450286	2341965	5792251	0.68
2023-07-10 09:00:00	467295	286000	753295	0.61
2023-07-10 09:30:00	743548	482862	1226410	0.65
2023-07-10 10:00:00	984235	730097	1714332	0.74
2023-07-10 10:30:00	1164989	858113	2023102	0.74
2023-07-10 11:00:00	1318751	968532	2287283	0.73
2023-07-10 11:30:00	1500483	1132184	2632667	0.75
2023-07-10 12:00:00	1620330	1253670	2874000	0.77
2023-07-10 12:30:00	1725415	1321705	3047120	0.77
2023-07-10 13:00:00	1843388	1429368	3272756	0.78
2023-07-10 13:30:00	1979133	1523486	3502619	0.77
2023-07-10 14:00:00	2119103	1663177	3782280	0.78
2023-07-10 14:30:00	2261696	1792045	4053741	0.79
2023-07-10 15:00:00	2473244	2119391	4592635	0.86
2023-07-10 15:15:00	2510698	2171702	4682400	0.86
2023-07-07 09:00:00	691903	416243	1108146	0.6
2023-07-07 09:30:00	1105118	706196	1811314	0.64
2023-07-07 10:00:00	1434840	1027157	2461997	0.72
2023-07-07 10:30:00	1709459	1257553	2967012	0.74
2023-07-07 11:00:00	1957695	1457428	3415123	0.74
2023-07-07 11:30:00	2224061	1650398	3874459	0.74
2023-07-07 12:00:00	2560754	1874723	4435477	0.73
2023-07-07 12:30:00	2805986	2092494	4898480	0.75
2023-07-07 13:00:00	3081432	2322161	5403593	0.75
2023-07-07 13:30:00	3272759	2493079	5765838	0.76
2023-07-07 14:00:00	3595751	2720147	6315898	0.76
2023-07-07 14:30:00	3872506	2971028	6843534	0.77
2023-07-07 15:00:00	4332207	3559988	7892195	0.82
2023-07-07 15:15:00	4383976	3686296	8070272	0.84
2023-07-06 09:00:00	668186	497797	1165983	0.74
2023-07-06 09:30:00	1117916	879383	1997299	0.79
2023-07-06 10:00:00	1424054	1163923	2587977	0.82
2023-07-06 10:30:00	1664812	1425452	3090264	0.86
2023-07-06 11:00:00	1967428	1719293	3686721	0.87
2023-07-06 11:30:00	2199557	1926489	4126046	0.88
2023-07-06 12:00:00	2357721	2076096	4433817	0.88
2023-07-06 12:30:00	2494406	2181761	4676167	0.87
2023-07-06 13:00:00	2642618	2318734	4961352	0.88
2023-07-06 13:30:00	2767583	2444417	5212000	0.88
2023-07-06 14:00:00	2897484	2576712	5474196	0.89
2023-07-06 14:30:00	3042829	2727697	5770526	0.9
2023-07-06 15:00:00	3323390	3070218	6393608	0.92
2023-07-06 15:15:00	3358372	3141992	6500364	0.94
2023-07-05 09:00:00	454666	355853	810519	0.78
2023-07-05 09:30:00	792968	604323	1397291	0.76
2023-07-05 10:00:00	1024598	767144	1791742	0.75
2023-07-05 10:30:00	1200471	914577	2115048	0.76
2023-07-05 11:00:00	1436566	1039386	2475952	0.72
2023-07-05 11:30:00	1555874	1156493	2712367	0.74
2023-07-05 12:00:00	1715349	1299726	3015075	0.76
2023-07-05 12:30:00	1816002	1383259	3199261	0.76
2023-07-05 13:00:00	1922407	1479927	3402334	0.77
2023-07-05 13:30:00	2069074	1620292	3689366	0.78
2023-07-05 14:00:00	2222061	1815561	4037622	0.82
2023-07-05 14:30:00	2346507	1973151	4319658	0.84
2023-07-05 15:00:00	2614699	2390703	5005402	0.91
2023-07-05 15:15:00	2645466	2463844	5109310	0.93
2023-07-03 09:00:00	451913	274245	726158	0.61
2023-07-03 09:30:00	721074	476263	1197337	0.66
2023-07-03 10:00:00	959764	669054	1628818	0.7
2023-07-03 10:30:00	1119862	819380	1939242	0.73
2023-07-03 11:00:00	1287087	933446	2220533	0.73
2023-07-03 11:30:00	1462555	1130663	2593218	0.77
2023-07-03 12:00:00	1684312	1384407	3068719	0.82
2023-07-03 12:30:00	1715965	1446035	3162000	0.84
2023-07-03 13:00:00	1715951	1446025	3161976	0.84
2023-07-03 13:30:00	1715951	1446025	3161976	0.84
2023-07-03 14:00:00	1715951	1446025	3161976	0.84
2023-07-03 14:30:00	1715951	1446025	3161976	0.84
2023-07-03 15:00:00	1715951	1446025	3161976	0.84
2023-07-03 15:15:00	1715951	1446025	3161976	0.84
2023-06-30 09:00:00	773150	522098	1295248	0.68
2023-06-30 09:30:00	1365771	1007374	2373145	0.74
2023-06-30 10:00:00	1951670	1436424	3388094	0.74
2023-06-30 10:30:00	2211063	1661577	3872640	0.75
2023-06-30 11:00:00	2486113	1946588	4432701	0.78
2023-06-30 11:30:00	2705980	2141318	4847298	0.79
2023-06-30 12:00:00	2956201	2351865	5308066	0.8
2023-06-30 12:30:00	3207198	2529054	5736252	0.79
2023-06-30 13:00:00	3465509	2725745	6191254	0.79
2023-06-30 13:30:00	3741762	3035804	6777566	0.81
2023-06-30 14:00:00	4038215	3353591	7391806	0.83
2023-06-30 14:30:00	4358841	3628179	7987020	0.83
2023-06-30 15:00:00	4839852	4166387	9006239	0.86
2023-06-30 15:15:00	5010123	4507524	9517647	0.9
2023-06-29 09:00:00	472571	276314	748885	0.58
2023-06-29 09:30:00	780101	455530	1235631	0.58
2023-06-29 10:00:00	1000714	624493	1625207	0.62
2023-06-29 10:30:00	1216000	770753	1986753	0.63
2023-06-29 11:00:00	1375324	906468	2281792	0.66
2023-06-29 11:30:00	1531555	1046201	2577756	0.68
2023-06-29 12:00:00	1679805	1159049	2838854	0.69
2023-06-29 12:30:00	1817141	1271045	3088186	0.7
2023-06-29 13:00:00	1941040	1360943	3301983	0.7
2023-06-29 13:30:00	2103793	1509493	3613286	0.72
2023-06-29 14:00:00	2232746	1612211	3844957	0.72
2023-06-29 14:30:00	2357563	1760998	4118561	0.75
2023-06-29 15:00:00	2602779	2183444	4786223	0.84
2023-06-29 15:15:00	2648466	2242711	4891177	0.85
2023-06-28 09:00:00	374578	254238	628816	0.68
2023-06-28 09:30:00	678017	452937	1130954	0.67
2023-06-28 10:00:00	962273	647945	1610218	0.67
2023-06-28 10:30:00	1199868	787595	1987463	0.66
2023-06-28 11:00:00	1377718	890546	2268264	0.65
2023-06-28 11:30:00	1631618	1038136	2669754	0.64
2023-06-28 12:00:00	1892693	1180001	3072694	0.62
2023-06-28 12:30:00	2047740	1278582	3326322	0.62
2023-06-28 13:00:00	2194870	1368823	3563693	0.62
2023-06-28 13:30:00	2304888	1457748	3762636	0.63
2023-06-28 14:00:00	2411499	1541826	3953325	0.64
2023-06-28 14:30:00	2557277	1688378	4245655	0.66
2023-06-28 15:00:00	2790117	2197812	4987929	0.79
2023-06-28 15:15:00	2829733	2288906	5118639	0.81
2023-06-27 09:00:00	409373	262415	671788	0.64
2023-06-27 09:30:00	663824	442322	1106146	0.67
2023-06-27 10:00:00	924827	622503	1547330	0.67
2023-06-27 10:30:00	1093703	761570	1855273	0.7
2023-06-27 11:00:00	1318124	908952	2227076	0.69
2023-06-27 11:30:00	1482221	1044604	2526825	0.7
2023-06-27 12:00:00	1693608	1220439	2914047	0.72
2023-06-27 12:30:00	1825691	1369617	3195308	0.75
2023-06-27 13:00:00	1994266	1510426	3504692	0.76
2023-06-27 13:30:00	2172898	1800084	3972982	0.83
2023-06-27 14:00:00	2297875	1927134	4225009	0.84
2023-06-27 14:30:00	2452981	2054728	4507709	0.84
2023-06-27 15:00:00	2696935	2342064	5038999	0.87
2023-06-27 15:15:00	2755093	2490030	5245123	0.9
2023-06-26 09:00:00	400988	267828	668816	0.67
2023-06-26 09:30:00	635330	426572	1061902	0.67
2023-06-26 10:00:00	896209	640077	1536286	0.71
2023-06-26 10:30:00	1101496	807219	1908715	0.73
2023-06-26 11:00:00	1250161	938142	2188303	0.75
2023-06-26 11:30:00	1439813	1100528	2540341	0.76
2023-06-26 12:00:00	1591968	1249284	2841252	0.78
2023-06-26 12:30:00	1702855	1370452	3073307	0.8
2023-06-26 13:00:00	1802928	1473973	3276901	0.82
2023-06-26 13:30:00	1913457	1556288	3469745	0.81
2023-06-26 14:00:00	2043820	1682881	3726701	0.82
2023-06-26 14:30:00	2267402	1847211	4114613	0.81
2023-06-26 15:00:00	2543732	2146303	4690035	0.84
2023-06-26 15:15:00	2619410	2229180	4848590	0.85
2023-06-23 09:00:00	658720	582753	1241473	0.88
2023-06-23 09:30:00	1064640	903069	1967709	0.85
2023-06-23 10:00:00	1405760	1167775	2573535	0.83
2023-06-23 10:30:00	1638805	1363086	3001891	0.83
2023-06-23 11:00:00	1891263	1599282	3490545	0.85
2023-06-23 11:30:00	2131887	1798051	3929938	0.84
2023-06-23 12:00:00	2339266	1963289	4302555	0.84
2023-06-23 12:30:00	2620507	2134173	4754680	0.81
2023-06-23 13:00:00	2807789	2335073	5142862	0.83
2023-06-23 13:30:00	3001238	2526525	5527763	0.84
2023-06-23 14:00:00	3265189	2796889	6062078	0.86
2023-06-23 14:30:00	3598535	3073100	6671635	0.85
2023-06-23 15:00:00	3960556	3444522	7405078	0.87
2023-06-23 15:15:00	4012517	3517480	7529997	0.88
2023-06-22 09:00:00	542634	370234	912868	0.68
2023-06-22 09:30:00	830918	662472	1493390	0.8
2023-06-22 10:00:00	1194611	965942	2160553	0.81
2023-06-22 10:30:00	1416510	1093710	2510220	0.77
2023-06-22 11:00:00	1640573	1268507	2909080	0.77
2023-06-22 11:30:00	1827068	1367942	3195010	0.75
2023-06-22 12:00:00	2024693	1474816	3499509	0.73
2023-06-22 12:30:00	2212128	1609060	3821188	0.73
2023-06-22 13:00:00	2340298	1713647	4053945	0.73
2023-06-22 13:30:00	2469463	1817906	4287369	0.74
2023-06-22 14:00:00	2635824	1943041	4578865	0.74
2023-06-22 14:30:00	2801748	2074353	4876101	0.74
2023-06-22 15:00:00	3115325	2394773	5510098	0.77
2023-06-22 15:15:00	3160116	2455740	5615856	0.78
2023-06-21 09:00:00	532308	524747	1057055	0.99
2023-06-21 09:30:00	891330	797049	1688379	0.89
2023-06-21 10:00:00	1160801	1018046	2178847	0.88
2023-06-21 10:30:00	1432160	1231785	2663945	0.86
2023-06-21 11:00:00	1630692	1423499	3054191	0.87
2023-06-21 11:30:00	1803332	1551286	3354618	0.86
2023-06-21 12:00:00	1962693	1676260	3638953	0.85
2023-06-21 12:30:00	2095986	1825941	3921927	0.87
2023-06-21 13:00:00	2253106	1925748	4178854	0.85
2023-06-21 13:30:00	2428620	2045030	4473650	0.84
2023-06-21 14:00:00	2625800	2194539	4820339	0.84
2023-06-21 14:30:00	2773878	2347984	5121862	0.85
2023-06-21 15:00:00	3035454	2737511	5772965	0.9
2023-06-21 15:15:00	3089198	2817703	5906901	0.91
2023-06-20 09:00:00	610450	421219	1031669	0.69
2023-06-20 09:30:00	977477	768277	1745754	0.79
2023-06-20 10:00:00	1308876	1097116	2405992	0.84
2023-06-20 10:30:00	1588784	1304580	2893364	0.82
2023-06-20 11:00:00	1867411	1481932	3349343	0.79
2023-06-20 11:30:00	2161188	1636591	3797779	0.76
2023-06-20 12:00:00	2437794	1841418	4279212	0.76
2023-06-20 12:30:00	2612594	2021831	4634425	0.77
2023-06-20 13:00:00	2822936	2180844	5003780	0.77
2023-06-20 13:30:00	2977296	2333273	5310569	0.78
2023-06-20 14:00:00	3179527	2464568	5644095	0.78
2023-06-20 14:30:00	3354420	2642784	5997204	0.79
2023-06-20 15:00:00	3623862	2961026	6584888	0.82
2023-06-20 15:15:00	3677562	3044371	6721933	0.83
2023-06-16 09:00:00	846927	696959	1543886	0.82
2023-06-16 09:30:00	1391542	1049083	2440625	0.75
2023-06-16 10:00:00	1773836	1355296	3129132	0.76
2023-06-16 10:30:00	2189969	1663080	3853049	0.76
2023-06-16 11:00:00	2491593	1955269	4446862	0.78
2023-06-16 11:30:00	2724215	2191338	4915553	0.8
2023-06-16 12:00:00	3034438	2403073	5437511	0.79
2023-06-16 12:30:00	3293369	2583977	5877346	0.78
2023-06-16 13:00:00	3501517	2753295	6254812	0.79
2023-06-16 13:30:00	3777189	2979296	6756485	0.79
2023-06-16 14:00:00	4064829	3249275	7314104	0.8
2023-06-16 14:30:00	4414048	3621696	8035744	0.82
2023-06-16 15:00:00	4935380	4087359	9022739	0.83
2023-06-16 15:15:00	4996065	4211732	9207797	0.84
2023-06-15 09:00:00	507271	393962	901233	0.78
2023-06-15 09:30:00	980253	711433	1691686	0.73
2023-06-15 10:00:00	1332477	953885	2286362	0.72
2023-06-15 10:30:00	1696180	1251331	2947511	0.74
2023-06-15 11:00:00	1996659	1451483	3448142	0.73
2023-06-15 11:30:00	2287385	1623828	3911213	0.71
2023-06-15 12:00:00	2544430	1839517	4383947	0.72
2023-06-15 12:30:00	2730498	2008681	4739179	0.74
2023-06-15 13:00:00	2950842	2190173	5141015	0.74
2023-06-15 13:30:00	3159050	2359490	5518540	0.75
2023-06-15 14:00:00	3436634	2586826	6023460	0.75
2023-06-15 14:30:00	3744712	2844693	6589405	0.76
2023-06-15 15:00:00	4211679	3636565	7848244	0.86
2023-06-15 15:15:00	4272055	3754056	8026111	0.88
2023-06-14 09:00:00	504833	354179	859012	0.7
2023-06-14 09:30:00	793540	549737	1343277	0.69
2023-06-14 10:00:00	1034136	710842	1744978	0.69
2023-06-14 10:30:00	1332298	923024	2255322	0.69
2023-06-14 11:00:00	1534254	1083911	2618165	0.71
2023-06-14 11:30:00	1722732	1204634	2927366	0.7
2023-06-14 12:00:00	1884828	1336450	3221278	0.71
2023-06-14 12:30:00	2087062	1512285	3599347	0.72
2023-06-14 13:00:00	2260409	1633248	3893657	0.72
2023-06-14 13:30:00	2649879	1902122	4552001	0.72
2023-06-14 14:00:00	2891941	2366991	5258932	0.82
2023-06-14 14:30:00	3177796	3301784	6479580	1.04
2023-06-14 15:00:00	3550251	3655475	7205726	1.03
2023-06-14 15:15:00	3649331	3791969	7441300	1.04
2023-06-13 09:00:00	685932	477009	1162941	0.7
2023-06-13 09:30:00	1212759	786470	1999229	0.65
2023-06-13 10:00:00	1495953	967702	2463655	0.65
2023-06-13 10:30:00	1833833	1165058	2998891	0.64
2023-06-13 11:00:00	2096434	1361725	3458159	0.65
2023-06-13 11:30:00	2319408	1514767	3834175	0.65
2023-06-13 12:00:00	2528029	1668295	4196324	0.66
2023-06-13 12:30:00	2775022	1838689	4613711	0.66
2023-06-13 13:00:00	2940492	1949363	4889855	0.66
2023-06-13 13:30:00	3110203	2100000	5210203	0.68
2023-06-13 14:00:00	3319465	2247828	5567293	0.68
2023-06-13 14:30:00	3490519	2415064	5905583	0.69
2023-06-13 15:00:00	3738226	2844176	6582402	0.76
2023-06-13 15:15:00	3784639	2920884	6705523	0.77
2023-06-12 09:00:00	439605	324606	764211	0.74
2023-06-12 09:30:00	760667	544341	1305008	0.72
2023-06-12 10:00:00	1001953	733112	1735065	0.73
2023-06-12 10:30:00	1222087	928369	2150456	0.76
2023-06-12 11:00:00	1488111	1092412	2580523	0.73
2023-06-12 11:30:00	1651283	1215848	2867131	0.74
2023-06-12 12:00:00	1824894	1324541	3149435	0.73
2023-06-12 12:30:00	2004328	1450881	3455209	0.72
2023-06-12 13:00:00	2182513	1618393	3800906	0.74
2023-06-12 13:30:00	2315508	1760767	4076275	0.76
2023-06-12 14:00:00	2578405	1903364	4481769	0.74
2023-06-12 14:30:00	2864973	2215476	5080449	0.77
2023-06-12 15:00:00	3306627	2730591	6037218	0.83
2023-06-12 15:15:00	3405633	2963642	6369275	0.87
2023-06-09 09:00:00	798158	554434	1352592	0.69
2023-06-09 09:30:00	1373468	970939	2344407	0.71
2023-06-09 10:00:00	1915211	1436935	3352146	0.75
2023-06-09 10:30:00	2333185	1785562	4118747	0.77
2023-06-09 11:00:00	2679595	2067304	4746899	0.77
2023-06-09 11:30:00	3014535	2329236	5343771	0.77
2023-06-09 12:00:00	3267204	2490451	5757655	0.76
2023-06-09 12:30:00	3480801	2640339	6121140	0.76
2023-06-09 13:00:00	3699753	2834587	6534340	0.77
2023-06-09 13:30:00	3908180	3199038	7107218	0.82
2023-06-09 14:00:00	4151581	3470553	7622134	0.84
2023-06-09 14:30:00	4403192	3675767	8078959	0.83
2023-06-09 15:00:00	4748181	4027397	8775578	0.85
2023-06-09 15:15:00	4821927	4145490	8967417	0.86
2023-06-08 09:00:00	544118	295037	839155	0.54
2023-06-08 09:30:00	890783	501581	1392364	0.56
2023-06-08 10:00:00	1192632	756274	1948906	0.63
2023-06-08 10:30:00	1481617	1072112	2553729	0.72
2023-06-08 11:00:00	1786965	1291139	3078104	0.72
2023-06-08 11:30:00	2000609	1452538	3453147	0.73
2023-06-08 12:00:00	2230895	1602334	3833229	0.72
2023-06-08 12:30:00	2381078	1763942	4145020	0.74
2023-06-08 13:00:00	2579528	1907444	4486972	0.74
2023-06-08 13:30:00	2728990	2022499	4751489	0.74
2023-06-08 14:00:00	2911485	2168674	5080159	0.74
2023-06-08 14:30:00	3081252	2348240	5429492	0.76
2023-06-08 15:00:00	3410962	2822011	6232973	0.83
2023-06-08 15:15:00	3486435	2944969	6431404	0.84
2023-06-07 09:00:00	640176	363957	1004133	0.57
2023-06-07 09:30:00	1040109	691915	1732024	0.67
2023-06-07 10:00:00	1462113	985260	2447373	0.67
2023-06-07 10:30:00	1795128	1186719	2981847	0.66
2023-06-07 11:00:00	2037622	1425247	3462869	0.7
2023-06-07 11:30:00	2242397	1586751	3829148	0.71
2023-06-07 12:00:00	2402951	1735054	4138005	0.72
2023-06-07 12:30:00	2656851	1879604	4536455	0.71
2023-06-07 13:00:00	2833776	2016249	4850025	0.71
2023-06-07 13:30:00	2969700	2125075	5094775	0.72
2023-06-07 14:00:00	3151427	2270243	5421670	0.72
2023-06-07 14:30:00	3330229	2420986	5751215	0.73
2023-06-07 15:00:00	3659981	3175666	6835647	0.87
2023-06-07 15:15:00	3711804	3289944	7001748	0.89
2023-06-06 09:00:00	372250	302567	674817	0.81
2023-06-06 09:30:00	718023	571134	1289157	0.8
2023-06-06 10:00:00	1032268	861338	1893606	0.83
2023-06-06 10:30:00	1373237	1047821	2421058	0.76
2023-06-06 11:00:00	1581231	1231482	2812713	0.78
2023-06-06 11:30:00	1824654	1389101	3213755	0.76
2023-06-06 12:00:00	2012013	1564875	3576888	0.78
2023-06-06 12:30:00	2188356	1713636	3901992	0.78
2023-06-06 13:00:00	2309377	1847571	4156948	0.8
2023-06-06 13:30:00	2477683	1980130	4457813	0.8
2023-06-06 14:00:00	2629157	2111739	4740896	0.8
2023-06-06 14:30:00	2870293	2346353	5216646	0.82
2023-06-06 15:00:00	3218038	2838049	6056087	0.88
2023-06-06 15:15:00	3273022	2950605	6223627	0.9
2023-06-05 09:00:00	468243	310157	778400	0.66
2023-06-05 09:30:00	793084	561870	1354954	0.71
2023-06-05 10:00:00	1035966	781858	1817824	0.75
2023-06-05 10:30:00	1213426	951834	2165260	0.78
2023-06-05 11:00:00	1421258	1098522	2519780	0.77
2023-06-05 11:30:00	1594977	1211048	2806025	0.76
2023-06-05 12:00:00	1789315	1315116	3104431	0.73
2023-06-05 12:30:00	2002697	1430316	3433013	0.71
2023-06-05 13:00:00	2142540	1556342	3698882	0.73
2023-06-05 13:30:00	2271716	1690677	3962393	0.74
2023-06-05 14:00:00	2478024	1923616	4401640	0.78
2023-06-05 14:30:00	2635636	2082148	4717784	0.79
2023-06-05 15:00:00	2845084	2626713	5471797	0.92
2023-06-05 15:15:00	2886760	2778466	5665226	0.96
2023-06-02 09:00:00	855390	661116	1516506	0.77
2023-06-02 09:30:00	1617322	1045753	2663075	0.65
2023-06-02 10:00:00	2113311	1412454	3525765	0.67
2023-06-02 10:30:00	2590074	1801147	4391221	0.7
2023-06-02 11:00:00	3088422	2091882	5180304	0.68
2023-06-02 11:30:00	3527085	2371107	5898192	0.67
2023-06-02 12:00:00	3907813	2595413	6503226	0.66
2023-06-02 12:30:00	4220698	2808438	7029136	0.67
2023-06-02 13:00:00	4477895	3028921	7506816	0.68
2023-06-02 13:30:00	4736146	3249604	7985750	0.69
2023-06-02 14:00:00	5038943	3445710	8484653	0.68
2023-06-02 14:30:00	5418262	3903790	9322052	0.72
2023-06-02 15:00:00	5870871	4326377	10197248	0.74
2023-06-02 15:15:00	5949045	4504267	10453312	0.76
2023-06-01 09:00:00	439834	293290	733124	0.67
2023-06-01 09:30:00	879551	596154	1475705	0.68
2023-06-01 10:00:00	1235719	857365	2093084	0.69
2023-06-01 10:30:00	1507925	1122688	2630613	0.74
2023-06-01 11:00:00	1814085	1317229	3131314	0.73
2023-06-01 11:30:00	2073670	1579419	3653089	0.76
2023-06-01 12:00:00	2288693	1727467	4016160	0.75
2023-06-01 12:30:00	2471615	1853899	4325514	0.75
2023-06-01 13:00:00	2721345	2011031	4732376	0.74
2023-06-01 13:30:00	2949650	2181913	5131563	0.74
2023-06-01 14:00:00	3103766	2333913	5437679	0.75
2023-06-01 14:30:00	3326790	2575455	5902245	0.77
2023-06-01 15:00:00	3587885	3019862	6607747	0.84
2023-06-01 15:15:00	3644497	3087321	6731818	0.85
2023-05-31 09:00:00	346829	256651	603480	0.74
2023-05-31 09:30:00	624378	565874	1190252	0.91
2023-05-31 10:00:00	860477	826939	1687416	0.96
2023-05-31 10:30:00	1030231	960122	1990353	0.93
2023-05-31 11:00:00	1178140	1073188	2251328	0.91
2023-05-31 11:30:00	1302702	1157512	2460214	0.89
2023-05-31 12:00:00	1428178	1283225	2711403	0.9
2023-05-31 12:30:00	1531501	1388458	2919959	0.91
2023-05-31 13:00:00	1663860	1511117	3174977	0.91
2023-05-31 13:30:00	1789404	1619033	3408437	0.9
2023-05-31 14:00:00	1909810	1721340	3631150	0.9
2023-05-31 14:30:00	2047435	2150764	4198199	1.05
2023-05-31 15:00:00	2312747	2445982	4758729	1.06
2023-05-31 15:15:00	2387483	2536109	4923592	1.06
2023-05-30 09:00:00	733840	570226	1304066	0.78
2023-05-30 09:30:00	1232611	949214	2181825	0.77
2023-05-30 10:00:00	1483256	1184716	2667972	0.8
2023-05-30 10:30:00	1729515	1422641	3152156	0.82
2023-05-30 11:00:00	1953991	1582551	3536542	0.81
2023-05-30 11:30:00	2114882	1743796	3858678	0.82
2023-05-30 12:00:00	2316294	1904930	4221224	0.82
2023-05-30 12:30:00	2465862	2059488	4525350	0.84
2023-05-30 13:00:00	2661617	2258731	4920348	0.85
2023-05-30 13:30:00	2917172	2489745	5406917	0.85
2023-05-30 14:00:00	3168165	2730437	5898602	0.86
2023-05-30 14:30:00	3371945	2953333	6325278	0.88
2023-05-30 15:00:00	3674580	3237805	6912385	0.88
2023-05-30 15:15:00	3715308	3313123	7028431	0.89
2023-05-26 09:00:00	560532	402439	962971	0.72
2023-05-26 09:30:00	994736	824543	1819279	0.83
2023-05-26 10:00:00	1479339	1198928	2678267	0.81
2023-05-26 10:30:00	1784439	1491920	3276359	0.84
2023-05-26 11:00:00	2068710	1721401	3790111	0.83
2023-05-26 11:30:00	2288483	1902280	4190763	0.83
2023-05-26 12:00:00	2516638	2095296	4611934	0.83
2023-05-26 12:30:00	2741987	2252829	4994816	0.82
2023-05-26 13:00:00	2921010	2411913	5332923	0.83
2023-05-26 13:30:00	3128001	2591949	5719950	0.83
2023-05-26 14:00:00	3370641	2827622	6198263	0.84
2023-05-26 14:30:00	3704647	3098691	6803338	0.84
2023-05-26 15:00:00	4126943	3581103	7708046	0.87
2023-05-26 15:15:00	4186491	3693640	7880131	0.88
2023-05-25 09:00:00	490245	323267	813512	0.66
2023-05-25 09:30:00	764384	550835	1315219	0.72
2023-05-25 10:00:00	1001195	712326	1713521	0.71
2023-05-25 10:30:00	1198877	872653	2071530	0.73
2023-05-25 11:00:00	1383682	1007290	2390972	0.73
2023-05-25 11:30:00	1564339	1147692	2712031	0.73
2023-05-25 12:00:00	1716986	1267457	2984443	0.74
2023-05-25 12:30:00	1850596	1390994	3241590	0.75
2023-05-25 13:00:00	1953856	1567162	3521018	0.8
2023-05-25 13:30:00	2105127	1696421	3801548	0.81
2023-05-25 14:00:00	2248496	1804449	4052945	0.8
2023-05-25 14:30:00	2394392	1935892	4330284	0.81
2023-05-25 15:00:00	2622743	2253487	4876230	0.86
2023-05-25 15:15:00	2669260	2384199	5053459	0.89
2023-05-24 09:00:00	436146	387810	823956	0.89
2023-05-24 09:30:00	740766	753211	1493977	1.02
2023-05-24 10:00:00	1003828	930046	1933874	0.93
2023-05-24 10:30:00	1249785	1199623	2449408	0.96
2023-05-24 11:00:00	1370423	1335669	2706092	0.97
2023-05-24 11:30:00	1572758	1502847	3075605	0.96
2023-05-24 12:00:00	1693795	1607668	3301463	0.95
2023-05-24 12:30:00	1803886	1704827	3508713	0.95
2023-05-24 13:00:00	1929179	1842077	3771256	0.95
2023-05-24 13:30:00	2040342	1960587	4000929	0.96
2023-05-24 14:00:00	2147230	2069300	4216530	0.96
2023-05-24 14:30:00	2325334	2269461	4594795	0.98
2023-05-24 15:00:00	2576823	2662903	5239726	1.03
2023-05-24 15:15:00	2621683	2828892	5450575	1.08
2023-05-23 09:00:00	366574	269961	636535	0.74
2023-05-23 09:30:00	599065	459928	1058993	0.77
2023-05-23 10:00:00	835343	627421	1462764	0.75
2023-05-23 10:30:00	994391	740505	1734896	0.74
2023-05-23 11:00:00	1140236	881718	2021954	0.77
2023-05-23 11:30:00	1271863	988944	2260807	0.78
2023-05-23 12:00:00	1481088	1184956	2666044	0.8
2023-05-23 12:30:00	1612388	1308231	2920619	0.81
2023-05-23 13:00:00	1813700	1503476	3317176	0.83
2023-05-23 13:30:00	1995015	1685252	3680267	0.84
2023-05-23 14:00:00	2165101	1871591	4036692	0.86
2023-05-23 14:30:00	2382205	2032244	4414449	0.85
2023-05-23 15:00:00	2604338	2383842	4988180	0.92
2023-05-23 15:15:00	2666768	2517418	5184186	0.94
2023-05-22 09:00:00	374985	325966	700951	0.87
2023-05-22 09:30:00	971108	571547	1542655	0.59
2023-05-22 10:00:00	1190539	762676	1953215	0.64
2023-05-22 10:30:00	1386679	894005	2280684	0.64
2023-05-22 11:00:00	1564792	1029748	2594540	0.66
2023-05-22 11:30:00	1694266	1138877	2833143	0.67
2023-05-22 12:00:00	1891488	1259317	3150805	0.67
2023-05-22 12:30:00	2029421	1388945	3418366	0.68
2023-05-22 13:00:00	2146283	1510039	3656322	0.7
2023-05-22 13:30:00	2356168	1629655	3985823	0.69
2023-05-22 14:00:00	2552021	1817152	4369173	0.71
2023-05-22 14:30:00	2693516	2017885	4711401	0.75
2023-05-22 15:00:00	2939237	2305174	5244411	0.78
2023-05-22 15:15:00	2987051	2393224	5380275	0.8
2023-05-19 09:00:00	582793	414509	997302	0.71
2023-05-19 09:30:00	984880	736070	1720950	0.75
2023-05-19 10:00:00	1293566	1058355	2351921	0.82
2023-05-19 10:30:00	1652635	1403931	3056566	0.85
2023-05-19 11:00:00	2029321	1885442	3914763	0.93
2023-05-19 11:30:00	2497917	2161599	4659516	0.87
2023-05-19 12:00:00	2778141	2418019	5196160	0.87
2023-05-19 12:30:00	2958445	2574279	5532724	0.87
2023-05-19 13:00:00	3151647	2756994	5908641	0.87
2023-05-19 13:30:00	3372368	2970792	6343160	0.88
2023-05-19 14:00:00	3577044	3171855	6748899	0.89
2023-05-19 14:30:00	3818760	3444822	7263582	0.9
2023-05-19 15:00:00	4134269	3778339	7912608	0.91
2023-05-19 15:15:00	4184488	3901737	8086225	0.93
2023-05-18 09:00:00	455835	356063	811898	0.78
2023-05-18 09:30:00	1326539	666507	1993046	0.5
2023-05-18 10:00:00	1650308	1005153	2655461	0.61
2023-05-18 10:30:00	2034241	1242946	3277187	0.61
2023-05-18 11:00:00	2276044	1400850	3676894	0.62
2023-05-18 11:30:00	2461157	1581088	4042245	0.64
2023-05-18 12:00:00	2637438	1708799	4346237	0.65
2023-05-18 12:30:00	2812612	1884389	4697001	0.67
2023-05-18 13:00:00	2950053	2024131	4974184	0.69
2023-05-18 13:30:00	3074831	2157747	5232578	0.7
2023-05-18 14:00:00	3209871	2325150	5535021	0.72
2023-05-18 14:30:00	3452123	2650517	6102640	0.77
2023-05-18 15:00:00	3825154	3033284	6858438	0.79
2023-05-18 15:15:00	3915028	3136485	7051513	0.8
2023-05-17 09:00:00	410006	395956	805962	0.97
2023-05-17 09:30:00	662646	596517	1259163	0.9
2023-05-17 10:00:00	863653	770067	1633720	0.89
2023-05-17 10:30:00	1168279	939965	2108244	0.8
2023-05-17 11:00:00	1373363	1075923	2449286	0.78
2023-05-17 11:30:00	1473046	1212355	2685401	0.82
2023-05-17 12:00:00	1770743	1525749	3296492	0.86
2023-05-17 12:30:00	2026477	1757978	3784455	0.87
2023-05-17 13:00:00	2248120	1959025	4207145	0.87
2023-05-17 13:30:00	2425961	2113636	4539597	0.87
2023-05-17 14:00:00	2571513	2274164	4845677	0.88
2023-05-17 14:30:00	2799933	2505664	5305597	0.89
2023-05-17 15:00:00	3054364	2928601	5982965	0.96
2023-05-17 15:15:00	3102479	3080989	6183468	0.99
2023-05-16 09:00:00	367375	305366	672741	0.83
2023-05-16 09:30:00	623190	554341	1177531	0.89
2023-05-16 10:00:00	848812	754305	1603117	0.89
2023-05-16 10:30:00	1049797	905239	1955036	0.86
2023-05-16 11:00:00	1290877	1095111	2385988	0.85
2023-05-16 11:30:00	1458973	1227844	2686817	0.84
2023-05-16 12:00:00	1629975	1342583	2972558	0.82
2023-05-16 12:30:00	1747618	1427221	3174839	0.82
2023-05-16 13:00:00	2064140	1534471	3598611	0.74
2023-05-16 13:30:00	2185104	1701122	3886226	0.78
2023-05-16 14:00:00	2322037	1835449	4157486	0.79
2023-05-16 14:30:00	2487541	1986745	4474286	0.8
2023-05-16 15:00:00	2711322	2308401	5019723	0.85
2023-05-16 15:15:00	2780410	2442318	5222728	0.88
2023-05-15 09:00:00	361829	306102	667931	0.85
2023-05-15 09:30:00	606170	511894	1118064	0.84
2023-05-15 10:00:00	797599	685985	1483584	0.86
2023-05-15 10:30:00	977540	819072	1796612	0.84
2023-05-15 11:00:00	1119570	982011	2101581	0.88
2023-05-15 11:30:00	1265855	1142119	2407974	0.9
2023-05-15 12:00:00	1430718	1259575	2690293	0.88
2023-05-15 12:30:00	1675397	1420242	3095639	0.85
2023-05-15 13:00:00	1850586	1574671	3425257	0.85
2023-05-15 13:30:00	2026451	1682835	3709286	0.83
2023-05-15 14:00:00	2140647	1795011	3935658	0.84
2023-05-15 14:30:00	2272382	2006027	4278409	0.88
2023-05-15 15:00:00	2526587	2274784	4801371	0.9
2023-05-15 15:15:00	2578077	2348293	4926370	0.91
2023-05-12 09:00:00	477821	450325	928146	0.94
2023-05-12 09:30:00	882684	807341	1690025	0.91
2023-05-12 10:00:00	1243414	1073299	2316713	0.86
2023-05-12 10:30:00	1510419	1317461	2827880	0.87
2023-05-12 11:00:00	1763954	1576658	3340612	0.89
2023-05-12 11:30:00	2076533	1820240	3896773	0.88
2023-05-12 12:00:00	2323591	2067029	4390620	0.89
2023-05-12 12:30:00	2607355	2280249	4887604	0.87
2023-05-12 13:00:00	2860195	2508350	5368545	0.88
2023-05-12 13:30:00	3070649	2692033	5762682	0.88
2023-05-12 14:00:00	3264084	2877676	6141760	0.88
2023-05-12 14:30:00	3517768	3131553	6649321	0.89
2023-05-12 15:00:00	4009116	3625966	7635082	0.9
2023-05-12 15:15:00	4056018	3763806	7819824	0.93
2023-05-11 09:00:00	388136	348714	736850	0.9
2023-05-11 09:30:00	644080	580258	1224338	0.9
2023-05-11 10:00:00	872279	794253	1666532	0.91
2023-05-11 10:30:00	1091452	958661	2050113	0.88
2023-05-11 11:00:00	1277367	1099804	2377171	0.86
2023-05-11 11:30:00	1418714	1249497	2668211	0.88
2023-05-11 12:00:00	1658183	1347371	3005554	0.81
2023-05-11 12:30:00	1775830	1449947	3225777	0.82
2023-05-11 13:00:00	1898715	1581046	3479761	0.83
2023-05-11 13:30:00	2025039	1684482	3709521	0.83
2023-05-11 14:00:00	2225836	1854584	4080420	0.83
2023-05-11 14:30:00	2468200	2023685	4491885	0.82
2023-05-11 15:00:00	2801675	2378525	5180200	0.85
2023-05-11 15:15:00	2861065	2477147	5338212	0.87
2023-05-10 09:00:00	514302	443193	957495	0.86
2023-05-10 09:30:00	798342	698802	1497144	0.88
2023-05-10 10:00:00	1036733	906030	1942763	0.87
2023-05-10 10:30:00	1246493	1066254	2312747	0.86
2023-05-10 11:00:00	1480680	1213853	2694533	0.82
2023-05-10 11:30:00	1621980	1383563	3005543	0.85
2023-05-10 12:00:00	1752313	1495278	3247591	0.85
2023-05-10 12:30:00	1917648	1664939	3582587	0.87
2023-05-10 13:00:00	2122284	1879105	4001389	0.89
2023-05-10 13:30:00	2320622	2001817	4322439	0.86
2023-05-10 14:00:00	2470666	2143710	4614376	0.87
2023-05-10 14:30:00	2732737	2367130	5099867	0.87
2023-05-10 15:00:00	2974891	2791219	5766110	0.94
2023-05-10 15:15:00	3031612	2940971	5972583	0.97
2023-05-09 09:00:00	393046	281767	674813	0.72
2023-05-09 09:30:00	677454	458961	1136415	0.68
2023-05-09 10:00:00	843476	615023	1458499	0.73
2023-05-09 10:30:00	1011833	746777	1758610	0.74
2023-05-09 11:00:00	1105864	845376	1951240	0.76
2023-05-09 11:30:00	1206422	932671	2139093	0.77
2023-05-09 12:00:00	1307938	1029586	2337524	0.79
2023-05-09 12:30:00	1440545	1125193	2565738	0.78
2023-05-09 13:00:00	1558322	1252586	2810908	0.8
2023-05-09 13:30:00	1690668	1339422	3030090	0.79
2023-05-09 14:00:00	1804790	1465154	3269944	0.81
2023-05-09 14:30:00	1946192	1642893	3589085	0.84
2023-05-09 15:00:00	2171573	1905300	4076873	0.88
2023-05-09 15:15:00	2230662	2004883	4235545	0.9
2023-05-08 09:00:00	348440	297962	646402	0.86
2023-05-08 09:30:00	544864	495793	1040657	0.91
2023-05-08 10:00:00	727438	647539	1374977	0.89
2023-05-08 10:30:00	902605	841107	1743712	0.93
2023-05-08 11:00:00	1020667	977169	1997836	0.96
2023-05-08 11:30:00	1163209	1085026	2248235	0.93
2023-05-08 12:00:00	1289072	1170385	2459457	0.91
2023-05-08 12:30:00	1399390	1279730	2679120	0.91
2023-05-08 13:00:00	1525139	1391856	2916995	0.91
2023-05-08 13:30:00	1677298	1587267	3264565	0.95
2023-05-08 14:00:00	1796811	1724151	3520962	0.96
2023-05-08 14:30:00	1938264	1878975	3817239	0.97
2023-05-08 15:00:00	2168320	2199744	4368064	1.01
2023-05-08 15:15:00	2197148	2305508	4502656	1.05
2023-05-05 09:00:00	655543	551907	1207450	0.84
2023-05-05 09:30:00	1099996	1031554	2131550	0.94
2023-05-05 10:00:00	1413031	1348542	2761573	0.95
2023-05-05 10:30:00	1735008	1620520	3355528	0.93
2023-05-05 11:00:00	1957079	1795487	3752566	0.92
2023-05-05 11:30:00	2146876	1969866	4116742	0.92
2023-05-05 12:00:00	2353882	2162777	4516659	0.92
2023-05-05 12:30:00	2552972	2334685	4887657	0.91
2023-05-05 13:00:00	2795327	2544976	5340303	0.91
2023-05-05 13:30:00	3122571	2824835	5947406	0.9
2023-05-05 14:00:00	3490898	3103124	6594022	0.89
2023-05-05 14:30:00	3795577	3395793	7191370	0.89
2023-05-05 15:00:00	4194375	3898058	8092433	0.93
2023-05-05 15:15:00	4249049	4087934	8336983	0.96
2023-05-04 09:00:00	454526	436316	890842	0.96
2023-05-04 09:30:00	976238	787304	1763542	0.81
2023-05-04 10:00:00	1336685	1126568	2463253	0.84
2023-05-04 10:30:00	1980279	1335924	3316203	0.67
2023-05-04 11:00:00	2219733	1526685	3746418	0.69
2023-05-04 11:30:00	2448993	1776215	4225208	0.73
2023-05-04 12:00:00	2639326	1921494	4560820	0.73
2023-05-04 12:30:00	2799472	2113724	4913196	0.76
2023-05-04 13:00:00	2968077	2250271	5218348	0.76
2023-05-04 13:30:00	3127778	2367432	5495210	0.76
2023-05-04 14:00:00	3264829	2523243	5788072	0.77
2023-05-04 14:30:00	3461953	2736556	6198509	0.79
2023-05-04 15:00:00	3750335	3113438	6863773	0.83
2023-05-04 15:15:00	3791736	3235858	7027594	0.85
2023-05-03 09:00:00	297644	229003	526647	0.77
2023-05-03 09:30:00	517836	402791	920627	0.78
2023-05-03 10:00:00	667402	535847	1203249	0.8
2023-05-03 10:30:00	825737	699289	1525026	0.85
2023-05-03 11:00:00	944082	809360	1753442	0.86
2023-05-03 11:30:00	1065037	896335	1961372	0.84
2023-05-03 12:00:00	1158459	977431	2135890	0.84
2023-05-03 12:30:00	1261624	1106178	2367802	0.88
2023-05-03 13:00:00	1368075	1295378	2663453	0.95
2023-05-03 13:30:00	1516401	1444702	2961103	0.95
2023-05-03 14:00:00	1688556	1648812	3337368	0.98
2023-05-03 14:30:00	1918799	1920962	3839761	1.0
2023-05-03 15:00:00	2257446	2483906	4741352	1.1
2023-05-03 15:15:00	2310429	2685027	4995456	1.16
2023-05-02 09:00:00	414219	326532	740751	0.79
2023-05-02 09:30:00	788958	783453	1572411	0.99
2023-05-02 10:00:00	1147903	1147000	2294903	1.0
2023-05-02 10:30:00	1473455	1436789	2910244	0.98
2023-05-02 11:00:00	1732373	1678135	3410508	0.97
2023-05-02 11:30:00	1875466	1830768	3706234	0.98
2023-05-02 12:00:00	2060759	1954808	4015567	0.95
2023-05-02 12:30:00	2170683	2086832	4257515	0.96
2023-05-02 13:00:00	2308272	2185395	4493667	0.95
2023-05-02 13:30:00	2486565	2359288	4845853	0.95
2023-05-02 14:00:00	2613149	2544364	5157513	0.97
2023-05-02 14:30:00	2751493	2713032	5464525	0.99
2023-05-02 15:00:00	2950731	2961082	5911813	1.0
2023-05-02 15:15:00	2982057	3017103	5999160	1.01
2023-05-01 09:00:00	408167	309628	717795	0.76
2023-05-01 09:30:00	652243	573992	1226235	0.88
2023-05-01 10:00:00	911184	773495	1684679	0.85
2023-05-01 10:30:00	1143467	1015198	2158665	0.89
2023-05-01 11:00:00	1274142	1177722	2451864	0.92
2023-05-01 11:30:00	1401670	1283537	2685207	0.92
2023-05-01 12:00:00	1531531	1421482	2953013	0.93
2023-05-01 12:30:00	1677295	1507981	3185276	0.9
2023-05-01 13:00:00	1779550	1615007	3394557	0.91
2023-05-01 13:30:00	1903535	1717365	3620900	0.9
2023-05-01 14:00:00	2041480	1845189	3886669	0.9
2023-05-01 14:30:00	2160956	1968840	4129796	0.91
2023-05-01 15:00:00	2372511	2238761	4611272	0.94
2023-05-01 15:15:00	2409523	2342673	4752196	0.97
2023-04-28 09:00:00	499051	424477	923528	0.85
2023-04-28 09:30:00	1018140	874003	1892143	0.86
2023-04-28 10:00:00	1425511	1320653	2746164	0.93
2023-04-28 10:30:00	1688913	1561593	3250506	0.92
2023-04-28 11:00:00	1930309	1820946	3751255	0.94
2023-04-28 11:30:00	2231243	2057942	4289185	0.92
2023-04-28 12:00:00	2440974	2285342	4726316	0.94
2023-04-28 12:30:00	2621650	2469912	5091562	0.94
2023-04-28 13:00:00	2824642	2644744	5469386	0.94
2023-04-28 13:30:00	3011734	2836683	5848417	0.94
2023-04-28 14:00:00	3264509	3092715	6357224	0.95
2023-04-28 14:30:00	3575352	3407677	6983029	0.95
2023-04-28 15:00:00	3937784	3785711	7723495	0.96
2023-04-28 15:15:00	4057326	4001232	8058558	0.99
2023-04-27 09:00:00	394153	350459	744612	0.89
2023-04-27 09:30:00	661051	591792	1252843	0.9
2023-04-27 10:00:00	886700	845752	1732452	0.95
2023-04-27 10:30:00	1087057	1053612	2140669	0.97
2023-04-27 11:00:00	1272122	1193169	2465291	0.94
2023-04-27 11:30:00	1422229	1333811	2756040	0.94
2023-04-27 12:00:00	1597297	1459646	3056943	0.91
2023-04-27 12:30:00	1723963	1593566	3317529	0.92
2023-04-27 13:00:00	1910277	1755455	3665732	0.92
2023-04-27 13:30:00	2098240	1941705	4039945	0.93
2023-04-27 14:00:00	2308643	2180639	4489282	0.94
2023-04-27 14:30:00	2514219	2415103	4929322	0.96
2023-04-27 15:00:00	2862515	2752136	5614651	0.96
2023-04-27 15:15:00	2939594	2925117	5864711	1.0
2023-04-26 09:00:00	359016	331504	690520	0.92
2023-04-26 09:30:00	681913	624848	1306761	0.92
2023-04-26 10:00:00	904285	814783	1719068	0.9
2023-04-26 10:30:00	1090102	998167	2088269	0.92
2023-04-26 11:00:00	1243304	1166018	2409322	0.94
2023-04-26 11:30:00	1375738	1280742	2656480	0.93
2023-04-26 12:00:00	1479629	1390007	2869636	0.94
2023-04-26 12:30:00	1592505	1499023	3091528	0.94
2023-04-26 13:00:00	1755081	1626220	3381301	0.93
2023-04-26 13:30:00	1891992	1785994	3677986	0.94
2023-04-26 14:00:00	2047373	1940234	3987607	0.95
2023-04-26 14:30:00	2221738	2122042	4343780	0.96
2023-04-26 15:00:00	2480623	2448283	4928906	0.99
2023-04-26 15:15:00	2521583	2626238	5147821	1.04
2023-04-25 09:00:00	320807	317214	638021	0.99
2023-04-25 09:30:00	585786	586124	1171910	1.0
2023-04-25 10:00:00	815007	792710	1607717	0.97
2023-04-25 10:30:00	1052583	964088	2016671	0.92
2023-04-25 11:00:00	1199013	1112585	2311598	0.93
2023-04-25 11:30:00	1357999	1239569	2597568	0.91
2023-04-25 12:00:00	1511160	1412131	2923291	0.93
2023-04-25 12:30:00	1746638	1639660	3386298	0.94
2023-04-25 13:00:00	1916815	1844816	3761631	0.96
2023-04-25 13:30:00	2113997	2090147	4204144	0.99
2023-04-25 14:00:00	2343197	2245040	4588237	0.96
2023-04-25 14:30:00	2531208	2429339	4960547	0.96
2023-04-25 15:00:00	2810326	2771811	5582137	0.99
2023-04-25 15:15:00	2882308	2866910	5749218	0.99
2023-04-24 09:00:00	309597	261723	571320	0.85
2023-04-24 09:30:00	546411	428205	974616	0.78
2023-04-24 10:00:00	744629	656871	1401500	0.88
2023-04-24 10:30:00	908696	841023	1749719	0.93
2023-04-24 11:00:00	1038787	959745	1998532	0.92
2023-04-24 11:30:00	1160964	1123989	2284953	0.97
2023-04-24 12:00:00	1279343	1227594	2506937	0.96
2023-04-24 12:30:00	1447802	1340342	2788144	0.93
2023-04-24 13:00:00	1561031	1449172	3010203	0.93
2023-04-24 13:30:00	1676049	1550948	3226997	0.93
2023-04-24 14:00:00	1781855	1633917	3415772	0.92
2023-04-24 14:30:00	2024200	1793925	3818125	0.89
2023-04-24 15:00:00	2227459	2043783	4271242	0.92
2023-04-24 15:15:00	2279143	2120711	4399854	0.93
2023-04-21 09:00:00	458307	471303	929610	1.03
2023-04-21 09:30:00	874532	824797	1699329	0.94
2023-04-21 10:00:00	1238749	1137584	2376333	0.92
2023-04-21 10:30:00	1531649	1375986	2907635	0.9
2023-04-21 11:00:00	1727827	1563712	3291539	0.91
2023-04-21 11:30:00	2019605	1735139	3754744	0.86
2023-04-21 12:00:00	2160455	1881051	4041506	0.87
2023-04-21 12:30:00	2322229	2034946	4357175	0.88
2023-04-21 13:00:00	2538328	2232124	4770452	0.88
2023-04-21 13:30:00	2730930	2411489	5142419	0.88
2023-04-21 14:00:00	2909559	2609056	5518615	0.9
2023-04-21 14:30:00	3149650	2841972	5991622	0.9
2023-04-21 15:00:00	3474585	3172291	6646876	0.91
2023-04-21 15:15:00	3552598	3320518	6873116	0.93
2023-04-20 09:00:00	481685	411914	893599	0.86
2023-04-20 09:30:00	735086	695837	1430923	0.95
2023-04-20 10:00:00	937340	876859	1814199	0.94
2023-04-20 10:30:00	1110699	1035950	2146649	0.93
2023-04-20 11:00:00	1284994	1178327	2463321	0.92
2023-04-20 11:30:00	1584658	1328315	2912973	0.84
2023-04-20 12:00:00	1727664	1442508	3170172	0.83
2023-04-20 12:30:00	1869082	1691560	3560642	0.91
2023-04-20 13:00:00	1995372	1847483	3842855	0.93
2023-04-20 13:30:00	2123368	1988855	4112223	0.94
2023-04-20 14:00:00	2369373	2186371	4555744	0.92
2023-04-20 14:30:00	2679206	2523429	5202635	0.94
2023-04-20 15:00:00	2941357	2848005	5789362	0.97
2023-04-20 15:15:00	2991773	2968159	5959932	0.99
2023-04-19 09:00:00	481064	440506	921570	0.92
2023-04-19 09:30:00	682127	645853	1327980	0.95
2023-04-19 10:00:00	900968	822554	1723522	0.91
2023-04-19 10:30:00	1215714	1037203	2252917	0.85
2023-04-19 11:00:00	1386838	1262795	2649633	0.91
2023-04-19 11:30:00	1661261	1488137	3149398	0.9
2023-04-19 12:00:00	1834968	1647169	3482137	0.9
2023-04-19 12:30:00	1979255	1797313	3776568	0.91
2023-04-19 13:00:00	2103935	1937804	4041739	0.92
2023-04-19 13:30:00	2270311	2073095	4343406	0.91
2023-04-19 14:00:00	2373614	2234241	4607855	0.94
2023-04-19 14:30:00	2574445	2403431	4977876	0.93
2023-04-19 15:00:00	2913575	2825453	5739028	0.97
2023-04-19 15:15:00	2953838	3011234	5965072	1.02
2023-04-18 09:00:00	408519	329882	738401	0.81
2023-04-18 09:30:00	750931	645203	1396134	0.86
2023-04-18 10:00:00	968837	868149	1836986	0.9
2023-04-18 10:30:00	1158173	1021878	2180051	0.88
2023-04-18 11:00:00	1307632	1148016	2455648	0.88
2023-04-18 11:30:00	1467711	1283023	2750734	0.87
2023-04-18 12:00:00	1603433	1413852	3017285	0.88
2023-04-18 12:30:00	1726351	1530821	3257172	0.89
2023-04-18 13:00:00	1858705	1657124	3515829	0.89
2023-04-18 13:30:00	1972262	1777295	3749557	0.9
2023-04-18 14:00:00	2128981	1937020	4066001	0.91
2023-04-18 14:30:00	2361109	2099801	4460910	0.89
2023-04-18 15:00:00	2773308	2433512	5206820	0.88
2023-04-18 15:15:00	2818310	2557949	5376259	0.91
2023-04-17 09:00:00	367040	330213	697253	0.9
2023-04-17 09:30:00	585072	593335	1178407	1.01
2023-04-17 10:00:00	793826	809908	1603734	1.02
2023-04-17 10:30:00	940636	978539	1919175	1.04
2023-04-17 11:00:00	1082720	1112457	2195177	1.03
2023-04-17 11:30:00	1185922	1199161	2385083	1.01
2023-04-17 12:00:00	1309474	1329395	2638869	1.02
2023-04-17 12:30:00	1415381	1420100	2835481	1.0
2023-04-17 13:00:00	1504718	1548548	3053266	1.03
2023-04-17 13:30:00	1597678	1675996	3273674	1.05
2023-04-17 14:00:00	1730473	1833915	3564388	1.06
2023-04-17 14:30:00	1964221	1997165	3961386	1.02
2023-04-17 15:00:00	2243880	2329493	4573373	1.04
2023-04-17 15:15:00	2303433	2497933	4801366	1.08
2023-04-14 09:00:00	649982	500777	1150759	0.77
2023-04-14 09:30:00	1086358	906722	1993080	0.83
2023-04-14 10:00:00	1499165	1203755	2702920	0.8
2023-04-14 10:30:00	1739084	1413670	3152754	0.81
2023-04-14 11:00:00	1977991	1613666	3591657	0.82
2023-04-14 11:30:00	2232815	1810362	4043177	0.81
2023-04-14 12:00:00	2428804	2003845	4432649	0.83
2023-04-14 12:30:00	2622734	2195593	4818327	0.84
2023-04-14 13:00:00	2816565	2402644	5219209	0.85
2023-04-14 13:30:00	3021148	2596780	5617928	0.86
2023-04-14 14:00:00	3239134	2825725	6064859	0.87
2023-04-14 14:30:00	3517555	3118162	6635717	0.89
2023-04-14 15:00:00	3880743	3488380	7369123	0.9
2023-04-14 15:15:00	3981098	3666943	7648041	0.92
2023-04-13 09:00:00	375557	244361	619918	0.65
2023-04-13 09:30:00	876410	445930	1322340	0.51
2023-04-13 10:00:00	1114193	648203	1762396	0.58
2023-04-13 10:30:00	1328583	800697	2129280	0.6
2023-04-13 11:00:00	1480268	960656	2440924	0.65
2023-04-13 11:30:00	1619596	1098734	2718330	0.68
2023-04-13 12:00:00	1761195	1232381	2993576	0.7
2023-04-13 12:30:00	1887114	1346021	3233135	0.71
2023-04-13 13:00:00	2057876	1485416	3543292	0.72
2023-04-13 13:30:00	2252375	1680410	3932785	0.75
2023-04-13 14:00:00	2468413	1844067	4312480	0.75
2023-04-13 14:30:00	2688911	2047963	4736874	0.76
2023-04-13 15:00:00	2972772	2424628	5397400	0.82
2023-04-13 15:15:00	3016668	2626165	5642833	0.87
2023-04-12 09:00:00	385595	281582	667177	0.73
2023-04-12 09:30:00	639047	463334	1102381	0.73
2023-04-12 10:00:00	879704	696638	1576342	0.79
2023-04-12 10:30:00	1068307	910566	1978873	0.85
2023-04-12 11:00:00	1233175	1030568	2263743	0.84
2023-04-12 11:30:00	1337645	1138239	2475884	0.85
2023-04-12 12:00:00	1416696	1228982	2645678	0.87
2023-04-12 12:30:00	1516145	1309353	2825498	0.86
2023-04-12 13:00:00	1633276	1419892	3053168	0.87
2023-04-12 13:30:00	1771301	1570146	3341447	0.89
2023-04-12 14:00:00	1943654	1731024	3674678	0.89
2023-04-12 14:30:00	2176165	1902758	4078923	0.87
2023-04-12 15:00:00	2432141	2235301	4667442	0.92
2023-04-12 15:15:00	2481236	2415791	4897027	0.97
2023-04-11 09:00:00	308312	233995	542307	0.76
2023-04-11 09:30:00	553825	446170	999995	0.81
2023-04-11 10:00:00	718592	632257	1350849	0.88
2023-04-11 10:30:00	896651	754424	1651075	0.84
2023-04-11 11:00:00	1052533	845671	1898204	0.8
2023-04-11 11:30:00	1169065	969206	2138271	0.83
2023-04-11 12:00:00	1323976	1096656	2420632	0.83
2023-04-11 12:30:00	1457371	1300670	2758041	0.89
2023-04-11 13:00:00	1567559	1384548	2952107	0.88
2023-04-11 13:30:00	1684306	1505733	3190039	0.89
2023-04-11 14:00:00	1811033	1608178	3419211	0.89
2023-04-11 14:30:00	1938217	1878670	3816887	0.97
2023-04-11 15:00:00	2238523	2228689	4467212	1.0
2023-04-11 15:15:00	2282263	2342900	4625163	1.03
2023-04-10 09:00:00	373979	301363	675342	0.81
2023-04-10 09:30:00	591470	445657	1037127	0.75
2023-04-10 10:00:00	799984	587910	1387894	0.73
2023-04-10 10:30:00	918416	779618	1698034	0.85
2023-04-10 11:00:00	1043605	910098	1953703	0.87
2023-04-10 11:30:00	1143772	1027940	2171712	0.9
2023-04-10 12:00:00	1282153	1132071	2414224	0.88
2023-04-10 12:30:00	1388780	1265612	2654392	0.91
2023-04-10 13:00:00	1465282	1376227	2841509	0.94
2023-04-10 13:30:00	1570975	1460874	3031849	0.93
2023-04-10 14:00:00	1662912	1566908	3229820	0.94
2023-04-10 14:30:00	1768569	1743889	3512458	0.99
2023-04-10 15:00:00	1950690	2009770	3960460	1.03
2023-04-10 15:15:00	1984573	2169201	4153774	1.09
2023-04-06 09:00:00	388274	455516	843790	1.17
2023-04-06 09:30:00	735624	756273	1491897	1.03
2023-04-06 10:00:00	987650	975947	1963597	0.99
2023-04-06 10:30:00	1187505	1167288	2354793	0.98
2023-04-06 11:00:00	1421953	1418098	2840051	1.0
2023-04-06 11:30:00	1659202	1612427	3271629	0.97
2023-04-06 12:00:00	1977622	1846645	3824267	0.93
2023-04-06 12:30:00	2201323	2070783	4272106	0.94
2023-04-06 13:00:00	2356982	2214864	4571846	0.94
2023-04-06 13:30:00	2607646	2424866	5032512	0.93
2023-04-06 14:00:00	2790959	2604259	5395218	0.93
2023-04-06 14:30:00	2984952	2821024	5805976	0.95
2023-04-06 15:00:00	3272426	3259269	6531695	1.0
2023-04-06 15:15:00	3301145	3337732	6638877	1.01
2023-04-05 09:00:00	297208	270787	567995	0.91
2023-04-05 09:30:00	572928	510996	1083924	0.89
2023-04-05 10:00:00	786727	742699	1529426	0.94
2023-04-05 10:30:00	952742	899912	1852654	0.94
2023-04-05 11:00:00	1237422	1068587	2306009	0.86
2023-04-05 11:30:00	1376706	1192576	2569282	0.87
2023-04-05 12:00:00	1505703	1299553	2805256	0.86
2023-04-05 12:30:00	1623118	1388907	3012025	0.86
2023-04-05 13:00:00	1717010	1475878	3192888	0.86
2023-04-05 13:30:00	1812107	1582787	3394894	0.87
2023-04-05 14:00:00	1929654	1703162	3632816	0.88
2023-04-05 14:30:00	2066961	1840148	3907109	0.89
2023-04-05 15:00:00	2289288	2160901	4450189	0.94
2023-04-05 15:15:00	2331026	2229685	4560711	0.96
2023-04-04 09:00:00	353535	294836	648371	0.83
2023-04-04 09:30:00	611600	591109	1202709	0.97
2023-04-04 10:00:00	804580	835118	1639698	1.04
2023-04-04 10:30:00	1073553	1050739	2124292	0.98
2023-04-04 11:00:00	1256851	1208120	2464971	0.96
2023-04-04 11:30:00	1428975	1374000	2802975	0.96
2023-04-04 12:00:00	1546269	1498634	3044903	0.97
2023-04-04 12:30:00	1659889	1610750	3270639	0.97
2023-04-04 13:00:00	1748582	1719084	3467666	0.98
2023-04-04 13:30:00	1849837	1831826	3681663	0.99
2023-04-04 14:00:00	1993414	1940877	3934291	0.97
2023-04-04 14:30:00	2213015	2465120	4678135	1.11
2023-04-04 15:00:00	2404334	2683037	5087371	1.12
2023-04-04 15:15:00	2440341	2738072	5178413	1.12
2023-04-03 09:00:00	459777	352335	812112	0.77
2023-04-03 09:30:00	802588	564742	1367330	0.7
2023-04-03 10:00:00	1042939	853036	1895975	0.82
2023-04-03 10:30:00	1284039	1049155	2333194	0.82
2023-04-03 11:00:00	1460291	1231671	2691962	0.84
2023-04-03 11:30:00	1623223	1360190	2983413	0.84
2023-04-03 12:00:00	1718518	1480262	3198780	0.86
2023-04-03 12:30:00	1813826	1592718	3406544	0.88
2023-04-03 13:00:00	1997842	1730904	3728746	0.87
2023-04-03 13:30:00	2137400	1839994	3977394	0.86
2023-04-03 14:00:00	2287019	1979940	4266959	0.87
2023-04-03 14:30:00	2477108	2118563	4595671	0.86
2023-04-03 15:00:00	2711480	2438479	5149959	0.9
2023-04-03 15:15:00	2761751	2525120	5286871	0.91
2023-03-31 09:00:00	518743	472653	991396	0.91
2023-03-31 09:30:00	851780	788749	1640529	0.93
2023-03-31 10:00:00	1131034	1060822	2191856	0.94
2023-03-31 10:30:00	1423939	1435650	2859589	1.01
2023-03-31 11:00:00	1745266	1681674	3426940	0.96
2023-03-31 11:30:00	2006608	1946146	3952754	0.97
2023-03-31 12:00:00	2228629	2181157	4409786	0.98
2023-03-31 12:30:00	2434263	2390279	4824542	0.98
2023-03-31 13:00:00	2661009	2596695	5257704	0.98
2023-03-31 13:30:00	2895887	2840322	5736209	0.98
2023-03-31 14:00:00	3179002	3154943	6333945	0.99
2023-03-31 14:30:00	3600707	3529091	7129798	0.98
2023-03-31 15:00:00	4094131	4132839	8226970	1.01
2023-03-31 15:15:00	4275863	4438194	8714057	1.04
2023-03-30 09:00:00	449670	343432	793102	0.76
2023-03-30 09:30:00	778979	606212	1385191	0.78
2023-03-30 10:00:00	997621	817260	1814881	0.82
2023-03-30 10:30:00	1179294	1022363	2201657	0.87
2023-03-30 11:00:00	1320254	1178255	2498509	0.89
2023-03-30 11:30:00	1474198	1340039	2814237	0.91
2023-03-30 12:00:00	1625384	1480415	3105799	0.91
2023-03-30 12:30:00	1739454	1571933	3311387	0.9
2023-03-30 13:00:00	1886465	1704546	3591011	0.9
2023-03-30 13:30:00	2009153	1809460	3818613	0.9
2023-03-30 14:00:00	2145664	1948849	4094513	0.91
2023-03-30 14:30:00	2303634	2069229	4372863	0.9
2023-03-30 15:00:00	2630161	2354037	4984198	0.9
2023-03-30 15:15:00	2687835	2416451	5104286	0.9
2023-03-29 09:00:00	416315	375114	791429	0.9
2023-03-29 09:30:00	724079	659179	1383258	0.91
2023-03-29 10:00:00	918579	813223	1731802	0.89
2023-03-29 10:30:00	1094446	921550	2015996	0.84
2023-03-29 11:00:00	1250731	1041403	2292134	0.83
2023-03-29 11:30:00	1364809	1148651	2513460	0.84
2023-03-29 12:00:00	1479919	1291715	2771634	0.87
2023-03-29 12:30:00	1609847	1395512	3005359	0.87
2023-03-29 13:00:00	1721693	1512277	3233970	0.88
2023-03-29 13:30:00	1811820	1603250	3415070	0.88
2023-03-29 14:00:00	1971041	1731075	3702116	0.88
2023-03-29 14:30:00	2241275	2127561	4368836	0.95
2023-03-29 15:00:00	2488210	2378385	4866595	0.96
2023-03-29 15:15:00	2544691	2452976	4997667	0.96
2023-03-28 09:00:00	293877	254869	548746	0.87
2023-03-28 09:30:00	489889	425466	915355	0.87
2023-03-28 10:00:00	698305	600083	1298388	0.86
2023-03-28 10:30:00	838760	771043	1609803	0.92
2023-03-28 11:00:00	953078	918789	1871867	0.96
2023-03-28 11:30:00	1050134	1049623	2099757	1.0
2023-03-28 12:00:00	1167079	1157268	2324347	0.99
2023-03-28 12:30:00	1278666	1250076	2528742	0.98
2023-03-28 13:00:00	1435672	1399949	2835621	0.98
2023-03-28 13:30:00	1540091	1632545	3172636	1.06
2023-03-28 14:00:00	1648116	1780467	3428583	1.08
2023-03-28 14:30:00	1791721	1883462	3675183	1.05
2023-03-28 15:00:00	2020250	2116932	4137182	1.05
2023-03-28 15:15:00	2090173	2222109	4312282	1.06
2023-03-27 09:00:00	340679	297552	638231	0.87
2023-03-27 09:30:00	549905	495846	1045751	0.9
2023-03-27 10:00:00	732002	636748	1368750	0.87
2023-03-27 10:30:00	889348	789211	1678559	0.89
2023-03-27 11:00:00	1044599	916155	1960754	0.88
2023-03-27 11:30:00	1180750	1027084	2207834	0.87
2023-03-27 12:00:00	1291384	1138552	2429936	0.88
2023-03-27 12:30:00	1380455	1234314	2614769	0.89
2023-03-27 13:00:00	1581032	1336124	2917156	0.85
2023-03-27 13:30:00	1704505	1428701	3133206	0.84
2023-03-27 14:00:00	1855035	1575634	3430669	0.85
2023-03-27 14:30:00	2020653	1727686	3748339	0.86
2023-03-27 15:00:00	2237759	2001328	4239087	0.89
2023-03-27 15:15:00	2270727	2096257	4366984	0.92
2023-03-24 09:00:00	520250	554805	1075055	1.07
2023-03-24 09:30:00	856672	953569	1810241	1.11
2023-03-24 10:00:00	1105353	1211731	2317084	1.1
2023-03-24 10:30:00	1360457	1483270	2843727	1.09
2023-03-24 11:00:00	1617449	1727691	3345140	1.07
2023-03-24 11:30:00	1815829	1954550	3770379	1.08
2023-03-24 12:00:00	2007681	2149956	4157637	1.07
2023-03-24 12:30:00	2172710	2320895	4493605	1.07
2023-03-24 13:00:00	2344660	2512311	4856971	1.07
2023-03-24 13:30:00	2512404	2691085	5203489	1.07
2023-03-24 14:00:00	2708163	2904286	5612449	1.07
2023-03-24 14:30:00	2953900	3187217	6141117	1.08
2023-03-24 15:00:00	3284217	3578866	6863083	1.09
2023-03-24 15:15:00	3338654	3666314	7004968	1.1
2023-03-23 09:00:00	297846	271603	569449	0.91
2023-03-23 09:30:00	551301	520986	1072287	0.95
2023-03-23 10:00:00	752130	731680	1483810	0.97
2023-03-23 10:30:00	1008741	928905	1937646	0.92
2023-03-23 11:00:00	1224055	1103355	2327410	0.9
2023-03-23 11:30:00	1360861	1219415	2580276	0.9
2023-03-23 12:00:00	1492655	1409270	2901925	0.94
2023-03-23 12:30:00	1644146	1575974	3220120	0.96
2023-03-23 13:00:00	1798958	1710764	3509722	0.95
2023-03-23 13:30:00	1988681	1912653	3901334	0.96
2023-03-23 14:00:00	2268554	2195935	4464489	0.97
2023-03-23 14:30:00	2447278	2436748	4884026	1.0
2023-03-23 15:00:00	2674566	2722689	5397255	1.02
2023-03-23 15:15:00	2705989	2821613	5527602	1.04
2023-03-22 09:00:00	472164	354518	826682	0.75
2023-03-22 09:30:00	736720	552520	1289240	0.75
2023-03-22 10:00:00	989133	746350	1735483	0.75
2023-03-22 10:30:00	1156785	931326	2088111	0.81
2023-03-22 11:00:00	1339174	1024693	2363867	0.77
2023-03-22 11:30:00	1490677	1143453	2634130	0.77
2023-03-22 12:00:00	1640068	1245639	2885707	0.76
2023-03-22 12:30:00	1757003	1363983	3120986	0.78
2023-03-22 13:00:00	1892934	1459671	3352605	0.77
2023-03-22 13:30:00	2111696	1651038	3762734	0.78
2023-03-22 14:00:00	2378467	1928310	4306777	0.81
2023-03-22 14:30:00	2691486	2244803	4936289	0.83
2023-03-22 15:00:00	3018220	2594243	5612463	0.86
2023-03-22 15:15:00	3086973	2698623	5785596	0.87
2023-03-21 09:00:00	457193	433332	890525	0.95
2023-03-21 09:30:00	732236	706877	1439113	0.97
2023-03-21 10:00:00	953179	960952	1914131	1.01
2023-03-21 10:30:00	1145115	1161842	2306957	1.01
2023-03-21 11:00:00	1321517	1348888	2670405	1.02
2023-03-21 11:30:00	1473297	1455336	2928633	0.99
2023-03-21 12:00:00	1618180	1568112	3186292	0.97
2023-03-21 12:30:00	1769698	1768207	3537905	1.0
2023-03-21 13:00:00	1943048	1944026	3887074	1.0
2023-03-21 13:30:00	2142669	2085601	4228270	0.97
2023-03-21 14:00:00	2334522	2234413	4568935	0.96
2023-03-21 14:30:00	2523813	2494143	5017956	0.99
2023-03-21 15:00:00	2825830	2817750	5643580	1.0
2023-03-21 15:15:00	2884733	2924163	5808896	1.01
2023-03-20 09:00:00	506074	341818	847892	0.68
2023-03-20 09:30:00	811696	581449	1393145	0.72
2023-03-20 10:00:00	1131468	767214	1898682	0.68
2023-03-20 10:30:00	1371503	969775	2341278	0.71
2023-03-20 11:00:00	1528649	1104872	2633521	0.72
2023-03-20 11:30:00	1916263	1275440	3191703	0.67
2023-03-20 12:00:00	2060322	1375259	3435581	0.67
2023-03-20 12:30:00	2226583	1488166	3714749	0.67
2023-03-20 13:00:00	2376287	1610521	3986808	0.68
2023-03-20 13:30:00	2534310	1724813	4259123	0.68
2023-03-20 14:00:00	2654738	1867242	4521980	0.7
2023-03-20 14:30:00	2820917	2032564	4853481	0.72
2023-03-20 15:00:00	3038408	2279858	5318266	0.75
2023-03-20 15:15:00	3075796	2336784	5412580	0.76
2023-03-17 09:00:00	484301	501841	986142	1.04
2023-03-17 09:30:00	881880	880409	1762289	1.0
2023-03-17 10:00:00	1240507	1258210	2498717	1.01
2023-03-17 10:30:00	1539997	1571637	3111634	1.02
2023-03-17 11:00:00	1816850	1942207	3759057	1.07
2023-03-17 11:30:00	2047602	2153046	4200648	1.05
2023-03-17 12:00:00	2298170	2386428	4684598	1.04
2023-03-17 12:30:00	2515577	2563781	5079358	1.02
2023-03-17 13:00:00	2715733	2760136	5475869	1.02
2023-03-17 13:30:00	3030663	3033169	6063832	1.0
2023-03-17 14:00:00	3269167	3286895	6556062	1.01
2023-03-17 14:30:00	3544112	3568265	7112377	1.01
2023-03-17 15:00:00	3923331	3973437	7896768	1.01
2023-03-17 15:15:00	3980343	4051570	8031913	1.02
2023-03-16 09:00:00	358495	343803	702298	0.96
2023-03-16 09:30:00	624324	612952	1237276	0.98
2023-03-16 10:00:00	957170	902912	1860082	0.94
2023-03-16 10:30:00	1302259	1189346	2491605	0.91
2023-03-16 11:00:00	1632737	1427413	3060150	0.87
2023-03-16 11:30:00	1851178	1687619	3538797	0.91
2023-03-16 12:00:00	2046487	1886905	3933392	0.92
2023-03-16 12:30:00	2349999	2125618	4475617	0.9
2023-03-16 13:00:00	2523682	2295649	4819331	0.91
2023-03-16 13:30:00	2667646	2454878	5122524	0.92
2023-03-16 14:00:00	2822928	2645252	5468180	0.94
2023-03-16 14:30:00	3033514	2884522	5918036	0.95
2023-03-16 15:00:00	3374227	3261790	6636017	0.97
2023-03-16 15:15:00	3436125	3366885	6803010	0.98
2023-03-15 09:00:00	390696	413520	804216	1.06
2023-03-15 09:30:00	718675	683017	1401692	0.95
2023-03-15 10:00:00	995085	967951	1963036	0.97
2023-03-15 10:30:00	1329254	1189945	2519199	0.9
2023-03-15 11:00:00	1508106	1398148	2906254	0.93
2023-03-15 11:30:00	1737337	1668359	3405696	0.96
2023-03-15 12:00:00	1972653	1901910	3874563	0.96
2023-03-15 12:30:00	2156166	2095861	4252027	0.97
2023-03-15 13:00:00	2309596	2268951	4578547	0.98
2023-03-15 13:30:00	2503096	2481963	4985059	0.99
2023-03-15 14:00:00	2711001	2688292	5399293	0.99
2023-03-15 14:30:00	2938382	2871506	5809888	0.98
2023-03-15 15:00:00	3217121	3179705	6396826	0.99
2023-03-15 15:15:00	3288889	3295577	6584466	1.0
2023-03-14 09:00:00	496006	391089	887095	0.79
2023-03-14 09:30:00	744261	630916	1375177	0.85
2023-03-14 10:00:00	1072029	907218	1979247	0.85
2023-03-14 10:30:00	1312441	1156132	2468573	0.88
2023-03-14 11:00:00	1524787	1392230	2917017	0.91
2023-03-14 11:30:00	1694862	1606611	3301473	0.95
2023-03-14 12:00:00	1854866	1754211	3609077	0.95
2023-03-14 12:30:00	2015476	1963226	3978702	0.97
2023-03-14 13:00:00	2214938	2127640	4342578	0.96
2023-03-14 13:30:00	2351633	2305928	4657561	0.98
2023-03-14 14:00:00	2505618	2458950	4964568	0.98
2023-03-14 14:30:00	2718709	2702552	5421261	0.99
2023-03-14 15:00:00	2993845	3053677	6047522	1.02
2023-03-14 15:15:00	3044429	3116190	6160619	1.02
2023-03-13 09:00:00	511915	578079	1089994	1.13
2023-03-13 09:30:00	957395	909579	1866974	0.95
2023-03-13 10:00:00	1213670	1177836	2391506	0.97
2023-03-13 10:30:00	1496571	1551935	3048506	1.04
2023-03-13 11:00:00	1723829	1768621	3492450	1.03
2023-03-13 11:30:00	1882187	1989212	3871399	1.06
2023-03-13 12:00:00	2075632	2172114	4247746	1.05
2023-03-13 12:30:00	2269717	2323031	4592748	1.02
2023-03-13 13:00:00	2475724	2579738	5055462	1.04
2023-03-13 13:30:00	2652009	2749930	5401939	1.04
2023-03-13 14:00:00	2913143	2894488	5807631	0.99
2023-03-13 14:30:00	3100020	3106032	6206052	1.0
2023-03-13 15:00:00	3344992	3391412	6736404	1.01
2023-03-13 15:15:00	3402630	3485099	6887729	1.02
2023-03-10 09:00:00	621291	813520	1434811	1.31
2023-03-10 09:30:00	1204968	1324108	2529076	1.1
2023-03-10 10:00:00	1671379	1828305	3499684	1.09
2023-03-10 10:30:00	2000512	2195867	4196379	1.1
2023-03-10 11:00:00	2418063	2713892	5131955	1.12
2023-03-10 11:30:00	2679262	3012645	5691907	1.12
2023-03-10 12:00:00	2941512	3353809	6295321	1.14
2023-03-10 12:30:00	3297481	3820428	7117909	1.16
2023-03-10 13:00:00	3683873	4459161	8143034	1.21
2023-03-10 13:30:00	4126091	5015968	9142059	1.22
2023-03-10 14:00:00	4435876	5437234	9873110	1.23
2023-03-10 14:30:00	4708776	5751218	10459994	1.22
2023-03-10 15:00:00	5082097	6263192	11345289	1.23
2023-03-10 15:15:00	5187030	6464338	11651368	1.25
2023-03-09 09:00:00	382046	290209	672255	0.76
2023-03-09 09:30:00	609049	479549	1088598	0.79
2023-03-09 10:00:00	771080	643203	1414283	0.83
2023-03-09 10:30:00	922153	789484	1711637	0.86
2023-03-09 11:00:00	1072398	914442	1986840	0.85
2023-03-09 11:30:00	1224788	1105860	2330648	0.9
2023-03-09 12:00:00	1339907	1238657	2578564	0.92
2023-03-09 12:30:00	1505927	1420567	2926494	0.94
2023-03-09 13:00:00	1762161	1705738	3467899	0.97
2023-03-09 13:30:00	2057475	1954396	4011871	0.95
2023-03-09 14:00:00	2304866	2162593	4467459	0.94
2023-03-09 14:30:00	2685633	2573151	5258784	0.96
2023-03-09 15:00:00	3101475	3038470	6139945	0.98
2023-03-09 15:15:00	3187454	3152050	6339504	0.99
2023-03-08 09:00:00	354974	333270	688244	0.94
2023-03-08 09:30:00	666458	690803	1357261	1.04
2023-03-08 10:00:00	896439	901947	1798386	1.01
2023-03-08 10:30:00	1105358	1099213	2204571	0.99
2023-03-08 11:00:00	1352941	1279927	2632868	0.95
2023-03-08 11:30:00	1505651	1422514	2928165	0.94
2023-03-08 12:00:00	1653599	1623910	3277509	0.98
2023-03-08 12:30:00	1851469	1818086	3669555	0.98
2023-03-08 13:00:00	2006731	1964626	3971357	0.98
2023-03-08 13:30:00	2178994	2120586	4299580	0.97
2023-03-08 14:00:00	2411748	2380501	4792249	0.99
2023-03-08 14:30:00	2584547	2521909	5106456	0.98
2023-03-08 15:00:00	2906013	2847247	5753260	0.98
2023-03-08 15:15:00	2954513	2916241	5870754	0.99
2023-03-07 09:00:00	258930	249893	508823	0.97
2023-03-07 09:30:00	553841	547011	1100852	0.99
2023-03-07 10:00:00	813064	775140	1588204	0.95
2023-03-07 10:30:00	1453313	932880	2386193	0.64
2023-03-07 11:00:00	1621827	1072619	2694446	0.66
2023-03-07 11:30:00	1747503	1182126	2929629	0.68
2023-03-07 12:00:00	2368246	1777592	4145838	0.75
2023-03-07 12:30:00	1967732	1428891	3396623	0.73
2023-03-07 13:00:00	2132206	1691393	3823599	0.79
2023-03-07 13:30:00	2329458	1819675	4149133	0.78
2023-03-07 14:00:00	2480213	1958060	4438273	0.79
2023-03-07 14:30:00	2634048	2115756	4749804	0.8
2023-03-07 15:00:00	2834968	2350989	5185957	0.83
2023-03-07 15:15:00	2879005	2415181	5294186	0.84
2023-03-06 09:00:00	500642	482768	983410	0.96
2023-03-06 09:30:00	905591	852826	1758417	0.94
2023-03-06 10:00:00	1223854	1121456	2345310	0.92
2023-03-06 10:30:00	1493237	1340945	2834182	0.9
2023-03-06 11:00:00	1671937	1522241	3194178	0.91
2023-03-06 11:30:00	1874386	1680139	3554525	0.9
2023-03-06 12:00:00	2060558	1884619	3945177	0.91
2023-03-06 12:30:00	1688979	1488527	3177506	0.88
2023-03-06 13:00:00	1801342	1638660	3440002	0.91
2023-03-06 13:30:00	2542144	2382996	4925140	0.94
2023-03-06 14:00:00	2719273	2570419	5289692	0.95
2023-03-06 14:30:00	2904198	2807195	5711393	0.97
2023-03-06 15:00:00	3111576	3090119	6201695	0.99
2023-03-06 15:15:00	3149163	3153204	6302367	1.0
2023-03-03 09:00:00	769148	452297	1221445	0.59
2023-03-03 09:30:00	1183675	878892	2062567	0.74
2023-03-03 10:00:00	1470984	1189077	2660061	0.81
2023-03-03 10:30:00	1681858	1384020	3065878	0.82
2023-03-03 11:00:00	1906279	1595156	3501435	0.84
2023-03-03 11:30:00	2105124	1795899	3901023	0.85
2023-03-03 12:00:00	2314297	1986043	4300340	0.86
2023-03-03 12:30:00	2554680	2214052	4768732	0.87
2023-03-03 13:00:00	2703989	2386059	5090048	0.88
2023-03-03 13:30:00	2912370	2607039	5519409	0.9
2023-03-03 14:00:00	3133292	2815889	5949181	0.9
2023-03-03 14:30:00	3448063	3085031	6533094	0.89
2023-03-03 15:00:00	3836061	3453106	7289167	0.9
2023-03-03 15:15:00	3890581	3556970	7447551	0.91
2023-03-02 09:00:00	355297	334216	689513	0.94
2023-03-02 09:30:00	569422	559287	1128709	0.98
2023-03-02 10:00:00	710120	740006	1450126	1.04
2023-03-02 10:30:00	855463	875628	1731091	1.02
2023-03-02 11:00:00	1000429	1027455	2027884	1.03
2023-03-02 11:30:00	1111621	1143983	2255604	1.03
2023-03-02 12:00:00	1607934	1720213	3328147	1.07
2023-03-02 12:30:00	1336551	1361085	2697636	1.02
2023-03-02 13:00:00	1509003	1516606	3025609	1.01
2023-03-02 13:30:00	1699022	1705218	3404240	1.0
2023-03-02 14:00:00	1826374	1858973	3685347	1.02
2023-03-02 14:30:00	1976498	2063834	4040332	1.04
2023-03-02 15:00:00	2265437	2396914	4662351	1.06
2023-03-02 15:15:00	2299390	2479920	4779310	1.08
2023-03-01 09:00:00	334445	284982	619427	0.85
2023-03-01 09:30:00	801256	828444	1629700	1.03
2023-03-01 10:00:00	813792	769189	1582981	0.95
2023-03-01 10:30:00	1360939	1358080	2719019	1.0
2023-03-01 11:00:00	1156636	1103232	2259868	0.95
2023-03-01 11:30:00	1759297	1787437	3546734	1.02
2023-03-01 12:00:00	1367025	1528954	2895979	1.12
2023-03-01 12:30:00	1471802	1822806	3294608	1.24
2023-03-01 13:00:00	1564014	1926112	3490126	1.23
2023-03-01 13:30:00	1667388	2027168	3694556	1.22
2023-03-01 14:00:00	1822907	2157635	3980542	1.18
2023-03-01 14:30:00	2005162	2315233	4320395	1.15
2023-03-01 15:00:00	2246349	2547495	4793844	1.13
2023-03-01 15:15:00	2287993	2613644	4901637	1.14
2023-02-28 09:00:00	433307	417488	850795	0.96
2023-02-28 09:30:00	756313	706692	1463005	0.93
2023-02-28 10:00:00	970233	922415	1892648	0.95
2023-02-28 10:30:00	1300242	1209070	2509312	0.93
2023-02-28 11:00:00	1112014	998066	2110080	0.9
2023-02-28 11:30:00	1233689	1103719	2337408	0.89
2023-02-28 12:00:00	1358396	1247379	2605775	0.92
2023-02-28 12:30:00	1470223	1358938	2829161	0.92
2023-02-28 13:00:00	1583250	1446148	3029398	0.91
2023-02-28 13:30:00	1710186	1565118	3275304	0.92
2023-02-28 14:00:00	1820385	1731565	3551950	0.95
2023-02-28 14:30:00	1997178	1920084	3917262	0.96
2023-02-28 15:00:00	2265950	2176166	4442116	0.96
2023-02-28 15:15:00	2324965	2282480	4607445	0.98
2023-02-27 09:00:00	499340	463589	962929	0.93
2023-02-27 09:30:00	857182	847795	1704977	0.99
2023-02-27 10:00:00	1151196	1193104	2344300	1.04
2023-02-27 10:30:00	1001273	1025768	2027041	1.02
2023-02-27 11:00:00	1141266	1191988	2333254	1.04
2023-02-27 11:30:00	1236696	1304966	2541662	1.06
2023-02-27 12:00:00	1374290	1409336	2783626	1.03
2023-02-27 12:30:00	1472062	1486525	2958587	1.01
2023-02-27 13:00:00	1581789	1585402	3167191	1.0
2023-02-27 13:30:00	1698578	1722220	3420798	1.01
2023-02-27 14:00:00	1848142	1852485	3700627	1.0
2023-02-27 14:30:00	1993620	1998492	3992112	1.0
2023-02-27 15:00:00	2192505	2244683	4437188	1.02
2023-02-27 15:15:00	2265227	2333420	4598647	1.03
2023-02-24 09:00:00	536212	630583	1166795	1.18
2023-02-24 09:30:00	890398	1075411	1965809	1.21
2023-02-24 10:00:00	1180308	1352898	2533206	1.15
2023-02-24 10:30:00	1472701	1657667	3130368	1.13
2023-02-24 11:00:00	1713602	1954311	3667913	1.14
2023-02-24 11:30:00	1914509	2179495	4094004	1.14
2023-02-24 12:00:00	2091608	2370854	4462462	1.13
2023-02-24 12:30:00	2257823	2595500	4853323	1.15
2023-02-24 13:00:00	2444628	2772073	5216701	1.13
2023-02-24 13:30:00	2626989	2948489	5575478	1.12
2023-02-24 14:00:00	2856418	3155994	6012412	1.1
2023-02-24 14:30:00	3113295	3452439	6565734	1.11
2023-02-24 15:00:00	3519735	3875285	7395020	1.1
2023-02-24 15:15:00	3575026	3969188	7544214	1.11
2023-02-23 09:00:00	514063	512942	1027005	1.0
2023-02-23 09:30:00	826174	829173	1655347	1.0
2023-02-23 10:00:00	1113542	1146115	2259657	1.03
2023-02-23 10:30:00	1365478	1394285	2759763	1.02
2023-02-23 11:00:00	1624759	1663147	3287906	1.02
2023-02-23 11:30:00	1854958	1966290	3821248	1.06
2023-02-23 12:00:00	2085371	2142989	4228360	1.03
2023-02-23 12:30:00	2268512	2300927	4569439	1.01
2023-02-23 13:00:00	2470422	2487406	4957828	1.01
2023-02-23 13:30:00	2728135	2732695	5460830	1.0
2023-02-23 14:00:00	2221994	2168518	4390512	0.98
2023-02-23 14:30:00	3210850	3176253	6387103	0.99
2023-02-23 15:00:00	2667577	2673151	5340728	1.0
2023-02-23 15:15:00	3557046	3709077	7266123	1.04
2023-02-22 09:00:00	319338	273769	593107	0.86
2023-02-22 09:30:00	595455	541603	1137058	0.91
2023-02-22 10:00:00	1042761	961660	2004421	0.92
2023-02-22 10:30:00	1215044	1135162	2350206	0.93
2023-02-22 11:00:00	1343241	1280175	2623416	0.95
2023-02-22 11:30:00	1484308	1446667	2930975	0.97
2023-02-22 12:00:00	1256185	1204223	2460408	0.96
2023-02-22 12:30:00	1358708	1319652	2678360	0.97
2023-02-22 13:00:00	1462741	1585588	3048329	1.08
2023-02-22 13:30:00	1619132	1765942	3385074	1.09
2023-02-22 14:00:00	1778560	1961021	3739581	1.1
2023-02-22 14:30:00	1932429	2193608	4126037	1.14
2023-02-22 15:00:00	2150753	2461211	4611964	1.14
2023-02-22 15:15:00	2186701	2508102	4694803	1.15
2023-02-21 09:00:00	521314	539937	1061251	1.04
2023-02-21 09:30:00	982548	1018476	2001024	1.04
2023-02-21 10:00:00	1297475	1294546	2592021	1.0
2023-02-21 10:30:00	1531276	1555488	3086764	1.02
2023-02-21 11:00:00	1767602	1816616	3584218	1.03
2023-02-21 11:30:00	1542073	1552575	3094648	1.01
2023-02-21 12:00:00	1680333	1692119	3372452	1.01
2023-02-21 12:30:00	1803197	1797424	3600621	1.0
2023-02-21 13:00:00	1917113	1921950	3839063	1.0
2023-02-21 13:30:00	2041341	2123767	4165108	1.04
2023-02-21 14:00:00	2198477	2291146	4489623	1.04
2023-02-21 14:30:00	2356964	2455685	4812649	1.04
2023-02-21 15:00:00	2578275	2721214	5299489	1.06
2023-02-21 15:15:00	2633877	2789780	5423657	1.06
2023-02-17 09:00:00	651379	688002	1339381	1.06
2023-02-17 09:30:00	1003589	1116637	2120226	1.11
2023-02-17 10:00:00	1293481	1384646	2678127	1.07
2023-02-17 10:30:00	1544846	1676954	3221800	1.09
2023-02-17 11:00:00	1753641	1920975	3674616	1.1
2023-02-17 11:30:00	1941263	2093604	4034867	1.08
2023-02-17 12:00:00	2120936	2352898	4473834	1.11
2023-02-17 12:30:00	2277562	2522047	4799609	1.11
2023-02-17 13:00:00	2417537	2678397	5095934	1.11
2023-02-17 13:30:00	2630220	2892876	5523096	1.1
2023-02-17 14:00:00	2877239	3100402	5977641	1.08
2023-02-17 14:30:00	3133963	3354257	6488220	1.07
2023-02-17 15:00:00	3476191	3694008	7170199	1.06
2023-02-17 15:15:00	3526237	3781555	7307792	1.07
2023-02-16 09:00:00	578773	575455	1154228	0.99
2023-02-16 09:30:00	946283	909653	1855936	0.96
2023-02-16 10:00:00	1335137	1235225	2570362	0.93
2023-02-16 10:30:00	1732136	1439062	3171198	0.83
2023-02-16 11:00:00	1936458	1609061	3545519	0.83
2023-02-16 11:30:00	2145920	1821678	3967598	0.85
2023-02-16 12:00:00	2383412	2027077	4410489	0.85
2023-02-16 12:30:00	2562469	2179806	4742275	0.85
2023-02-16 13:00:00	2748246	2359452	5107698	0.86
2023-02-16 13:30:00	2912953	2503861	5416814	0.86
2023-02-16 14:00:00	3084556	2705309	5789865	0.88
2023-02-16 14:30:00	3642900	3120965	6763865	0.86
2023-02-16 15:00:00	4073273	3603081	7676354	0.88
2023-02-16 15:15:00	4131815	3699701	7831516	0.9
2023-02-15 09:00:00	513423	541790	1055213	1.06
2023-02-15 09:30:00	883371	815369	1698740	0.92
2023-02-15 10:00:00	1162264	1064461	2226725	0.92
2023-02-15 10:30:00	1299992	944457	2244449	0.73
2023-02-15 11:00:00	1499368	1134324	2633692	0.76
2023-02-15 11:30:00	1621929	1277421	2899350	0.79
2023-02-15 12:00:00	1772822	1402198	3175020	0.79
2023-02-15 12:30:00	1894311	1518864	3413175	0.8
2023-02-15 13:00:00	2021161	1642383	3663544	0.81
2023-02-15 13:30:00	2166593	1823050	3989643	0.84
2023-02-15 14:00:00	2298881	1985109	4283990	0.86
2023-02-15 14:30:00	2465638	2167835	4633473	0.88
2023-02-15 15:00:00	2775479	2468882	5244361	0.89
2023-02-15 15:15:00	2845407	2567816	5413223	0.9
2023-02-14 09:00:00	547155	520926	1068081	0.95
2023-02-14 09:30:00	931430	961955	1893385	1.03
2023-02-14 10:00:00	1292786	1388102	2680888	1.07
2023-02-14 10:30:00	1519212	1619413	3138625	1.07
2023-02-14 11:00:00	1817078	1859674	3676752	1.02
2023-02-14 11:30:00	1502666	1508648	3011314	1.0
2023-02-14 12:00:00	1611667	1642829	3254496	1.02
2023-02-14 12:30:00	1772398	1800091	3572489	1.02
2023-02-14 13:00:00	1925808	1919765	3845573	1.0
2023-02-14 13:30:00	2070829	2042431	4113260	0.99
2023-02-14 14:00:00	2224070	2195469	4419539	0.99
2023-02-14 14:30:00	2446211	2391792	4838003	0.98
2023-02-14 15:00:00	2825961	2626782	5452743	0.93
2023-02-14 15:15:00	2990848	2750473	5741321	0.92
2023-02-13 09:00:00	429389	407135	836524	0.95
2023-02-13 09:30:00	851635	663251	1514886	0.78
2023-02-13 10:00:00	1190127	949555	2139682	0.8
2023-02-13 10:30:00	1409862	1236981	2646843	0.88
2023-02-13 11:00:00	1649600	1450890	3100490	0.88
2023-02-13 11:30:00	1848643	1613590	3462233	0.87
2023-02-13 12:00:00	1989493	1781255	3770748	0.9
2023-02-13 12:30:00	2154492	1921977	4076469	0.89
2023-02-13 13:00:00	2342056	2127802	4469858	0.91
2023-02-13 13:30:00	2504546	2306105	4810651	0.92
2023-02-13 14:00:00	2703879	2520874	5224753	0.93
2023-02-13 14:30:00	2943599	2747482	5691081	0.93
2023-02-13 15:00:00	3329970	3071234	6401204	0.92
2023-02-13 15:15:00	3375774	3164595	6540369	0.94
2023-02-10 09:00:00	524654	548859	1073513	1.05
2023-02-10 09:30:00	943114	933111	1876225	0.99
2023-02-10 10:00:00	1372790	1296701	2669491	0.94
2023-02-10 10:30:00	1578214	1512528	3090742	0.96
2023-02-10 11:00:00	1833477	1797858	3631335	0.98
2023-02-10 11:30:00	2089319	2039005	4128324	0.98
2023-02-10 12:00:00	2296780	2281690	4578470	0.99
2023-02-10 12:30:00	2515428	2523213	5038641	1.0
2023-02-10 13:00:00	2660143	2695892	5356035	1.01
2023-02-10 13:30:00	2820865	2876378	5697243	1.02
2023-02-10 14:00:00	2996880	3071173	6068053	1.02
2023-02-10 14:30:00	3217463	3318155	6535618	1.03
2023-02-10 15:00:00	3539324	3662903	7202227	1.03
2023-02-10 15:15:00	3580318	3754221	7334539	1.05
2023-02-09 09:00:00	603086	446045	1049131	0.74
2023-02-09 09:30:00	1050982	750605	1801587	0.71
2023-02-09 10:00:00	1055169	703494	1758663	0.67
2023-02-09 10:30:00	1292739	898343	2191082	0.69
2023-02-09 11:00:00	1489622	1052422	2542044	0.71
2023-02-09 11:30:00	1720714	1217726	2938440	0.71
2023-02-09 12:00:00	1920601	1391725	3312326	0.72
2023-02-09 12:30:00	2048198	1502934	3551132	0.73
2023-02-09 13:00:00	2189723	1650005	3839728	0.75
2023-02-09 13:30:00	2356312	1828743	4185055	0.78
2023-02-09 14:00:00	2554838	1980728	4535566	0.78
2023-02-09 14:30:00	2803807	2222363	5026170	0.79
2023-02-09 15:00:00	3156647	2558842	5715489	0.81
2023-02-09 15:15:00	3197788	2625010	5822798	0.82
2023-02-08 09:00:00	527834	440627	968461	0.83
2023-02-08 09:30:00	842826	698350	1541176	0.83
2023-02-08 10:00:00	1151981	970676	2122657	0.84
2023-02-08 10:30:00	1469353	1271995	2741348	0.87
2023-02-08 11:00:00	1799942	1581788	3381730	0.88
2023-02-08 11:30:00	2048355	1741013	3789368	0.85
2023-02-08 12:00:00	1667770	1385184	3052954	0.83
2023-02-08 12:30:00	1789282	1493971	3283253	0.83
2023-02-08 13:00:00	1908853	1669136	3577989	0.87
2023-02-08 13:30:00	2027217	1789073	3816290	0.88
2023-02-08 14:00:00	2137796	1885669	4023465	0.88
2023-02-08 14:30:00	2307499	2062681	4370180	0.89
2023-02-08 15:00:00	2599970	2297973	4897943	0.88
2023-02-08 15:15:00	2669924	2391430	5061354	0.9
2023-02-07 09:00:00	394979	327187	722166	0.83
2023-02-07 09:30:00	703031	578106	1281137	0.82
2023-02-07 10:00:00	743503	606363	1349866	0.82
2023-02-07 10:30:00	907570	729970	1637540	0.8
2023-02-07 11:00:00	1061357	849594	1910951	0.8
2023-02-07 11:30:00	1187156	996233	2183389	0.84
2023-02-07 12:00:00	1845246	1574720	3419966	0.85
2023-02-07 12:30:00	1668732	1440278	3109010	0.86
2023-02-07 13:00:00	1874691	1657261	3531952	0.88
2023-02-07 13:30:00	2043983	1818892	3862875	0.89
2023-02-07 14:00:00	2194310	1965410	4159720	0.9
2023-02-07 14:30:00	2397957	2133474	4531431	0.89
2023-02-07 15:00:00	2725918	2428720	5154638	0.89
2023-02-07 15:15:00	2774623	2500022	5274645	0.9
2023-02-06 09:00:00	582393	431771	1014164	0.74
2023-02-06 09:30:00	1353560	799617	2153177	0.59
2023-02-06 10:00:00	1751636	1229848	2981484	0.7
2023-02-06 10:30:00	1989405	1468413	3457818	0.74
2023-02-06 11:00:00	2195034	1662516	3857550	0.76
2023-02-06 11:30:00	2372416	1863797	4236213	0.79
2023-02-06 12:00:00	2538298	1979219	4517517	0.78
2023-02-06 12:30:00	2680168	2128457	4808625	0.79
2023-02-06 13:00:00	2823988	2267624	5091612	0.8
2023-02-06 13:30:00	3041939	2442616	5484555	0.8
2023-02-06 14:00:00	3292791	2603690	5896481	0.79
2023-02-06 14:30:00	3496843	2804212	6301055	0.8
2023-02-06 15:00:00	2986798	2280274	5267072	0.76
2023-02-06 15:15:00	3002609	2318796	5321405	0.77
2023-02-03 09:00:00	763948	601596	1365544	0.79
2023-02-03 09:30:00	1436333	1105872	2542205	0.77
2023-02-03 10:00:00	1868915	1462499	3331414	0.78
2023-02-03 10:30:00	2164527	1693589	3858116	0.78
2023-02-03 11:00:00	2498713	1991695	4490408	0.8
2023-02-03 11:30:00	2722441	2204306	4926747	0.81
2023-02-03 12:00:00	2969750	2389427	5359177	0.8
2023-02-03 12:30:00	3257051	2695010	5952061	0.83
2023-02-03 13:00:00	3583180	3025808	6608988	0.84
2023-02-03 13:30:00	3787497	3236165	7023662	0.85
2023-02-03 14:00:00	4010605	3503369	7513974	0.87
2023-02-03 14:30:00	4334197	3812660	8146857	0.88
2023-02-03 15:00:00	4683969	4210135	8894104	0.9
2023-02-03 15:15:00	4716698	4280973	8997671	0.91
2023-02-02 09:00:00	835528	648302	1483830	0.78
2023-02-02 09:30:00	1523411	1167345	2690756	0.77
2023-02-02 10:00:00	2159961	1585510	3745471	0.73
2023-02-02 10:30:00	2606280	1946902	4553182	0.75
2023-02-02 11:00:00	2887956	2174311	5062267	0.75
2023-02-02 11:30:00	2630041	1887360	4517401	0.72
2023-02-02 12:00:00	2834309	2038849	4873158	0.72
2023-02-02 12:30:00	3177740	2251647	5429387	0.71
2023-02-02 13:00:00	4102385	3128204	7230589	0.76
2023-02-02 13:30:00	4076859	2784245	6861104	0.68
2023-02-02 14:00:00	4373313	3108200	7481513	0.71
2023-02-02 14:30:00	4605929	3321820	7927749	0.72
2023-02-02 15:00:00	4943896	3652856	8596752	0.74
2023-02-02 15:15:00	5010128	3712701	8722829	0.74
2023-02-01 09:00:00	394647	331022	725669	0.84
2023-02-01 09:30:00	655481	542050	1197531	0.83
2023-02-01 10:00:00	882869	767546	1650415	0.87
2023-02-01 10:30:00	1078347	936743	2015090	0.87
2023-02-01 11:00:00	1218697	1074888	2293585	0.88
2023-02-01 11:30:00	1392599	1200356	2592955	0.86
2023-02-01 12:00:00	1325796	1071839	2397635	0.81
2023-02-01 12:30:00	1415512	1170010	2585522	0.83
2023-02-01 13:00:00	1585605	1335149	2920754	0.84
2023-02-01 13:30:00	1753712	1484886	3238598	0.85
2023-02-01 14:00:00	2130974	1834550	3965524	0.86
2023-02-01 14:30:00	2540917	2178391	4719308	0.86
2023-02-01 15:00:00	2999105	2684523	5683628	0.9
2023-02-01 15:15:00	3102006	2826757	5928763	0.91
2023-01-31 09:00:00	439894	375027	814921	0.85
2023-01-31 09:30:00	794046	688092	1482138	0.87
2023-01-31 10:00:00	1063654	949551	2013205	0.89
2023-01-31 10:30:00	1345087	1163394	2508481	0.86
2023-01-31 11:00:00	1542751	1324894	2867645	0.86
2023-01-31 11:30:00	1747777	1475407	3223184	0.84
2023-01-31 12:00:00	1934560	1610600	3545160	0.83
2023-01-31 12:30:00	2072450	1727282	3799732	0.83
2023-01-31 13:00:00	2221100	1891769	4112869	0.85
2023-01-31 13:30:00	2418930	2115991	4534921	0.87
2023-01-31 14:00:00	2593042	2297114	4890156	0.89
2023-01-31 14:30:00	2902812	2571591	5474403	0.89
2023-01-31 15:00:00	3308365	2945405	6253770	0.89
2023-01-31 15:15:00	3370955	3076429	6447384	0.91
2023-01-27 09:00:00	636062	547049	1183111	0.86
2023-01-27 09:30:00	1123403	991578	2114981	0.88
2023-01-27 10:00:00	1638142	1401182	3039324	0.86
2023-01-27 10:30:00	1944778	1661144	3605922	0.85
2023-01-27 11:00:00	2280210	1927173	4207383	0.85
2023-01-27 11:30:00	2651020	2204179	4855199	0.83
2023-01-27 12:00:00	2974647	2445346	5419993	0.82
2023-01-27 12:30:00	3236956	2655102	5892058	0.82
2023-01-27 13:00:00	3506539	2869560	6376099	0.82
2023-01-27 13:30:00	3818267	3097466	6915733	0.81
2023-01-27 14:00:00	4152224	3373873	7526097	0.81
2023-01-27 14:30:00	4585299	3754083	8339382	0.82
2023-01-27 15:00:00	5118814	4192070	9310884	0.82
2023-01-27 15:15:00	5160986	4308402	9469388	0.83
2023-01-26 09:00:00	722130	596439	1318569	0.83
2023-01-26 09:30:00	1262609	926563	2189172	0.73
2023-01-26 10:00:00	1579369	1278741	2858110	0.81
2023-01-26 10:30:00	1795861	1493352	3289213	0.83
2023-01-26 11:00:00	1987045	1681373	3668418	0.85
2023-01-26 11:30:00	2238761	1858646	4097407	0.83
2023-01-26 12:00:00	1833869	1485717	3319586	0.81
2023-01-26 12:30:00	1941522	1576258	3517780	0.81
2023-01-26 13:00:00	2077207	1705711	3782918	0.82
2023-01-26 13:30:00	2235364	1833055	4068419	0.82
2023-01-26 14:00:00	2361306	1971290	4332596	0.83
2023-01-26 14:30:00	3340428	2916220	6256648	0.87
2023-01-26 15:00:00	2823610	2434384	5257994	0.86
2023-01-26 15:15:00	2862055	2495554	5357609	0.87
2023-01-25 09:00:00	473269	597360	1070629	1.26
2023-01-25 09:30:00	895300	1004458	1899758	1.12
2023-01-25 10:00:00	1228386	1357801	2586187	1.11
2023-01-25 10:30:00	1528972	1624703	3153675	1.06
2023-01-25 11:00:00	1814654	1839145	3653799	1.01
2023-01-25 11:30:00	2002177	1996291	3998468	1.0
2023-01-25 12:00:00	2191364	2120928	4312292	0.97
2023-01-25 12:30:00	2398878	2300600	4699478	0.96
2023-01-25 13:00:00	2635744	2533294	5169038	0.96
2023-01-25 13:30:00	2132669	2051004	4183673	0.96
2023-01-25 14:00:00	2271796	2199437	4471233	0.97
2023-01-25 14:30:00	2497500	2390202	4887702	0.96
2023-01-25 15:00:00	2729547	2628519	5358066	0.96
2023-01-25 15:15:00	2775812	2718860	5494672	0.98
2023-01-24 09:00:00	457238	418621	875859	0.92
2023-01-24 09:30:00	804468	737021	1541489	0.92
2023-01-24 10:00:00	1062828	1001577	2064405	0.94
2023-01-24 10:30:00	1255173	1228139	2483312	0.98
2023-01-24 11:00:00	1391491	1390543	2782034	1.0
2023-01-24 11:30:00	1547267	1543828	3091095	1.0
2023-01-24 12:00:00	1697476	1693675	3391151	1.0
2023-01-24 12:30:00	1846592	1849866	3696458	1.0
2023-01-24 13:00:00	2007768	2056685	4064453	1.02
2023-01-24 13:30:00	2192465	2225782	4418247	1.02
2023-01-24 14:00:00	2408247	2381699	4789946	0.99
2023-01-24 14:30:00	2626032	2586227	5212259	0.98
2023-01-24 15:00:00	2904855	2956924	5861779	1.02
2023-01-24 15:15:00	2939642	3013541	5953183	1.03
2023-01-23 09:00:00	644100	429879	1073979	0.67
2023-01-23 09:30:00	1126719	894502	2021221	0.79
2023-01-23 10:00:00	1544778	1230521	2775299	0.8
2023-01-23 10:30:00	2185104	1671327	3856431	0.76
2023-01-23 11:00:00	2514572	1948891	4463463	0.78
2023-01-23 11:30:00	2721860	2173964	4895824	0.8
2023-01-23 12:00:00	2909945	2338450	5248395	0.8
2023-01-23 12:30:00	3117327	2551664	5668991	0.82
2023-01-23 13:00:00	3363751	2795118	6158869	0.83
2023-01-23 13:30:00	3599051	3042910	6641961	0.85
2023-01-23 14:00:00	3866154	3392905	7259059	0.88
2023-01-23 14:30:00	4106486	3630382	7736868	0.88
2023-01-23 15:00:00	4411041	3956318	8367359	0.9
2023-01-23 15:15:00	4456943	4008190	8465133	0.9
2023-01-20 09:00:00	525103	433824	958927	0.83
2023-01-20 09:30:00	886731	742212	1628943	0.84
2023-01-20 10:00:00	1137747	963998	2101745	0.85
2023-01-20 10:30:00	1490078	1271185	2761263	0.85
2023-01-20 11:00:00	1744897	1531389	3276286	0.88
2023-01-20 11:30:00	1931351	1696721	3628072	0.88
2023-01-20 12:00:00	2108561	1862473	3971034	0.88
2023-01-20 12:30:00	2319428	2070787	4390215	0.89
2023-01-20 13:00:00	2546999	2293645	4840644	0.9
2023-01-20 13:30:00	2784981	2529893	5314874	0.91
2023-01-20 14:00:00	3040744	2759039	5799783	0.91
2023-01-20 14:30:00	3492184	3064523	6556707	0.88
2023-01-20 15:00:00	3961741	3467742	7429483	0.88
2023-01-20 15:15:00	4011075	3533963	7545038	0.88
2023-01-19 09:00:00	570981	627592	1198573	1.1
2023-01-19 09:30:00	999532	1013968	2013500	1.01
2023-01-19 10:00:00	1301348	1380707	2682055	1.06
2023-01-19 10:30:00	1545335	1628368	3173703	1.05
2023-01-19 11:00:00	1770394	1886573	3656967	1.07
2023-01-19 11:30:00	1990281	2113586	4103867	1.06
2023-01-19 12:00:00	2154644	2284793	4439437	1.06
2023-01-19 12:30:00	2400333	2510140	4910473	1.05
2023-01-19 13:00:00	2705879	2691436	5397315	0.99
2023-01-19 13:30:00	2916334	2892997	5809331	0.99
2023-01-19 14:00:00	3129972	3064064	6194036	0.98
2023-01-19 14:30:00	2669891	2524992	5194883	0.95
2023-01-19 15:00:00	2905371	2788743	5694114	0.96
2023-01-19 15:15:00	2946728	2858603	5805331	0.97
2023-01-18 09:00:00	487017	1204044	1691061	2.47
2023-01-18 09:30:00	1087729	1961206	3048935	1.8
2023-01-18 10:00:00	1490179	2340055	3830234	1.57
2023-01-18 10:30:00	1476112	2288439	3764551	1.55
2023-01-18 11:00:00	1737604	2509858	4247462	1.44
2023-01-18 11:30:00	1939770	2735602	4675372	1.41
2023-01-18 12:00:00	2102372	2927941	5030313	1.39
2023-01-18 12:30:00	2302136	3123798	5425934	1.36
2023-01-18 13:00:00	2432464	3268263	5700727	1.34
2023-01-18 13:30:00	2539808	3385639	5925447	1.33
2023-01-18 14:00:00	2669545	3480631	6150176	1.3
2023-01-18 14:30:00	2847010	3632534	6479544	1.28
2023-01-18 15:00:00	3175640	3998156	7173796	1.26
2023-01-18 15:15:00	3217188	4087600	7304788	1.27
2023-01-17 09:00:00	606615	524695	1131310	0.86
2023-01-17 09:30:00	1044392	936234	1980626	0.9
2023-01-17 10:00:00	1101090	1012862	2113952	0.92
2023-01-17 10:30:00	1319535	1270544	2590079	0.96
2023-01-17 11:00:00	1579483	1512964	3092447	0.96
2023-01-17 11:30:00	1718865	1710733	3429598	1.0
2023-01-17 12:00:00	1852202	1824158	3676360	0.98
2023-01-17 12:30:00	1966864	1934010	3900874	0.98
2023-01-17 13:00:00	2636381	2576494	5212875	0.98
2023-01-17 13:30:00	2256127	2201233	4457360	0.98
2023-01-17 14:00:00	2388157	2335693	4723850	0.98
2023-01-17 14:30:00	2565917	2487666	5053583	0.97
2023-01-17 15:00:00	2803111	2772661	5575772	0.99
2023-01-17 15:15:00	2828298	2836808	5665106	1.0
2023-01-13 09:00:00	584844	550887	1135731	0.94
2023-01-13 09:30:00	996184	909498	1905682	0.91
2023-01-13 10:00:00	1460061	1258110	2718171	0.86
2023-01-13 10:30:00	1728168	1502655	3230823	0.87
2023-01-13 11:00:00	1935196	1714012	3649208	0.89
2023-01-13 11:30:00	2168355	1940309	4108664	0.89
2023-01-13 12:00:00	2415185	2122403	4537588	0.88
2023-01-13 12:30:00	2619056	2315963	4935019	0.88
2023-01-13 13:00:00	2886541	2536299	5422840	0.88
2023-01-13 13:30:00	3116392	2727937	5844329	0.88
2023-01-13 14:00:00	3333417	3199738	6533155	0.96
2023-01-13 14:30:00	3626538	3455023	7081561	0.95
2023-01-13 15:00:00	4115630	3871949	7987579	0.94
2023-01-13 15:15:00	4162932	3958334	8121266	0.95
2023-01-10 09:00:00	496804	464849	961653	0.94
2023-01-10 09:30:00	820806	858316	1679122	1.05
2023-01-10 10:00:00	1134176	1195388	2329564	1.05
2023-01-10 10:30:00	1374033	1384412	2758445	1.01
2023-01-10 11:00:00	1541821	1593237	3135058	1.03
2023-01-10 11:30:00	1701047	1807467	3508514	1.06
2023-01-10 12:00:00	1858501	1980738	3839239	1.07
2023-01-10 12:30:00	1537033	1532025	3069058	1.0
2023-01-10 13:00:00	1673910	1634378	3308288	0.98
2023-01-10 13:30:00	1812504	1736266	3548770	0.96
2023-01-10 14:00:00	1930459	1852601	3783060	0.96
2023-01-10 14:30:00	2074748	2022168	4096916	0.97
2023-01-10 15:00:00	2367774	2259938	4627712	0.95
2023-01-10 15:15:00	2422557	2310798	4733355	0.95
2023-01-09 09:00:00	521340	468809	990149	0.9
2023-01-09 09:30:00	1079879	971066	2050945	0.9
2023-01-09 10:00:00	1222616	1012892	2235508	0.83
2023-01-09 10:30:00	1485133	1236077	2721210	0.83
2023-01-09 11:00:00	1691855	1396348	3088203	0.83
2023-01-09 11:30:00	1887382	1537158	3424540	0.81
2023-01-09 12:00:00	2630082	2183389	4813471	0.83
2023-01-09 12:30:00	2244481	1806556	4051037	0.8
2023-01-09 13:00:00	2476797	1980909	4457706	0.8
2023-01-09 13:30:00	3342251	2838953	6181204	0.85
2023-01-09 14:00:00	3540052	3035369	6575421	0.86
2023-01-09 14:30:00	3786731	3327217	7113948	0.88
2023-01-09 15:00:00	3239728	2711146	5950874	0.84
2023-01-09 15:15:00	3281469	2757235	6038704	0.84
2023-01-06 09:00:00	628673	573541	1202214	0.91
2023-01-06 09:30:00	1019662	956137	1975799	0.94
2023-01-06 10:00:00	1464331	1344767	2809098	0.92
2023-01-06 10:30:00	1767027	1658514	3425541	0.94
2023-01-06 11:00:00	2080284	1971418	4051702	0.95
2023-01-06 11:30:00	2352702	2197873	4550575	0.93
2023-01-06 12:00:00	2535594	2616419	5152013	1.03
2023-01-06 12:30:00	2747033	3122160	5869193	1.14
2023-01-06 13:00:00	2944522	3324484	6269006	1.13
2023-01-06 13:30:00	3243492	3580001	6823493	1.1
2023-01-06 14:00:00	3508723	3814751	7323474	1.09
2023-01-06 14:30:00	3918575	4115819	8034394	1.05
2023-01-06 15:00:00	4277352	4454360	8731712	1.04
2023-01-06 15:15:00	4467992	4537031	9005023	1.02
2023-01-05 09:00:00	453917	590229	1044146	1.3
2023-01-05 09:30:00	822090	886231	1708321	1.08
2023-01-05 10:00:00	1085787	1149577	2235364	1.06
2023-01-05 10:30:00	1285940	1408244	2694184	1.1
2023-01-05 11:00:00	1102364	1164288	2266652	1.06
2023-01-05 11:30:00	1208756	1258164	2466920	1.04
2023-01-05 12:00:00	1347680	1357695	2705375	1.01
2023-01-05 12:30:00	1508921	1478747	2987668	0.98
2023-01-05 13:00:00	1607816	1582630	3190446	0.98
2023-01-05 13:30:00	1718986	1673187	3392173	0.97
2023-01-05 14:00:00	1849257	1791456	3640713	0.97
2023-01-05 14:30:00	2039452	1998847	4038299	0.98
2023-01-05 15:00:00	2246175	2213600	4459775	0.99
2023-01-05 15:15:00	2279200	2262643	4541843	0.99
2023-01-04 09:00:00	504252	440454	944706	0.87
2023-01-04 09:30:00	841424	898372	1739796	1.07
2023-01-04 10:00:00	1074706	1146217	2220923	1.07
2023-01-04 10:30:00	1310404	1359747	2670151	1.04
2023-01-04 11:00:00	1636784	1630636	3267420	1.0
2023-01-04 11:30:00	1851284	2009124	3860408	1.09
2023-01-04 12:00:00	2018892	2252728	4271620	1.12
2023-01-04 12:30:00	2198522	2456466	4654988	1.12
2023-01-04 13:00:00	2376506	2632457	5008963	1.11
2023-01-04 13:30:00	2662805	3182088	5844893	1.2
2023-01-04 14:00:00	2261423	2650448	4911871	1.17
2023-01-04 14:30:00	2409473	2794816	5204289	1.16
2023-01-04 15:00:00	2761718	3034174	5795892	1.1
2023-01-04 15:15:00	2831898	3097570	5929468	1.09
2023-01-03 09:00:00	580069	591850	1171919	1.02
2023-01-03 09:30:00	928136	1012240	1940376	1.09
2023-01-03 10:00:00	1170858	1267558	2438416	1.08
2023-01-03 10:30:00	1386003	1547459	2933462	1.12
2023-01-03 11:00:00	1189382	1290150	2479532	1.08
2023-01-03 11:30:00	1416252	1405741	2821993	0.99
2023-01-03 12:00:00	1544919	1532876	3077795	0.99
2023-01-03 12:30:00	1651808	1621921	3273729	0.98
2023-01-03 13:00:00	1865694	1736566	3602260	0.93
2023-01-03 13:30:00	1978700	1839296	3817996	0.93
2023-01-03 14:00:00	2135782	2004602	4140384	0.94
2023-01-03 14:30:00	2297842	2148461	4446303	0.93
2023-01-03 15:00:00	2494161	2352430	4846591	0.94
2023-01-03 15:15:00	2528556	2415379	4943935	0.96
