TIME	CALLS	PUTS	TOTAL	P/C RATIO
2024-12-20 09:00:00	450522	374153	824675	0.83
2024-12-20 09:30:00	768148	699335	1467483	0.91
2024-12-20 10:00:00	1073461	893833	1967294	0.83
2024-12-20 10:30:00	1346078	1110618	2456696	0.83
2024-12-20 11:00:00	1596560	1265530	2862090	0.79
2024-12-20 11:30:00	1800408	1418267	3218675	0.79
2024-12-20 12:00:00	1973608	1534694	3508302	0.78
2024-12-20 12:30:00	2152820	1665149	3817969	0.77
2024-12-20 13:00:00	2288863	1772791	4061654	0.77
2024-12-20 13:30:00	2437963	1881934	4319897	0.77
2024-12-20 14:00:00	2608141	1990126	4598267	0.76
2024-12-20 14:30:00	2804466	2104838	4909304	0.75
2024-12-20 15:00:00	3087793	2351561	5439354	0.76
2024-12-20 15:15:00	3103351	2367498	5470849	0.76
2024-12-19 09:00:00	496089	367888	863977	0.74
2024-12-19 09:30:00	841567	648273	1489840	0.77
2024-12-19 10:00:00	1161061	865949	2027010	0.75
2024-12-19 10:30:00	1368798	1029961	2398759	0.75
2024-12-19 11:00:00	1545465	1199721	2745186	0.78
2024-12-19 11:30:00	1723672	1362497	3086169	0.79
2024-12-19 12:00:00	1901281	1509056	3410337	0.79
2024-12-19 12:30:00	2049312	1636130	3685442	0.8
2024-12-19 13:00:00	2196529	1757525	3954054	0.8
2024-12-19 13:30:00	2333104	1859800	4192904	0.8
2024-12-19 14:00:00	2468973	1966337	4435310	0.8
2024-12-19 14:30:00	2633989	2106843	4740832	0.8
2024-12-19 15:00:00	2854138	2336841	5190979	0.82
2024-12-19 15:15:00	2863582	2350504	5214086	0.82
2024-12-18 09:00:00	329360	185692	515052	0.56
2024-12-18 09:30:00	546653	295893	842546	0.54
2024-12-18 10:00:00	707854	421253	1129107	0.6
2024-12-18 10:30:00	1092203	508711	1600914	0.47
2024-12-18 11:00:00	1219655	576072	1795727	0.47
2024-12-18 11:30:00	1335523	633635	1969158	0.47
2024-12-18 12:00:00	1451222	692835	2144057	0.48
2024-12-18 12:30:00	1540186	752111	2292297	0.49
2024-12-18 13:00:00	1645221	806032	2451253	0.49
2024-12-18 13:30:00	1868639	943420	2812059	0.5
2024-12-18 14:00:00	2127912	1106819	3234731	0.52
2024-12-18 14:30:00	2571991	1339233	3911224	0.52
2024-12-18 15:00:00	3245267	2001075	5246342	0.62
2024-12-18 15:15:00	3274385	2033256	5307641	0.62
2024-12-17 09:00:00	486144	292984	779128	0.6
2024-12-17 09:30:00	763727	512472	1276199	0.67
2024-12-17 10:00:00	999832	629125	1628957	0.63
2024-12-17 10:30:00	1252001	740585	1992586	0.59
2024-12-17 11:00:00	1551517	831520	2383037	0.54
2024-12-17 11:30:00	1686772	899894	2586666	0.53
2024-12-17 12:00:00	1802806	955888	2758694	0.53
2024-12-17 12:30:00	1912447	1032555	2945002	0.54
2024-12-17 13:00:00	2035101	1123714	3158815	0.55
2024-12-17 13:30:00	2153869	1204898	3358767	0.56
2024-12-17 14:00:00	2274321	1282134	3556455	0.56
2024-12-17 14:30:00	2394983	1386650	3781633	0.58
2024-12-17 15:00:00	2596986	1505417	4102403	0.58
2024-12-17 15:15:00	2605681	1512411	4118092	0.58
2024-12-16 09:00:00	415416	229602	645018	0.55
2024-12-16 09:30:00	705480	412853	1118333	0.59
2024-12-16 10:00:00	904280	536121	1440401	0.59
2024-12-16 10:30:00	1082973	665963	1748936	0.61
2024-12-16 11:00:00	1225844	751698	1977542	0.61
2024-12-16 11:30:00	1378741	830998	2209739	0.6
2024-12-16 12:00:00	1517409	924732	2442141	0.61
2024-12-16 12:30:00	1651399	999638	2651037	0.61
2024-12-16 13:00:00	1778446	1072166	2850612	0.6
2024-12-16 13:30:00	2115810	1392804	3508614	0.66
2024-12-16 14:00:00	2256563	1478196	3734759	0.66
2024-12-16 14:30:00	2420918	1590998	4011916	0.66
2024-12-16 15:00:00	2625039	1736904	4361943	0.66
2024-12-16 15:15:00	2382846	1499889	3882735	0.63
2024-12-13 09:00:00	510359	283032	793391	0.55
2024-12-13 09:30:00	859131	541052	1400183	0.63
2024-12-13 10:00:00	1411712	1076179	2487891	0.76
2024-12-13 10:30:00	1688630	1314088	3002718	0.78
2024-12-13 11:00:00	1882925	1446183	3329108	0.77
2024-12-13 11:30:00	2046170	1550134	3596304	0.76
2024-12-13 12:00:00	2201367	1659985	3861352	0.75
2024-12-13 12:30:00	2341880	1762476	4104356	0.75
2024-12-13 13:00:00	2495429	1859931	4355360	0.75
2024-12-13 13:30:00	2645790	1960526	4606316	0.74
2024-12-13 14:00:00	2799622	2065115	4864737	0.74
2024-12-13 14:30:00	2979772	2205786	5185558	0.74
2024-12-13 15:00:00	3288076	2428960	5717036	0.74
2024-12-13 15:15:00	3299862	2445569	5745431	0.74
2024-12-12 09:00:00	341223	219841	561064	0.64
2024-12-12 09:30:00	636356	387054	1023410	0.61
2024-12-12 10:00:00	842701	533514	1376215	0.63
2024-12-12 10:30:00	998843	624825	1623668	0.63
2024-12-12 11:00:00	1165157	719091	1884248	0.62
2024-12-12 11:30:00	1293569	821794	2115363	0.64
2024-12-12 12:00:00	1396527	916242	2312769	0.66
2024-12-12 12:30:00	1545899	991106	2537005	0.64
2024-12-12 13:00:00	1640403	1065327	2705730	0.65
2024-12-12 13:30:00	1770745	1152409	2923154	0.65
2024-12-12 14:00:00	1917256	1227117	3144373	0.64
2024-12-12 14:30:00	2067717	1474253	3541970	0.71
2024-12-12 15:00:00	2261684	1888912	4150596	0.84
2024-12-12 15:15:00	2282474	1917672	4200146	0.84
2024-12-11 09:00:00	438872	273405	712277	0.62
2024-12-11 09:30:00	733834	459290	1193124	0.63
2024-12-11 10:00:00	947073	600160	1547233	0.63
2024-12-11 10:30:00	1151741	735162	1886903	0.64
2024-12-11 11:00:00	1312927	859962	2172889	0.65
2024-12-11 11:30:00	1482129	1001504	2483633	0.68
2024-12-11 12:00:00	1616051	1098911	2714962	0.68
2024-12-11 12:30:00	1754400	1190980	2945380	0.68
2024-12-11 13:00:00	1927026	1279460	3206486	0.66
2024-12-11 13:30:00	2069338	1382438	3451776	0.67
2024-12-11 14:00:00	2230420	1488330	3718750	0.67
2024-12-11 14:30:00	2430485	1591839	4022324	0.65
2024-12-11 15:00:00	2649219	1736999	4386218	0.66
2024-12-11 15:15:00	2662279	1764514	4426793	0.66
2024-12-10 09:00:00	352452	168817	521269	0.48
2024-12-10 09:30:00	568336	291501	859837	0.51
2024-12-10 10:00:00	734790	381856	1116646	0.52
2024-12-10 10:30:00	864738	499251	1363989	0.58
2024-12-10 11:00:00	1185932	590958	1776890	0.5
2024-12-10 11:30:00	1289739	654141	1943880	0.51
2024-12-10 12:00:00	1397398	709808	2107206	0.51
2024-12-10 12:30:00	1525973	764602	2290575	0.5
2024-12-10 13:00:00	1807072	987654	2794726	0.55
2024-12-10 13:30:00	1915301	1068278	2983579	0.56
2024-12-10 14:00:00	2039295	1151431	3190726	0.56
2024-12-10 14:30:00	2183553	1282115	3465668	0.59
2024-12-10 15:00:00	2120402	1180310	3300712	0.56
2024-12-10 15:15:00	2132280	1207810	3340090	0.57
2024-12-09 09:00:00	496775	269257	766032	0.54
2024-12-09 09:30:00	1014049	768420	1782469	0.76
2024-12-09 10:00:00	1305569	1018841	2324410	0.78
2024-12-09 10:30:00	1550880	1190777	2741657	0.77
2024-12-09 11:00:00	1731239	1286545	3017784	0.74
2024-12-09 11:30:00	1871571	1375932	3247503	0.74
2024-12-09 12:00:00	2049548	1287223	3336771	0.63
2024-12-09 12:30:00	2151679	1350581	3502260	0.63
2024-12-09 13:00:00	2501337	1613086	4114423	0.64
2024-12-09 13:30:00	2624018	1681591	4305609	0.64
2024-12-09 14:00:00	2765353	1760910	4526263	0.64
2024-12-09 14:30:00	2898740	1868321	4767061	0.64
2024-12-09 15:00:00	3095628	2007071	5102699	0.65
2024-12-09 15:15:00	3107180	2020634	5127814	0.65
2024-12-06 09:00:00	474757	283487	758244	0.6
2024-12-06 09:30:00	784417	466755	1251172	0.6
2024-12-06 10:00:00	1025321	624422	1649743	0.61
2024-12-06 10:30:00	1282985	778553	2061538	0.61
2024-12-06 11:00:00	1492804	915356	2408160	0.61
2024-12-06 11:30:00	1660653	1019815	2680468	0.61
2024-12-06 12:00:00	1814800	1109883	2924683	0.61
2024-12-06 12:30:00	1992369	1221230	3213599	0.61
2024-12-06 13:00:00	2146142	1330731	3476873	0.62
2024-12-06 13:30:00	2301368	1428483	3729851	0.62
2024-12-06 14:00:00	2458048	1520515	3978563	0.62
2024-12-06 14:30:00	2679167	1649079	4328246	0.62
2024-12-06 15:00:00	2984181	1843941	4828122	0.62
2024-12-06 15:15:00	2998259	1859599	4857858	0.62
2024-12-05 09:00:00	497182	253598	750780	0.51
2024-12-05 09:30:00	806748	473198	1279946	0.59
2024-12-05 10:00:00	960938	523033	1483971	0.54
2024-12-05 10:30:00	1133179	622107	1755286	0.55
2024-12-05 11:00:00	1296633	695984	1992617	0.54
2024-12-05 11:30:00	1435997	783651	2219648	0.55
2024-12-05 12:00:00	1567108	918888	2485996	0.59
2024-12-05 12:30:00	1697094	1026135	2723229	0.6
2024-12-05 13:00:00	1828886	1107778	2936664	0.61
2024-12-05 13:30:00	1959107	1200287	3159394	0.61
2024-12-05 14:00:00	2327383	1510262	3837645	0.65
2024-12-05 14:30:00	2491672	1623822	4115494	0.65
2024-12-05 15:00:00	2717609	1802300	4519909	0.66
2024-12-05 15:15:00	2730793	1819452	4550245	0.67
2024-12-04 09:00:00	367995	238179	606174	0.65
2024-12-04 09:30:00	648442	423028	1071470	0.65
2024-12-04 10:00:00	876978	581057	1458035	0.66
2024-12-04 10:30:00	1055113	681252	1736365	0.65
2024-12-04 11:00:00	1206113	797745	2003858	0.66
2024-12-04 11:30:00	1371230	890010	2261240	0.65
2024-12-04 12:00:00	1487258	964251	2451509	0.65
2024-12-04 12:30:00	1589873	1046343	2636216	0.66
2024-12-04 13:00:00	1724047	1146403	2870450	0.66
2024-12-04 13:30:00	1686297	1043878	2730175	0.62
2024-12-04 14:00:00	2008071	1154543	3162614	0.57
2024-12-04 14:30:00	2353081	1468842	3821923	0.62
2024-12-04 15:00:00	2367143	1360529	3727672	0.57
2024-12-04 15:15:00	2597747	1626735	4224482	0.63
2024-12-03 09:00:00	292692	158818	451510	0.54
2024-12-03 09:30:00	519528	337451	856979	0.65
2024-12-03 10:00:00	666975	444838	1111813	0.67
2024-12-03 10:30:00	822078	546269	1368347	0.66
2024-12-03 11:00:00	937230	610644	1547874	0.65
2024-12-03 11:30:00	1019292	663829	1683121	0.65
2024-12-03 12:00:00	1129210	713239	1842449	0.63
2024-12-03 12:30:00	1218629	770529	1989158	0.63
2024-12-03 13:00:00	1496156	1054700	2550856	0.7
2024-12-03 13:30:00	1590024	1112799	2702823	0.7
2024-12-03 14:00:00	1700811	1184830	2885641	0.7
2024-12-03 14:30:00	1824172	1259023	3083195	0.69
2024-12-03 15:00:00	1750467	1104576	2855043	0.63
2024-12-03 15:15:00	1760494	1114806	2875300	0.63
2024-12-02 09:00:00	411223	208787	620010	0.51
2024-12-02 09:30:00	670825	343580	1014405	0.51
2024-12-02 10:00:00	971756	484704	1456460	0.5
2024-12-02 10:30:00	1140000	651845	1791845	0.57
2024-12-02 11:00:00	1293827	764880	2058707	0.59
2024-12-02 11:30:00	1482219	856059	2338278	0.58
2024-12-02 12:00:00	1609293	944928	2554221	0.59
2024-12-02 12:30:00	1722150	1027181	2749331	0.6
2024-12-02 13:00:00	1826513	1093498	2920011	0.6
2024-12-02 13:30:00	2184249	1425557	3609806	0.65
2024-12-02 14:00:00	2282388	1517661	3800049	0.66
2024-12-02 14:30:00	2141776	1307089	3448865	0.61
2024-12-02 15:00:00	2303750	1435046	3738796	0.62
2024-12-02 15:15:00	2313973	1445543	3759516	0.62
2024-11-29 09:00:00	399839	243575	643414	0.61
2024-11-29 09:30:00	745456	483359	1228815	0.65
2024-11-29 10:00:00	973887	708075	1681962	0.73
2024-11-29 10:30:00	1201506	861143	2062649	0.72
2024-11-29 11:00:00	1401480	1011040	2412520	0.72
2024-11-29 11:30:00	1625568	1159184	2784752	0.71
2024-11-29 12:00:00	1899991	1348480	3248471	0.71
2024-11-29 12:30:00	1913006	1360837	3273843	0.71
2024-11-29 13:00:00	1913006	1360837	3273843	0.71
2024-11-29 13:30:00	1913006	1360837	3273843	0.71
2024-11-29 14:00:00	1913006	1360837	3273843	0.71
2024-11-29 14:30:00	1913006	1360837	3273843	0.71
2024-11-29 15:00:00	1913006	1360837	3273843	0.71
2024-11-29 15:15:00	1913006	1360837	3273843	0.71
2024-11-27 09:00:00	364330	226715	591045	0.62
2024-11-27 09:30:00	653452	450162	1103614	0.69
2024-11-27 10:00:00	895666	613629	1509295	0.69
2024-11-27 10:30:00	1065236	734049	1799285	0.69
2024-11-27 11:00:00	1214908	826934	2041842	0.68
2024-11-27 11:30:00	1133753	728134	1861887	0.64
2024-11-27 12:00:00	1243875	787944	2031819	0.63
2024-11-27 12:30:00	1621395	1071947	2693342	0.66
2024-11-27 13:00:00	1728498	1141026	2869524	0.66
2024-11-27 13:30:00	1819973	1197000	3016973	0.66
2024-11-27 14:00:00	1918624	1266981	3185605	0.66
2024-11-27 14:30:00	2086506	1384241	3470747	0.66
2024-11-27 15:00:00	2245467	1510004	3755471	0.67
2024-11-27 15:15:00	2259256	1566990	3826246	0.69
2024-11-26 09:00:00	378096	219470	597566	0.58
2024-11-26 09:30:00	611602	364728	976330	0.6
2024-11-26 10:00:00	786099	474161	1260260	0.6
2024-11-26 10:30:00	958202	564155	1522357	0.59
2024-11-26 11:00:00	1089808	646862	1736670	0.59
2024-11-26 11:30:00	1197846	758336	1956182	0.63
2024-11-26 12:00:00	1491632	820199	2311831	0.55
2024-11-26 12:30:00	1632984	885090	2518074	0.54
2024-11-26 13:00:00	1923446	957966	2881412	0.5
2024-11-26 13:30:00	2040497	1062449	3102946	0.52
2024-11-26 14:00:00	2170140	1151720	3321860	0.53
2024-11-26 14:30:00	2331342	1249531	3580873	0.54
2024-11-26 15:00:00	2542253	1367572	3909825	0.54
2024-11-26 15:15:00	2551484	1410508	3961992	0.55
2024-11-25 09:00:00	625909	270064	895973	0.43
2024-11-25 09:30:00	979128	465402	1444530	0.48
2024-11-25 10:00:00	1272341	605316	1877657	0.48
2024-11-25 10:30:00	1535736	736527	2272263	0.48
2024-11-25 11:00:00	1711631	838297	2549928	0.49
2024-11-25 11:30:00	1887627	946922	2834549	0.5
2024-11-25 12:00:00	2030767	1026149	3056916	0.51
2024-11-25 12:30:00	2149646	1089230	3238876	0.51
2024-11-25 13:00:00	2270085	1151140	3421225	0.51
2024-11-25 13:30:00	2401660	1212605	3614265	0.5
2024-11-25 14:00:00	3030540	1661873	4692413	0.55
2024-11-25 14:30:00	3188864	1753729	4942593	0.55
2024-11-25 15:00:00	2889856	1483989	4373845	0.51
2024-11-25 15:15:00	2893113	1494364	4387477	0.52
2024-11-22 09:00:00	439829	254853	694682	0.58
2024-11-22 09:30:00	751426	455975	1207401	0.61
2024-11-22 10:00:00	1192533	864991	2057524	0.73
2024-11-22 10:30:00	1410292	1002097	2412389	0.71
2024-11-22 11:00:00	1639766	1133780	2773546	0.69
2024-11-22 11:30:00	1815823	1239131	3054954	0.68
2024-11-22 12:00:00	2095538	1330042	3425580	0.63
2024-11-22 12:30:00	2251056	1424717	3675773	0.63
2024-11-22 13:00:00	2408494	1523144	3931638	0.63
2024-11-22 13:30:00	2572178	1630933	4203111	0.63
2024-11-22 14:00:00	2739635	1730867	4470502	0.63
2024-11-22 14:30:00	2924128	1860903	4785031	0.64
2024-11-22 15:00:00	3221646	2046085	5267731	0.64
2024-11-22 15:15:00	3237411	2062042	5299453	0.64
2024-11-21 09:00:00	507357	277004	784361	0.55
2024-11-21 09:30:00	824859	455966	1280825	0.55
2024-11-21 10:00:00	1117953	600020	1717973	0.54
2024-11-21 10:30:00	1321179	717124	2038303	0.54
2024-11-21 11:00:00	1526344	843771	2370115	0.55
2024-11-21 11:30:00	1684245	925695	2609940	0.55
2024-11-21 12:00:00	1864757	1007153	2871910	0.54
2024-11-21 12:30:00	2001186	1084554	3085740	0.54
2024-11-21 13:00:00	2169038	1166635	3335673	0.54
2024-11-21 13:30:00	2305973	1266974	3572947	0.55
2024-11-21 14:00:00	2793781	1674184	4467965	0.6
2024-11-21 14:30:00	2969172	1803927	4773099	0.61
2024-11-21 15:00:00	3203941	1958999	5162940	0.61
2024-11-21 15:15:00	3222308	1980330	5202638	0.61
2024-11-20 09:00:00	392248	235696	627944	0.6
2024-11-20 09:30:00	683538	436426	1119964	0.64
2024-11-20 10:00:00	881785	556311	1438096	0.63
2024-11-20 10:30:00	1035000	665931	1700931	0.64
2024-11-20 11:00:00	1189823	760912	1950735	0.64
2024-11-20 11:30:00	1336863	870443	2207306	0.65
2024-11-20 12:00:00	1453200	945902	2399102	0.65
2024-11-20 12:30:00	1556388	1009061	2565449	0.65
2024-11-20 13:00:00	1670725	1080171	2750896	0.65
2024-11-20 13:30:00	1778269	1155579	2933848	0.65
2024-11-20 14:00:00	1889753	1268587	3158340	0.67
2024-11-20 14:30:00	2014966	1360065	3375031	0.67
2024-11-20 15:00:00	2273854	1537485	3811339	0.68
2024-11-20 15:15:00	2290425	1556868	3847293	0.68
2024-11-19 09:00:00	299678	187753	487431	0.63
2024-11-19 09:30:00	497548	307196	804744	0.62
2024-11-19 10:00:00	665423	416155	1081578	0.63
2024-11-19 10:30:00	800932	514013	1314945	0.64
2024-11-19 11:00:00	915867	581243	1497110	0.63
2024-11-19 11:30:00	1029734	656344	1686078	0.64
2024-11-19 12:00:00	1120161	723361	1843522	0.65
2024-11-19 12:30:00	1570868	1058529	2629397	0.67
2024-11-19 13:00:00	1713781	1165863	2879644	0.68
2024-11-19 13:30:00	1832383	1261969	3094352	0.69
2024-11-19 14:00:00	1950831	1359644	3310475	0.7
2024-11-19 14:30:00	2081535	1449311	3530846	0.7
2024-11-19 15:00:00	2256247	1581084	3837331	0.7
2024-11-19 15:15:00	2272398	1594803	3867201	0.7
2024-11-18 09:00:00	454918	319208	774126	0.7
2024-11-18 09:30:00	738217	521802	1260019	0.71
2024-11-18 10:00:00	991591	679951	1671542	0.69
2024-11-18 10:30:00	1210738	803592	2014330	0.66
2024-11-18 11:00:00	1402074	950792	2352866	0.68
2024-11-18 11:30:00	1546989	1031962	2578951	0.67
2024-11-18 12:00:00	1687148	1122800	2809948	0.67
2024-11-18 12:30:00	1790878	1199719	2990597	0.67
2024-11-18 13:00:00	1956376	1284906	3241282	0.66
2024-11-18 13:30:00	2101265	1382320	3483585	0.66
2024-11-18 14:00:00	2225108	1477410	3702518	0.66
2024-11-18 14:30:00	2347552	1559854	3907406	0.66
2024-11-18 15:00:00	2555154	1687482	4242636	0.66
2024-11-18 15:15:00	2568835	1703868	4272703	0.66
2024-11-15 09:00:00	551879	424373	976252	0.77
2024-11-15 09:30:00	933895	767441	1701336	0.82
2024-11-15 10:00:00	1259654	1003961	2263615	0.8
2024-11-15 10:30:00	1505281	1209212	2714493	0.8
2024-11-15 11:00:00	1770028	1411682	3181710	0.8
2024-11-15 11:30:00	1967487	1551954	3519441	0.79
2024-11-15 12:00:00	2157745	1700641	3858386	0.79
2024-11-15 12:30:00	2322983	1823232	4146215	0.78
2024-11-15 13:00:00	2513116	1952649	4465765	0.78
2024-11-15 13:30:00	2732165	2093623	4825788	0.77
2024-11-15 14:00:00	2943797	2242589	5186386	0.76
2024-11-15 14:30:00	3177102	2411882	5588984	0.76
2024-11-15 15:00:00	3545913	2646511	6192424	0.75
2024-11-15 15:15:00	3572426	2669025	6241451	0.75
2024-11-14 09:00:00	432960	233200	666160	0.54
2024-11-14 09:30:00	704795	399872	1104667	0.57
2024-11-14 10:00:00	950485	510248	1460733	0.54
2024-11-14 10:30:00	1114895	607604	1722499	0.54
2024-11-14 11:00:00	1257305	712707	1970012	0.57
2024-11-14 11:30:00	1409669	812989	2222658	0.58
2024-11-14 12:00:00	1564476	978198	2542674	0.63
2024-11-14 12:30:00	1730412	1129802	2860214	0.65
2024-11-14 13:00:00	1867708	1283996	3151704	0.69
2024-11-14 13:30:00	1983972	1358641	3342613	0.68
2024-11-14 14:00:00	2388945	1742230	4131175	0.73
2024-11-14 14:30:00	2621165	1910800	4531965	0.73
2024-11-14 15:00:00	2530977	1764544	4295521	0.7
2024-11-14 15:15:00	2549639	1788225	4337864	0.7
2024-11-13 09:00:00	397994	221328	619322	0.56
2024-11-13 09:30:00	642217	374092	1016309	0.58
2024-11-13 10:00:00	851046	518100	1369146	0.61
2024-11-13 10:30:00	1039758	625804	1665562	0.6
2024-11-13 11:00:00	1227898	722545	1950443	0.59
2024-11-13 11:30:00	1377349	807715	2185064	0.59
2024-11-13 12:00:00	1723719	1082240	2805959	0.63
2024-11-13 12:30:00	1902005	1160803	3062808	0.61
2024-11-13 13:00:00	2044815	1253063	3297878	0.61
2024-11-13 13:30:00	2196783	1367768	3564551	0.62
2024-11-13 14:00:00	2348050	1483805	3831855	0.63
2024-11-13 14:30:00	2577984	1622909	4200893	0.63
2024-11-13 15:00:00	2508245	1460145	3968390	0.58
2024-11-13 15:15:00	2524934	1509433	4034367	0.6
2024-11-12 09:00:00	414998	200729	615727	0.48
2024-11-12 09:30:00	732394	364231	1096625	0.5
2024-11-12 10:00:00	952238	487994	1440232	0.51
2024-11-12 10:30:00	1119896	593248	1713144	0.53
2024-11-12 11:00:00	1271218	690170	1961388	0.54
2024-11-12 11:30:00	1427460	803605	2231065	0.56
2024-11-12 12:00:00	1788398	1138018	2926416	0.64
2024-11-12 12:30:00	1771095	1024883	2795978	0.58
2024-11-12 13:00:00	2171600	1396981	3568581	0.64
2024-11-12 13:30:00	2313853	1489149	3803002	0.64
2024-11-12 14:00:00	2446104	1595656	4041760	0.65
2024-11-12 14:30:00	2601663	1732237	4333900	0.67
2024-11-12 15:00:00	2840091	1871049	4711140	0.66
2024-11-12 15:15:00	2859546	1882779	4742325	0.66
2024-11-11 09:00:00	610247	338447	948694	0.55
2024-11-11 09:30:00	986739	533249	1519988	0.54
2024-11-11 10:00:00	1291359	679720	1971079	0.53
2024-11-11 10:30:00	1520788	805710	2326498	0.53
2024-11-11 11:00:00	1711753	913636	2625389	0.53
2024-11-11 11:30:00	1882053	1015138	2897191	0.54
2024-11-11 12:00:00	2030006	1127822	3157828	0.56
2024-11-11 12:30:00	2186652	1279410	3466062	0.59
2024-11-11 13:00:00	2336143	1351235	3687378	0.58
2024-11-11 13:30:00	2478393	1426769	3905162	0.58
2024-11-11 14:00:00	2627969	1500924	4128893	0.57
2024-11-11 14:30:00	2787241	1584964	4372205	0.57
2024-11-11 15:00:00	2965897	1712016	4677913	0.58
2024-11-11 15:15:00	2975026	1721615	4696641	0.58
2024-11-08 09:00:00	521730	296042	817772	0.57
2024-11-08 09:30:00	890363	535313	1425676	0.6
2024-11-08 10:00:00	1192471	703678	1896149	0.59
2024-11-08 10:30:00	1427892	852546	2280438	0.6
2024-11-08 11:00:00	1627717	991675	2619392	0.61
2024-11-08 11:30:00	1819512	1111475	2930987	0.61
2024-11-08 12:00:00	2055975	1233603	3289578	0.6
2024-11-08 12:30:00	2207707	1325973	3533680	0.6
2024-11-08 13:00:00	2455397	1527946	3983343	0.62
2024-11-08 13:30:00	2657528	1647584	4305112	0.62
2024-11-08 14:00:00	2886919	1790388	4677307	0.62
2024-11-08 14:30:00	3094670	1921890	5016560	0.62
2024-11-08 15:00:00	3383998	2097205	5481203	0.62
2024-11-08 15:15:00	3401730	2113695	5515425	0.62
2024-11-07 09:00:00	515181	351204	866385	0.68
2024-11-07 09:30:00	906497	602677	1509174	0.66
2024-11-07 10:00:00	1297325	879444	2176769	0.68
2024-11-07 10:30:00	1502934	1004095	2507029	0.67
2024-11-07 11:00:00	1674244	1124534	2798778	0.67
2024-11-07 11:30:00	1834227	1223228	3057455	0.67
2024-11-07 12:00:00	2021281	1328968	3350249	0.66
2024-11-07 12:30:00	2177273	1430822	3608095	0.66
2024-11-07 13:00:00	2643511	1529210	4172721	0.58
2024-11-07 13:30:00	2807804	1636611	4444415	0.58
2024-11-07 14:00:00	3013599	1806290	4819889	0.6
2024-11-07 14:30:00	3256858	1951697	5208555	0.6
2024-11-07 15:00:00	3475893	2109677	5585570	0.61
2024-11-07 15:15:00	3491420	2122319	5613739	0.61
2024-11-06 09:00:00	752008	475824	1227832	0.63
2024-11-06 09:30:00	1236017	716758	1952775	0.58
2024-11-06 10:00:00	1537823	889449	2427272	0.58
2024-11-06 10:30:00	1745022	1006754	2751776	0.58
2024-11-06 11:00:00	1913292	1115106	3028398	0.58
2024-11-06 11:30:00	2071741	1226226	3297967	0.59
2024-11-06 12:00:00	2227576	1337514	3565090	0.6
2024-11-06 12:30:00	2420006	1457042	3877048	0.6
2024-11-06 13:00:00	2596554	1571966	4168520	0.61
2024-11-06 13:30:00	2843197	1801319	4644516	0.63
2024-11-06 14:00:00	3022226	1927844	4950070	0.64
2024-11-06 14:30:00	3218334	2052202	5270536	0.64
2024-11-06 15:00:00	3468840	2202012	5670852	0.63
2024-11-06 15:15:00	3487807	2214613	5702420	0.63
2024-11-05 09:00:00	363152	204827	567979	0.56
2024-11-05 09:30:00	648362	371119	1019481	0.57
2024-11-05 10:00:00	815887	688763	1504650	0.84
2024-11-05 10:30:00	958717	783479	1742196	0.82
2024-11-05 11:00:00	1093920	974286	2068206	0.89
2024-11-05 11:30:00	1217033	1082572	2299605	0.89
2024-11-05 12:00:00	1329793	1165967	2495760	0.88
2024-11-05 12:30:00	1425307	1249633	2674940	0.88
2024-11-05 13:00:00	1527814	1356413	2884227	0.89
2024-11-05 13:30:00	1642188	1431772	3073960	0.87
2024-11-05 14:00:00	1780501	1532888	3313389	0.86
2024-11-05 14:30:00	1912713	1678991	3591704	0.88
2024-11-05 15:00:00	2136583	1818299	3954882	0.85
2024-11-05 15:15:00	2156363	1868243	4024606	0.87
2024-11-04 09:00:00	362774	246423	609197	0.68
2024-11-04 09:30:00	600249	419766	1020015	0.7
2024-11-04 10:00:00	742379	531791	1274170	0.72
2024-11-04 10:30:00	894699	647917	1542616	0.72
2024-11-04 11:00:00	1036175	774456	1810631	0.75
2024-11-04 11:30:00	1170938	876530	2047468	0.75
2024-11-04 12:00:00	1259705	946307	2206012	0.75
2024-11-04 12:30:00	1361050	1042806	2403856	0.77
2024-11-04 13:00:00	1430471	1106110	2536581	0.77
2024-11-04 13:30:00	1502371	1165550	2667921	0.78
2024-11-04 14:00:00	1579305	1229253	2808558	0.78
2024-11-04 14:30:00	1665108	1322005	2987113	0.79
2024-11-04 15:00:00	1799643	1465958	3265601	0.81
2024-11-04 15:15:00	1878161	1481509	3359670	0.79
2024-11-01 09:00:00	384282	258977	643259	0.67
2024-11-01 09:30:00	736119	479802	1215921	0.65
2024-11-01 10:00:00	978277	666879	1645156	0.68
2024-11-01 10:30:00	1138323	789427	1927750	0.69
2024-11-01 11:00:00	1300226	907196	2207422	0.7
2024-11-01 11:30:00	1441667	999202	2440869	0.69
2024-11-01 12:00:00	1573168	1097796	2670964	0.7
2024-11-01 12:30:00	1699141	1202681	2901822	0.71
2024-11-01 13:00:00	1827185	1356707	3183892	0.74
2024-11-01 13:30:00	1959652	1467160	3426812	0.75
2024-11-01 14:00:00	2066551	1574889	3641440	0.76
2024-11-01 14:30:00	2203595	1719271	3922866	0.78
2024-11-01 15:00:00	2391372	1941664	4333036	0.81
2024-11-01 15:15:00	2402734	1963513	4366247	0.82
2024-10-31 09:00:00	498833	341810	840643	0.69
2024-10-31 09:30:00	1176583	533907	1710490	0.45
2024-10-31 10:00:00	1439399	800669	2240068	0.56
2024-10-31 10:30:00	1628974	933372	2562346	0.57
2024-10-31 11:00:00	1782215	1032150	2814365	0.58
2024-10-31 11:30:00	1926661	1114137	3040798	0.58
2024-10-31 12:00:00	2018914	1178284	3197198	0.58
2024-10-31 12:30:00	2139954	1246959	3386913	0.58
2024-10-31 13:00:00	2256526	1322005	3578531	0.59
2024-10-31 13:30:00	2372202	1684588	4056790	0.71
2024-10-31 14:00:00	2489429	1770592	4260021	0.71
2024-10-31 14:30:00	2633674	1877660	4511334	0.71
2024-10-31 15:00:00	2841339	2075297	4916636	0.73
2024-10-31 15:15:00	2853039	2086425	4939464	0.73
2024-10-30 09:00:00	403251	243169	646420	0.6
2024-10-30 09:30:00	648689	394270	1042959	0.61
2024-10-30 10:00:00	828089	516863	1344952	0.62
2024-10-30 10:30:00	978554	612592	1591146	0.63
2024-10-30 11:00:00	1138026	701681	1839707	0.62
2024-10-30 11:30:00	1279246	795597	2074843	0.62
2024-10-30 12:00:00	1410008	931222	2341230	0.66
2024-10-30 12:30:00	1566463	1013654	2580117	0.65
2024-10-30 13:00:00	1721014	1137548	2858562	0.66
2024-10-30 13:30:00	1872741	1213764	3086505	0.65
2024-10-30 14:00:00	2019015	1286896	3305911	0.64
2024-10-30 14:30:00	2183413	1391394	3574807	0.64
2024-10-30 15:00:00	2486508	1610782	4097290	0.65
2024-10-30 15:15:00	2500907	1624879	4125786	0.65
2024-10-29 09:00:00	296644	161152	457796	0.54
2024-10-29 09:30:00	513771	286237	800008	0.56
2024-10-29 10:00:00	656349	372490	1028839	0.57
2024-10-29 10:30:00	781153	445081	1226234	0.57
2024-10-29 11:00:00	897507	542593	1440100	0.6
2024-10-29 11:30:00	998182	611804	1609986	0.61
2024-10-29 12:00:00	1092892	672444	1765336	0.62
2024-10-29 12:30:00	1197189	755299	1952488	0.63
2024-10-29 13:00:00	1285506	813548	2099054	0.63
2024-10-29 13:30:00	1377404	875275	2252679	0.64
2024-10-29 14:00:00	1476863	951448	2428311	0.64
2024-10-29 14:30:00	1598095	1024183	2622278	0.64
2024-10-29 15:00:00	1789074	1145660	2934734	0.64
2024-10-29 15:15:00	1798673	1156335	2955008	0.64
2024-10-28 09:00:00	295785	185465	481250	0.63
2024-10-28 09:30:00	503939	308514	812453	0.61
2024-10-28 10:00:00	661653	404728	1066381	0.61
2024-10-28 10:30:00	792741	498960	1291701	0.63
2024-10-28 11:00:00	916184	584035	1500219	0.64
2024-10-28 11:30:00	1010345	650181	1660526	0.64
2024-10-28 12:00:00	1095243	729521	1824764	0.67
2024-10-28 12:30:00	1177833	795482	1973315	0.68
2024-10-28 13:00:00	1244738	841977	2086715	0.68
2024-10-28 13:30:00	1323008	895838	2218846	0.68
2024-10-28 14:00:00	1413341	957401	2370742	0.68
2024-10-28 14:30:00	1530482	1030941	2561423	0.67
2024-10-28 15:00:00	1700481	1139988	2840469	0.67
2024-10-28 15:15:00	1711988	1148692	2860680	0.67
2024-10-25 09:00:00	416029	244263	660292	0.59
2024-10-25 09:30:00	712506	465126	1177632	0.65
2024-10-25 10:00:00	909707	629571	1539278	0.69
2024-10-25 10:30:00	1088532	760695	1849227	0.7
2024-10-25 11:00:00	1241914	889634	2131548	0.72
2024-10-25 11:30:00	1751400	993621	2745021	0.57
2024-10-25 12:00:00	1861928	1063741	2925669	0.57
2024-10-25 12:30:00	1999053	1183848	3182901	0.59
2024-10-25 13:00:00	2168423	1330422	3498845	0.61
2024-10-25 13:30:00	2330436	1459971	3790407	0.63
2024-10-25 14:00:00	2470154	1545420	4015574	0.63
2024-10-25 14:30:00	2609514	1651431	4260945	0.63
2024-10-25 15:00:00	2826709	1829485	4656194	0.65
2024-10-25 15:15:00	2842041	1854110	4696151	0.65
2024-10-24 09:00:00	338928	184334	523262	0.54
2024-10-24 09:30:00	548317	303031	851348	0.55
2024-10-24 10:00:00	758536	402994	1161530	0.53
2024-10-24 10:30:00	897158	486585	1383743	0.54
2024-10-24 11:00:00	1019401	571095	1590496	0.56
2024-10-24 11:30:00	1228118	678709	1906827	0.55
2024-10-24 12:00:00	1329359	745571	2074930	0.56
2024-10-24 12:30:00	1622189	1075403	2697592	0.66
2024-10-24 13:00:00	1706372	1151320	2857692	0.67
2024-10-24 13:30:00	1803195	1209602	3012797	0.67
2024-10-24 14:00:00	1896681	1273045	3169726	0.67
2024-10-24 14:30:00	2006734	1359505	3366239	0.68
2024-10-24 15:00:00	2214757	1533024	3747781	0.69
2024-10-24 15:15:00	2232538	1544465	3777003	0.69
2024-10-23 09:00:00	234881	142162	377043	0.61
2024-10-23 09:30:00	438850	257042	695892	0.59
2024-10-23 10:00:00	559706	329126	888832	0.59
2024-10-23 10:30:00	696361	432611	1128972	0.62
2024-10-23 11:00:00	865331	534766	1400097	0.62
2024-10-23 11:30:00	971583	605165	1576748	0.62
2024-10-23 12:00:00	1189501	680972	1870473	0.57
2024-10-23 12:30:00	1313839	777349	2091188	0.59
2024-10-23 13:00:00	1453685	862768	2316453	0.59
2024-10-23 13:30:00	1658330	974879	2633209	0.59
2024-10-23 14:00:00	1824285	1065734	2890019	0.58
2024-10-23 14:30:00	1937173	1134684	3071857	0.59
2024-10-23 15:00:00	2096079	1260741	3356820	0.6
2024-10-23 15:15:00	2107951	1271281	3379232	0.6
2024-10-22 09:00:00	300438	174004	474442	0.58
2024-10-22 09:30:00	498995	281519	780514	0.56
2024-10-22 10:00:00	625505	366970	992475	0.59
2024-10-22 10:30:00	737595	439690	1177285	0.6
2024-10-22 11:00:00	839198	528727	1367925	0.63
2024-10-22 11:30:00	932394	595690	1528084	0.64
2024-10-22 12:00:00	1050354	719419	1769773	0.68
2024-10-22 12:30:00	1132921	777114	1910035	0.69
2024-10-22 13:00:00	1229771	851570	2081341	0.69
2024-10-22 13:30:00	1328863	936116	2264979	0.7
2024-10-22 14:00:00	1402788	993319	2396107	0.71
2024-10-22 14:30:00	1492500	1067316	2559816	0.72
2024-10-22 15:00:00	1660963	1169679	2830642	0.7
2024-10-22 15:15:00	1669041	1180207	2849248	0.71
2024-10-21 09:00:00	369187	171942	541129	0.47
2024-10-21 09:30:00	573383	293331	866714	0.51
2024-10-21 10:00:00	763798	450148	1213946	0.59
2024-10-21 10:30:00	903548	555620	1459168	0.61
2024-10-21 11:00:00	1018548	634591	1653139	0.62
2024-10-21 11:30:00	1120567	688639	1809206	0.61
2024-10-21 12:00:00	1192262	738672	1930934	0.62
2024-10-21 12:30:00	1273058	792256	2065314	0.62
2024-10-21 13:00:00	1362371	855301	2217672	0.63
2024-10-21 13:30:00	1448656	959299	2407955	0.66
2024-10-21 14:00:00	1511580	1014264	2525844	0.67
2024-10-21 14:30:00	1612804	1077116	2689920	0.67
2024-10-21 15:00:00	1776749	1189073	2965822	0.67
2024-10-21 15:15:00	1787991	1211957	2999948	0.68
2024-10-18 09:00:00	396553	211266	607819	0.53
2024-10-18 09:30:00	633460	349536	982996	0.55
2024-10-18 10:00:00	867022	490692	1357714	0.57
2024-10-18 10:30:00	1072889	605754	1678643	0.56
2024-10-18 11:00:00	1229960	698430	1928390	0.57
2024-10-18 11:30:00	1373491	794223	2167714	0.58
2024-10-18 12:00:00	1532169	906538	2438707	0.59
2024-10-18 12:30:00	1663949	1003570	2667519	0.6
2024-10-18 13:00:00	2156124	1169370	3325494	0.54
2024-10-18 13:30:00	2297768	1265110	3562878	0.55
2024-10-18 14:00:00	2478474	1373003	3851477	0.55
2024-10-18 14:30:00	2655222	1492224	4147446	0.56
2024-10-18 15:00:00	2904953	1657023	4561976	0.57
2024-10-18 15:15:00	2918650	1668481	4587131	0.57
2024-10-17 09:00:00	452351	233774	686125	0.52
2024-10-17 09:30:00	717109	499587	1216696	0.7
2024-10-17 10:00:00	907732	609935	1517667	0.67
2024-10-17 10:30:00	1061280	713534	1774814	0.67
2024-10-17 11:00:00	1176764	774401	1951165	0.66
2024-10-17 11:30:00	1290003	842533	2132536	0.65
2024-10-17 12:00:00	1378862	908095	2286957	0.66
2024-10-17 12:30:00	1474840	989514	2464354	0.67
2024-10-17 13:00:00	1592937	1088819	2681756	0.68
2024-10-17 13:30:00	1736043	1180180	2916223	0.68
2024-10-17 14:00:00	1906760	1247541	3154301	0.65
2024-10-17 14:30:00	2007009	1487312	3494321	0.74
2024-10-17 15:00:00	2215893	1883941	4099834	0.85
2024-10-17 15:15:00	2225400	1892380	4117780	0.85
2024-10-16 09:00:00	293344	163270	456614	0.56
2024-10-16 09:30:00	500206	320577	820783	0.64
2024-10-16 10:00:00	654163	428476	1082639	0.65
2024-10-16 10:30:00	803295	520890	1324185	0.65
2024-10-16 11:00:00	927419	575095	1502514	0.62
2024-10-16 11:30:00	1017157	626334	1643491	0.62
2024-10-16 12:00:00	1113920	674799	1788719	0.61
2024-10-16 12:30:00	1252285	740074	1992359	0.59
2024-10-16 13:00:00	1340193	791338	2131531	0.59
2024-10-16 13:30:00	1450802	868199	2319001	0.6
2024-10-16 14:00:00	1554022	937203	2491225	0.6
2024-10-16 14:30:00	1658390	1016943	2675333	0.61
2024-10-16 15:00:00	1842256	1181532	3023788	0.64
2024-10-16 15:15:00	1849889	1196264	3046153	0.65
2024-10-15 09:00:00	364091	189357	553448	0.52
2024-10-15 09:30:00	642889	363669	1006558	0.57
2024-10-15 10:00:00	955078	532041	1487119	0.56
2024-10-15 10:30:00	1104304	630907	1735211	0.57
2024-10-15 11:00:00	1232996	712067	1945063	0.58
2024-10-15 11:30:00	1347037	795709	2142746	0.59
2024-10-15 12:00:00	1464559	857419	2321978	0.59
2024-10-15 12:30:00	1550852	912521	2463373	0.59
2024-10-15 13:00:00	1659501	972420	2631921	0.59
2024-10-15 13:30:00	1750983	1050831	2801814	0.6
2024-10-15 14:00:00	1859197	1115083	2974280	0.6
2024-10-15 14:30:00	2005661	1219986	3225647	0.61
2024-10-15 15:00:00	2250893	1388307	3639200	0.62
2024-10-15 15:15:00	2261512	1399736	3661248	0.62
2024-10-14 09:00:00	455171	214414	669585	0.47
2024-10-14 09:30:00	727135	390809	1117944	0.54
2024-10-14 10:00:00	919738	520832	1440570	0.57
2024-10-14 10:30:00	1165486	609004	1774490	0.52
2024-10-14 11:00:00	1315816	684727	2000543	0.52
2024-10-14 11:30:00	1440516	752388	2192904	0.52
2024-10-14 12:00:00	1532704	827172	2359876	0.54
2024-10-14 12:30:00	1624816	892589	2517405	0.55
2024-10-14 13:00:00	1711214	944517	2655731	0.55
2024-10-14 13:30:00	1793955	1012218	2806173	0.56
2024-10-14 14:00:00	1888771	1080167	2968938	0.57
2024-10-14 14:30:00	2008203	1154294	3162497	0.57
2024-10-14 15:00:00	2187404	1280495	3467899	0.59
2024-10-14 15:15:00	2194729	1296869	3491598	0.59
2024-10-11 09:00:00	431601	260361	691962	0.6
2024-10-11 09:30:00	778910	499200	1278110	0.64
2024-10-11 10:00:00	1001262	662884	1664146	0.66
2024-10-11 10:30:00	1169189	776691	1945880	0.66
2024-10-11 11:00:00	1347852	884769	2232621	0.66
2024-10-11 11:30:00	1513157	1003560	2516717	0.66
2024-10-11 12:00:00	1660636	1105430	2766066	0.67
2024-10-11 12:30:00	1802074	1194437	2996511	0.66
2024-10-11 13:00:00	1940736	1590613	3531349	0.82
2024-10-11 13:30:00	2093814	1697860	3791674	0.81
2024-10-11 14:00:00	2228332	1783434	4011766	0.8
2024-10-11 14:30:00	2410118	1900172	4310290	0.79
2024-10-11 15:00:00	2697020	2084416	4781436	0.77
2024-10-11 15:15:00	2711744	2115134	4826878	0.78
2024-10-10 09:00:00	435197	219675	654872	0.5
2024-10-10 09:30:00	661137	340364	1001501	0.51
2024-10-10 10:00:00	822652	429784	1252436	0.52
2024-10-10 10:30:00	1163954	761265	1925219	0.65
2024-10-10 11:00:00	1321854	859813	2181667	0.65
2024-10-10 11:30:00	1471638	953715	2425353	0.65
2024-10-10 12:00:00	1585180	1023194	2608374	0.65
2024-10-10 12:30:00	1695090	1080610	2775700	0.64
2024-10-10 13:00:00	1798957	1144982	2943939	0.64
2024-10-10 13:30:00	1922658	1214380	3137038	0.63
2024-10-10 14:00:00	2056363	1277044	3333407	0.62
2024-10-10 14:30:00	2259059	1354496	3613555	0.6
2024-10-10 15:00:00	2442341	1513767	3956108	0.62
2024-10-10 15:15:00	2456976	1523746	3980722	0.62
2024-10-09 09:00:00	295055	161419	456474	0.55
2024-10-09 09:30:00	503215	360031	863246	0.72
2024-10-09 10:00:00	667562	476032	1143594	0.71
2024-10-09 10:30:00	843180	575647	1418827	0.68
2024-10-09 11:00:00	984176	726266	1710442	0.74
2024-10-09 11:30:00	1119733	812571	1932304	0.73
2024-10-09 12:00:00	1206810	899236	2106046	0.75
2024-10-09 12:30:00	1295007	965645	2260652	0.75
2024-10-09 13:00:00	1371962	1015615	2387577	0.74
2024-10-09 13:30:00	1463779	1074316	2538095	0.73
2024-10-09 14:00:00	1575678	1133964	2709642	0.72
2024-10-09 14:30:00	1679874	1216100	2895974	0.72
2024-10-09 15:00:00	1860533	1479233	3339766	0.8
2024-10-09 15:15:00	1873235	1496702	3369937	0.8
2024-10-08 09:00:00	291747	176059	467806	0.6
2024-10-08 09:30:00	506742	302063	808805	0.6
2024-10-08 10:00:00	751832	494995	1246827	0.66
2024-10-08 10:30:00	904469	578044	1482513	0.64
2024-10-08 11:00:00	1061680	667843	1729523	0.63
2024-10-08 11:30:00	1156821	725518	1882339	0.63
2024-10-08 12:00:00	1269199	780696	2049895	0.62
2024-10-08 12:30:00	1365688	851364	2217052	0.62
2024-10-08 13:00:00	1443413	896153	2339566	0.62
2024-10-08 13:30:00	1539667	956815	2496482	0.62
2024-10-08 14:00:00	1654204	1047312	2701516	0.63
2024-10-08 14:30:00	1756668	1124109	2880777	0.64
2024-10-08 15:00:00	1941769	1251262	3193031	0.64
2024-10-08 15:15:00	1950824	1263299	3214123	0.65
2024-10-07 09:00:00	298231	179413	477644	0.6
2024-10-07 09:30:00	502595	313923	816518	0.62
2024-10-07 10:00:00	726801	419187	1145988	0.58
2024-10-07 10:30:00	885116	520875	1405991	0.59
2024-10-07 11:00:00	1016164	645911	1662075	0.64
2024-10-07 11:30:00	1129399	711915	1841314	0.63
2024-10-07 12:00:00	1229559	779941	2009500	0.63
2024-10-07 12:30:00	1317924	837043	2154967	0.64
2024-10-07 13:00:00	1414739	899144	2313883	0.64
2024-10-07 13:30:00	1521389	969984	2491373	0.64
2024-10-07 14:00:00	1658070	1078415	2736485	0.65
2024-10-07 14:30:00	1770416	1155330	2925746	0.65
2024-10-07 15:00:00	1966504	1306629	3273133	0.66
2024-10-07 15:15:00	1976870	1321558	3298428	0.67
2024-10-04 09:00:00	446633	394897	841530	0.88
2024-10-04 09:30:00	725395	621353	1346748	0.86
2024-10-04 10:00:00	904083	757584	1661667	0.84
2024-10-04 10:30:00	1087970	897321	1985291	0.82
2024-10-04 11:00:00	1262611	1006650	2269261	0.8
2024-10-04 11:30:00	1419352	1119758	2539110	0.79
2024-10-04 12:00:00	1579901	1236004	2815905	0.78
2024-10-04 12:30:00	1736415	1333417	3069832	0.77
2024-10-04 13:00:00	1895941	1444734	3340675	0.76
2024-10-04 13:30:00	2043346	1538428	3581774	0.75
2024-10-04 14:00:00	2192412	1641363	3833775	0.75
2024-10-04 14:30:00	2390648	1784147	4174795	0.75
2024-10-04 15:00:00	2888195	2569928	5458123	0.89
2024-10-04 15:15:00	2911915	2587760	5499675	0.89
2024-10-03 09:00:00	344674	227685	572359	0.66
2024-10-03 09:30:00	606156	408315	1014471	0.67
2024-10-03 10:00:00	767682	524890	1292572	0.68
2024-10-03 10:30:00	901660	600493	1502153	0.67
2024-10-03 11:00:00	1016407	662246	1678653	0.65
2024-10-03 11:30:00	1110572	723437	1834009	0.65
2024-10-03 12:00:00	1233214	797708	2030922	0.65
2024-10-03 12:30:00	1365295	880237	2245532	0.64
2024-10-03 13:00:00	1459668	932853	2392521	0.64
2024-10-03 13:30:00	1550446	986078	2536524	0.64
2024-10-03 14:00:00	1625814	1042471	2668285	0.64
2024-10-03 14:30:00	1730485	1122370	2852855	0.65
2024-10-03 15:00:00	1913040	1502450	3415490	0.79
2024-10-03 15:15:00	1921727	1514811	3436538	0.79
2024-10-02 09:00:00	275070	186960	462030	0.68
2024-10-02 09:30:00	517115	292028	809143	0.56
2024-10-02 10:00:00	674274	377060	1051334	0.56
2024-10-02 10:30:00	857290	445517	1302807	0.52
2024-10-02 11:00:00	950827	520325	1471152	0.55
2024-10-02 11:30:00	1054415	581099	1635514	0.55
2024-10-02 12:00:00	1133901	673652	1807553	0.59
2024-10-02 12:30:00	1204688	729777	1934465	0.61
2024-10-02 13:00:00	1274039	775536	2049575	0.61
2024-10-02 13:30:00	1370871	879482	2250353	0.64
2024-10-02 14:00:00	1446198	923128	2369326	0.64
2024-10-02 14:30:00	1543142	986398	2529540	0.64
2024-10-02 15:00:00	1723747	1093369	2817116	0.63
2024-10-02 15:15:00	1733266	1106584	2839850	0.64
2024-10-01 09:00:00	261230	196702	457932	0.75
2024-10-01 09:30:00	484264	378655	862919	0.78
2024-10-01 10:00:00	655475	488768	1144243	0.75
2024-10-01 10:30:00	800810	593837	1394647	0.74
2024-10-01 11:00:00	914814	660976	1575790	0.72
2024-10-01 11:30:00	1086430	722231	1808661	0.66
2024-10-01 12:00:00	1194960	796170	1991130	0.67
2024-10-01 12:30:00	1283856	861255	2145111	0.67
2024-10-01 13:00:00	1390274	923084	2313358	0.66
2024-10-01 13:30:00	1499510	985482	2484992	0.66
2024-10-01 14:00:00	1592474	1076338	2668812	0.68
2024-10-01 14:30:00	1676918	1139272	2816190	0.68
2024-10-01 15:00:00	1825657	1276063	3101720	0.7
2024-10-01 15:15:00	1834616	1285077	3119693	0.7
2024-09-30 09:00:00	351935	184534	536469	0.52
2024-09-30 09:30:00	564212	321038	885250	0.57
2024-09-30 10:00:00	729461	400707	1130168	0.55
2024-09-30 10:30:00	867665	479093	1346758	0.55
2024-09-30 11:00:00	973968	551379	1525347	0.57
2024-09-30 11:30:00	1044517	612129	1656646	0.59
2024-09-30 12:00:00	1115074	656310	1771384	0.59
2024-09-30 12:30:00	1200417	704896	1905313	0.59
2024-09-30 13:00:00	1272194	763697	2035891	0.6
2024-09-30 13:30:00	1387144	841841	2228985	0.61
2024-09-30 14:00:00	1484586	922803	2407389	0.62
2024-09-30 14:30:00	1572761	980515	2553276	0.62
2024-09-30 15:00:00	1735539	1107631	2843170	0.64
2024-09-30 15:15:00	1743048	1121651	2864699	0.64
2024-09-27 09:00:00	384800	231229	616029	0.6
2024-09-27 09:30:00	671683	388715	1060398	0.58
2024-09-27 10:00:00	870765	519262	1390027	0.6
2024-09-27 10:30:00	1072395	632866	1705261	0.59
2024-09-27 11:00:00	1223924	757281	1981205	0.62
2024-09-27 11:30:00	1368255	864635	2232890	0.63
2024-09-27 12:00:00	1483329	935812	2419141	0.63
2024-09-27 12:30:00	1685530	1016392	2701922	0.6
2024-09-27 13:00:00	1810274	1080590	2890864	0.6
2024-09-27 13:30:00	1939367	1173975	3113342	0.61
2024-09-27 14:00:00	2090896	1293660	3384556	0.62
2024-09-27 14:30:00	2231755	1391561	3623316	0.62
2024-09-27 15:00:00	2451476	1548021	3999497	0.63
2024-09-27 15:15:00	2464618	1561913	4026531	0.63
2024-09-26 09:00:00	427447	214743	642190	0.5
2024-09-26 09:30:00	883401	599614	1483015	0.68
2024-09-26 10:00:00	1168486	754576	1923062	0.65
2024-09-26 10:30:00	1337390	847892	2185282	0.63
2024-09-26 11:00:00	1495318	911991	2407309	0.61
2024-09-26 11:30:00	1611873	973454	2585327	0.6
2024-09-26 12:00:00	1849339	1040352	2889691	0.56
2024-09-26 12:30:00	1998519	1116762	3115281	0.56
2024-09-26 13:00:00	2079136	1166194	3245330	0.56
2024-09-26 13:30:00	2229853	1229190	3459043	0.55
2024-09-26 14:00:00	2354522	1284477	3638999	0.55
2024-09-26 14:30:00	2483191	1354341	3837532	0.55
2024-09-26 15:00:00	2650725	1465161	4115886	0.55
2024-09-26 15:15:00	2659224	1471933	4131157	0.55
2024-09-25 09:00:00	327548	172900	500448	0.53
2024-09-25 09:30:00	614604	307399	922003	0.5
2024-09-25 10:00:00	776625	394105	1170730	0.51
2024-09-25 10:30:00	921272	469750	1391022	0.51
2024-09-25 11:00:00	1074358	556029	1630387	0.52
2024-09-25 11:30:00	1171709	620142	1791851	0.53
2024-09-25 12:00:00	1269062	681292	1950354	0.54
2024-09-25 12:30:00	1363162	758569	2121731	0.56
2024-09-25 13:00:00	1485646	825931	2311577	0.56
2024-09-25 13:30:00	1582107	877625	2459732	0.55
2024-09-25 14:00:00	1674070	934202	2608272	0.56
2024-09-25 14:30:00	1743433	995929	2739362	0.57
2024-09-25 15:00:00	1885999	1091683	2977682	0.58
2024-09-25 15:15:00	1896069	1139401	3035470	0.6
2024-09-24 09:00:00	274915	141732	416647	0.52
2024-09-24 09:30:00	466798	252695	719493	0.54
2024-09-24 10:00:00	621269	352022	973291	0.57
2024-09-24 10:30:00	771591	432025	1203616	0.56
2024-09-24 11:00:00	934702	521485	1456187	0.56
2024-09-24 11:30:00	1069282	604489	1673771	0.57
2024-09-24 12:00:00	1199613	677486	1877099	0.56
2024-09-24 12:30:00	1289509	755548	2045057	0.59
2024-09-24 13:00:00	1393967	804101	2198068	0.58
2024-09-24 13:30:00	1523849	894248	2418097	0.59
2024-09-24 14:00:00	1621300	997351	2618651	0.62
2024-09-24 14:30:00	1752477	1069513	2821990	0.61
2024-09-24 15:00:00	1925508	1159085	3084593	0.6
2024-09-24 15:15:00	1932497	1181082	3113579	0.61
2024-09-23 09:00:00	363653	185848	549501	0.51
2024-09-23 09:30:00	587784	307955	895739	0.52
2024-09-23 10:00:00	768264	413390	1181654	0.54
2024-09-23 10:30:00	891271	501405	1392676	0.56
2024-09-23 11:00:00	1014481	587739	1602220	0.58
2024-09-23 11:30:00	1114850	677441	1792291	0.61
2024-09-23 12:00:00	1216564	729360	1945924	0.6
2024-09-23 12:30:00	1307522	779842	2087364	0.6
2024-09-23 13:00:00	1384297	832692	2216989	0.6
2024-09-23 13:30:00	1481420	888663	2370083	0.6
2024-09-23 14:00:00	1564934	939695	2504629	0.6
2024-09-23 14:30:00	1663373	995591	2658964	0.6
2024-09-23 15:00:00	1841041	1106208	2947249	0.6
2024-09-23 15:15:00	1857905	1136918	2994823	0.61
2024-09-20 09:00:00	397945	306668	704613	0.77
2024-09-20 09:30:00	678225	526073	1204298	0.78
2024-09-20 10:00:00	988342	662091	1650433	0.67
2024-09-20 10:30:00	1205495	822462	2027957	0.68
2024-09-20 11:00:00	1392355	946329	2338684	0.68
2024-09-20 11:30:00	1572515	1045047	2617562	0.66
2024-09-20 12:00:00	1711568	1138331	2849899	0.67
2024-09-20 12:30:00	1839685	1225601	3065286	0.67
2024-09-20 13:00:00	1976525	1316220	3292745	0.67
2024-09-20 13:30:00	2124964	1435049	3560013	0.68
2024-09-20 14:00:00	2312332	1554974	3867306	0.67
2024-09-20 14:30:00	2518561	1671836	4190397	0.66
2024-09-20 15:00:00	2856131	1849251	4705382	0.65
2024-09-20 15:15:00	2870836	1864616	4735452	0.65
2024-09-19 09:00:00	537475	588636	1126111	1.1
2024-09-19 09:30:00	843531	792682	1636213	0.94
2024-09-19 10:00:00	1069611	930094	1999705	0.87
2024-09-19 10:30:00	1265280	1037799	2303079	0.82
2024-09-19 11:00:00	1467716	1151295	2619011	0.78
2024-09-19 11:30:00	1604354	1258214	2862568	0.78
2024-09-19 12:00:00	1740470	1349727	3090197	0.78
2024-09-19 12:30:00	1849521	1419291	3268812	0.77
2024-09-19 13:00:00	1978708	1493015	3471723	0.75
2024-09-19 13:30:00	2106229	1581603	3687832	0.75
2024-09-19 14:00:00	2218414	1644704	3863118	0.74
2024-09-19 14:30:00	2462642	1810955	4273597	0.74
2024-09-19 15:00:00	2640984	2380741	5021725	0.9
2024-09-19 15:15:00	2651961	2394917	5046878	0.9
2024-09-18 09:00:00	219825	243865	463690	1.11
2024-09-18 09:30:00	357740	322976	680716	0.9
2024-09-18 10:00:00	465263	393599	858862	0.85
2024-09-18 10:30:00	662052	561500	1223552	0.85
2024-09-18 11:00:00	756006	644491	1400497	0.85
2024-09-18 11:30:00	829174	699935	1529109	0.84
2024-09-18 12:00:00	895479	746699	1642178	0.83
2024-09-18 12:30:00	971975	799254	1771229	0.82
2024-09-18 13:00:00	1067669	858549	1926218	0.8
2024-09-18 13:30:00	1294586	996969	2291555	0.77
2024-09-18 14:00:00	1501619	1112148	2613767	0.74
2024-09-18 14:30:00	1677540	1229129	2906669	0.73
2024-09-18 15:00:00	1834153	1358914	3193067	0.74
2024-09-18 15:15:00	1848891	1370465	3219356	0.74
2024-09-17 09:00:00	393930	255591	649521	0.65
2024-09-17 09:30:00	655510	374502	1030012	0.57
2024-09-17 10:00:00	872937	471731	1344668	0.54
2024-09-17 10:30:00	1031054	544720	1575774	0.53
2024-09-17 11:00:00	1166020	615221	1781241	0.53
2024-09-17 11:30:00	1282849	692188	1975037	0.54
2024-09-17 12:00:00	1452228	773988	2226216	0.53
2024-09-17 12:30:00	1548176	831982	2380158	0.54
2024-09-17 13:00:00	1644870	894375	2539245	0.54
2024-09-17 13:30:00	1722676	946152	2668828	0.55
2024-09-17 14:00:00	1813122	989855	2802977	0.55
2024-09-17 14:30:00	1918781	1043041	2961822	0.54
2024-09-17 15:00:00	2097308	1139538	3236846	0.54
2024-09-17 15:15:00	2103695	1145077	3248772	0.54
2024-09-16 09:00:00	374356	206538	580894	0.55
2024-09-16 09:30:00	588795	330364	919159	0.56
2024-09-16 10:00:00	744617	439856	1184473	0.59
2024-09-16 10:30:00	873890	525437	1399327	0.6
2024-09-16 11:00:00	977821	594808	1572629	0.61
2024-09-16 11:30:00	1090820	668959	1759779	0.61
2024-09-16 12:00:00	1197383	742487	1939870	0.62
2024-09-16 12:30:00	1281076	815896	2096972	0.64
2024-09-16 13:00:00	1379718	879806	2259524	0.64
2024-09-16 13:30:00	1470088	930764	2400852	0.63
2024-09-16 14:00:00	1665693	996278	2661971	0.6
2024-09-16 14:30:00	1767635	1069343	2836978	0.6
2024-09-16 15:00:00	1929355	1158102	3087457	0.6
2024-09-16 15:15:00	1939400	1167615	3107015	0.6
2024-09-13 09:00:00	441667	247816	689483	0.56
2024-09-13 09:30:00	741025	543301	1284326	0.73
2024-09-13 10:00:00	968992	706592	1675584	0.73
2024-09-13 10:30:00	1199843	812769	2012612	0.68
2024-09-13 11:00:00	1346023	906354	2252377	0.67
2024-09-13 11:30:00	1494034	997075	2491109	0.67
2024-09-13 12:00:00	1612565	1089103	2701668	0.68
2024-09-13 12:30:00	1730724	1161949	2892673	0.67
2024-09-13 13:00:00	1838701	1242540	3081241	0.68
2024-09-13 13:30:00	1973846	1417417	3391263	0.72
2024-09-13 14:00:00	2114214	1506733	3620947	0.71
2024-09-13 14:30:00	2266740	1632586	3899326	0.72
2024-09-13 15:00:00	2508680	1759006	4267686	0.7
2024-09-13 15:15:00	2521836	1797202	4319038	0.71
2024-09-12 09:00:00	361343	203766	565109	0.56
2024-09-12 09:30:00	611200	348797	959997	0.57
2024-09-12 10:00:00	818724	490232	1308956	0.6
2024-09-12 10:30:00	966338	604738	1571076	0.63
2024-09-12 11:00:00	1075233	673062	1748295	0.63
2024-09-12 11:30:00	1162162	728477	1890639	0.63
2024-09-12 12:00:00	1262607	796561	2059168	0.63
2024-09-12 12:30:00	1381971	878382	2260353	0.64
2024-09-12 13:00:00	1581474	962924	2544398	0.61
2024-09-12 13:30:00	1705925	1484422	3190347	0.87
2024-09-12 14:00:00	1841570	1579426	3420996	0.86
2024-09-12 14:30:00	1941150	1657385	3598535	0.85
2024-09-12 15:00:00	2112798	1778972	3891770	0.84
2024-09-12 15:15:00	2120225	1816518	3936743	0.86
2024-09-11 09:00:00	226584	162441	389025	0.72
2024-09-11 09:30:00	388491	321750	710241	0.83
2024-09-11 10:00:00	521780	453210	974990	0.87
2024-09-11 10:30:00	635156	531603	1166759	0.84
2024-09-11 11:00:00	751584	612502	1364086	0.81
2024-09-11 11:30:00	964333	787964	1752297	0.82
2024-09-11 12:00:00	1051176	847337	1898513	0.81
2024-09-11 12:30:00	1172576	922307	2094883	0.79
2024-09-11 13:00:00	1303505	1007934	2311439	0.77
2024-09-11 13:30:00	1414280	1080457	2494737	0.76
2024-09-11 14:00:00	1549762	1172449	2722211	0.76
2024-09-11 14:30:00	1646688	1255533	2902221	0.76
2024-09-11 15:00:00	1843894	1393130	3237024	0.76
2024-09-11 15:15:00	1854384	1418424	3272808	0.76
2024-09-10 09:00:00	249519	153454	402973	0.61
2024-09-10 09:30:00	419551	289787	709338	0.69
2024-09-10 10:00:00	525457	385580	911037	0.73
2024-09-10 10:30:00	607780	441061	1048841	0.73
2024-09-10 11:00:00	703729	517992	1221721	0.74
2024-09-10 11:30:00	802960	607665	1410625	0.76
2024-09-10 12:00:00	899282	675061	1574343	0.75
2024-09-10 12:30:00	974351	728895	1703246	0.75
2024-09-10 13:00:00	1035948	792660	1828608	0.77
2024-09-10 13:30:00	1109710	856837	1966547	0.77
2024-09-10 14:00:00	1199415	921266	2120681	0.77
2024-09-10 14:30:00	1280503	980408	2260911	0.77
2024-09-10 15:00:00	1530291	1089115	2619406	0.71
2024-09-10 15:15:00	1536804	1097847	2634651	0.71
2024-09-09 09:00:00	241154	158197	399351	0.66
2024-09-09 09:30:00	386843	266649	653492	0.69
2024-09-09 10:00:00	490019	348646	838665	0.71
2024-09-09 10:30:00	576766	419208	995974	0.73
2024-09-09 11:00:00	658977	497340	1156317	0.75
2024-09-09 11:30:00	735380	547301	1282681	0.74
2024-09-09 12:00:00	807555	647730	1455285	0.8
2024-09-09 12:30:00	886767	706084	1592851	0.8
2024-09-09 13:00:00	945739	759976	1705715	0.8
2024-09-09 13:30:00	1003427	808042	1811469	0.81
2024-09-09 14:00:00	1119109	866969	1986078	0.77
2024-09-09 14:30:00	1184749	983550	2168299	0.83
2024-09-09 15:00:00	1294830	1084312	2379142	0.84
2024-09-09 15:15:00	1300428	1092288	2392716	0.84
2024-09-06 09:00:00	318002	314844	632846	0.99
2024-09-06 09:30:00	526402	508217	1034619	0.97
2024-09-06 10:00:00	753046	715798	1468844	0.95
2024-09-06 10:30:00	934746	887816	1822562	0.95
2024-09-06 11:00:00	1095871	1069251	2165122	0.98
2024-09-06 11:30:00	1237615	1191564	2429179	0.96
2024-09-06 12:00:00	1354095	1293003	2647098	0.95
2024-09-06 12:30:00	1476488	1408600	2885088	0.95
2024-09-06 13:00:00	1568776	1488155	3056931	0.95
2024-09-06 13:30:00	1692873	1577284	3270157	0.93
2024-09-06 14:00:00	1816899	1681658	3498557	0.93
2024-09-06 14:30:00	1956437	1798390	3754827	0.92
2024-09-06 15:00:00	2145739	2011676	4157415	0.94
2024-09-06 15:15:00	2158583	2026399	4184982	0.94
2024-09-05 09:00:00	231155	145593	376748	0.63
2024-09-05 09:30:00	419612	262350	681962	0.63
2024-09-05 10:00:00	555692	364856	920548	0.66
2024-09-05 10:30:00	663728	496406	1160134	0.75
2024-09-05 11:00:00	748870	565224	1314094	0.75
2024-09-05 11:30:00	827253	674155	1501408	0.81
2024-09-05 12:00:00	894916	730120	1625036	0.82
2024-09-05 12:30:00	954853	773348	1728201	0.81
2024-09-05 13:00:00	1038448	820164	1858612	0.79
2024-09-05 13:30:00	1103694	931326	2035020	0.84
2024-09-05 14:00:00	1170936	977246	2148182	0.83
2024-09-05 14:30:00	1260890	1271720	2532610	1.01
2024-09-05 15:00:00	1394665	1583281	2977946	1.14
2024-09-05 15:15:00	1403395	1593616	2997011	1.14
2024-09-04 09:00:00	215448	201026	416474	0.93
2024-09-04 09:30:00	357439	372185	729624	1.04
2024-09-04 10:00:00	583644	615076	1198720	1.05
2024-09-04 10:30:00	690184	688031	1378215	1.0
2024-09-04 11:00:00	759342	759096	1518438	1.0
2024-09-04 11:30:00	829743	817829	1647572	0.99
2024-09-04 12:00:00	891148	871535	1762683	0.98
2024-09-04 12:30:00	946318	907363	1853681	0.96
2024-09-04 13:00:00	1001626	954099	1955725	0.95
2024-09-04 13:30:00	1072445	997949	2070394	0.93
2024-09-04 14:00:00	1138987	1055036	2194023	0.93
2024-09-04 14:30:00	1227264	1129129	2356393	0.92
2024-09-04 15:00:00	1332473	1227852	2560325	0.92
2024-09-04 15:15:00	1339761	1241523	2581284	0.93
2024-09-03 09:00:00	273085	190554	463639	0.7
2024-09-03 09:30:00	494208	328519	822727	0.66
2024-09-03 10:00:00	749492	465086	1214578	0.62
2024-09-03 10:30:00	884013	554796	1438809	0.63
2024-09-03 11:00:00	985109	616111	1601220	0.63
2024-09-03 11:30:00	1077749	689718	1767467	0.64
2024-09-03 12:00:00	1150004	746875	1896879	0.65
2024-09-03 12:30:00	1229891	797037	2026928	0.65
2024-09-03 13:00:00	1310921	863184	2174105	0.66
2024-09-03 13:30:00	1411284	941464	2352748	0.67
2024-09-03 14:00:00	1496052	1014725	2510777	0.68
2024-09-03 14:30:00	1611298	1092538	2703836	0.68
2024-09-03 15:00:00	1792905	1258016	3050921	0.7
2024-09-03 15:15:00	1805185	1273958	3079143	0.71
2024-08-30 09:00:00	378006	210336	588342	0.56
2024-08-30 09:30:00	632920	382918	1015838	0.61
2024-08-30 10:00:00	817656	515579	1333235	0.63
2024-08-30 10:30:00	987924	667680	1655604	0.68
2024-08-30 11:00:00	1158020	789102	1947122	0.68
2024-08-30 11:30:00	1284588	900599	2185187	0.7
2024-08-30 12:00:00	1418617	1007624	2426241	0.71
2024-08-30 12:30:00	1523314	1090658	2613972	0.72
2024-08-30 13:00:00	1647668	1162127	2809795	0.71
2024-08-30 13:30:00	1760124	1242754	3002878	0.71
2024-08-30 14:00:00	1887592	1331556	3219148	0.71
2024-08-30 14:30:00	2034503	1446875	3481378	0.71
2024-08-30 15:00:00	2288822	1623873	3912695	0.71
2024-08-30 15:15:00	2304821	1641791	3946612	0.71
2024-08-29 09:00:00	343269	216138	559407	0.63
2024-08-29 09:30:00	568828	375208	944036	0.66
2024-08-29 10:00:00	741862	478166	1220028	0.64
2024-08-29 10:30:00	873758	572890	1446648	0.66
2024-08-29 11:00:00	963844	644483	1608327	0.67
2024-08-29 11:30:00	1059339	712833	1772172	0.67
2024-08-29 12:00:00	1166766	780455	1947221	0.67
2024-08-29 12:30:00	1253434	833985	2087419	0.67
2024-08-29 13:00:00	1342357	881704	2224061	0.66
2024-08-29 13:30:00	1447359	955828	2403187	0.66
2024-08-29 14:00:00	1608687	1106135	2714822	0.69
2024-08-29 14:30:00	1715032	1184163	2899195	0.69
2024-08-29 15:00:00	1880103	1286193	3166296	0.68
2024-08-29 15:15:00	1890830	1294602	3185432	0.68
2024-08-28 09:00:00	212429	139087	351516	0.65
2024-08-28 09:30:00	353611	224207	577818	0.63
2024-08-28 10:00:00	502451	326004	828455	0.65
2024-08-28 10:30:00	663356	440693	1104049	0.66
2024-08-28 11:00:00	779753	514505	1294258	0.66
2024-08-28 11:30:00	872081	575352	1447433	0.66
2024-08-28 12:00:00	954662	632872	1587534	0.66
2024-08-28 12:30:00	1027182	682875	1710057	0.66
2024-08-28 13:00:00	1124167	739132	1863299	0.66
2024-08-28 13:30:00	1224017	817656	2041673	0.67
2024-08-28 14:00:00	1327543	910005	2237548	0.69
2024-08-28 14:30:00	1451694	1002295	2453989	0.69
2024-08-28 15:00:00	1642390	1148972	2791362	0.7
2024-08-28 15:15:00	1649065	1157248	2806313	0.7
2024-08-27 09:00:00	203059	126393	329452	0.62
2024-08-27 09:30:00	325862	249437	575299	0.77
2024-08-27 10:00:00	420655	322655	743310	0.77
2024-08-27 10:30:00	525754	384327	910081	0.73
2024-08-27 11:00:00	604613	446817	1051430	0.74
2024-08-27 11:30:00	678748	486928	1165676	0.72
2024-08-27 12:00:00	732164	531893	1264057	0.73
2024-08-27 12:30:00	779929	569064	1348993	0.73
2024-08-27 13:00:00	841132	627880	1469012	0.75
2024-08-27 13:30:00	906115	672801	1578916	0.74
2024-08-27 14:00:00	967840	716264	1684104	0.74
2024-08-27 14:30:00	1043862	807426	1851288	0.77
2024-08-27 15:00:00	1159645	895275	2054920	0.77
2024-08-27 15:15:00	1169676	903867	2073543	0.77
2024-08-26 09:00:00	269917	172501	442418	0.64
2024-08-26 09:30:00	464984	336560	801544	0.72
2024-08-26 10:00:00	620726	643278	1264004	1.04
2024-08-26 10:30:00	721733	717510	1439243	0.99
2024-08-26 11:00:00	810289	781811	1592100	0.96
2024-08-26 11:30:00	882727	829139	1711866	0.94
2024-08-26 12:00:00	973789	877332	1851121	0.9
2024-08-26 12:30:00	1047977	921620	1969597	0.88
2024-08-26 13:00:00	1126949	980178	2107127	0.87
2024-08-26 13:30:00	1199665	1028944	2228609	0.86
2024-08-26 14:00:00	1276791	1073062	2349853	0.84
2024-08-26 14:30:00	1351966	1124294	2476260	0.83
2024-08-26 15:00:00	1473203	1203233	2676436	0.82
2024-08-26 15:15:00	1482802	1212945	2695747	0.82
2024-08-23 09:00:00	276213	185335	461548	0.67
2024-08-23 09:30:00	596698	587655	1184353	0.98
2024-08-23 10:00:00	850146	1170272	2020418	1.38
2024-08-23 10:30:00	1007181	1283377	2290558	1.27
2024-08-23 11:00:00	1138156	1401675	2539831	1.23
2024-08-23 11:30:00	1256285	1497451	2753736	1.19
2024-08-23 12:00:00	1391269	1638534	3029803	1.18
2024-08-23 12:30:00	1496224	1705857	3202081	1.14
2024-08-23 13:00:00	1608935	1781902	3390837	1.11
2024-08-23 13:30:00	1712949	1847360	3560309	1.08
2024-08-23 14:00:00	1904167	1932443	3836610	1.01
2024-08-23 14:30:00	2073747	2036269	4110016	0.98
2024-08-23 15:00:00	2297484	2163955	4461439	0.94
2024-08-23 15:15:00	2317587	2178916	4496503	0.94
2024-08-22 09:00:00	276116	167650	443766	0.61
2024-08-22 09:30:00	469519	294967	764486	0.63
2024-08-22 10:00:00	591293	373188	964481	0.63
2024-08-22 10:30:00	755113	455258	1210371	0.6
2024-08-22 11:00:00	917634	570096	1487730	0.62
2024-08-22 11:30:00	1023147	638019	1661166	0.62
2024-08-22 12:00:00	1123952	700903	1824855	0.62
2024-08-22 12:30:00	1197482	759730	1957212	0.63
2024-08-22 13:00:00	1348428	834424	2182852	0.62
2024-08-22 13:30:00	1452401	907565	2359966	0.62
2024-08-22 14:00:00	1525601	964412	2490013	0.63
2024-08-22 14:30:00	1636874	1171402	2808276	0.72
2024-08-22 15:00:00	1842284	1397251	3239535	0.76
2024-08-22 15:15:00	1853291	1410757	3264048	0.76
2024-08-21 09:00:00	231530	109924	341454	0.47
2024-08-21 09:30:00	400422	206203	606625	0.51
2024-08-21 10:00:00	546292	304293	850585	0.56
2024-08-21 10:30:00	637206	349493	986699	0.55
2024-08-21 11:00:00	716851	404625	1121476	0.56
2024-08-21 11:30:00	798413	457976	1256389	0.57
2024-08-21 12:00:00	852751	504690	1357441	0.59
2024-08-21 12:30:00	916125	544059	1460184	0.59
2024-08-21 13:00:00	998351	596332	1594683	0.6
2024-08-21 13:30:00	1083498	655824	1739322	0.61
2024-08-21 14:00:00	1185451	718015	1903466	0.61
2024-08-21 14:30:00	1275878	800532	2076410	0.63
2024-08-21 15:00:00	1405915	899538	2305453	0.64
2024-08-21 15:15:00	1413599	922203	2335802	0.65
2024-08-20 09:00:00	318224	153972	472196	0.48
2024-08-20 09:30:00	551066	303873	854939	0.55
2024-08-20 10:00:00	735497	429019	1164516	0.58
2024-08-20 10:30:00	837132	515012	1352144	0.62
2024-08-20 11:00:00	942287	575599	1517886	0.61
2024-08-20 11:30:00	1023307	632287	1655594	0.62
2024-08-20 12:00:00	1100956	695756	1796712	0.63
2024-08-20 12:30:00	1166595	761751	1928346	0.65
2024-08-20 13:00:00	1228874	805152	2034026	0.66
2024-08-20 13:30:00	1305571	861518	2167089	0.66
2024-08-20 14:00:00	1390186	918249	2308435	0.66
2024-08-20 14:30:00	1462539	967127	2429666	0.66
2024-08-20 15:00:00	1593731	1060319	2654050	0.67
2024-08-20 15:15:00	1600979	1068232	2669211	0.67
2024-08-19 09:00:00	357312	167069	524381	0.47
2024-08-19 09:30:00	590517	281628	872145	0.48
2024-08-19 10:00:00	754823	377781	1132604	0.5
2024-08-19 10:30:00	908050	479621	1387671	0.53
2024-08-19 11:00:00	1062434	564272	1626706	0.53
2024-08-19 11:30:00	1172297	641878	1814175	0.55
2024-08-19 12:00:00	1273645	708062	1981707	0.56
2024-08-19 12:30:00	1373195	776057	2149252	0.57
2024-08-19 13:00:00	1473340	844302	2317642	0.57
2024-08-19 13:30:00	1593937	912301	2506238	0.57
2024-08-19 14:00:00	1724738	1002531	2727269	0.58
2024-08-19 14:30:00	1849195	1078044	2927239	0.58
2024-08-19 15:00:00	2025036	1204698	3229734	0.59
2024-08-19 15:15:00	2034839	1264317	3299156	0.62
2024-08-16 09:00:00	330157	196580	526737	0.6
2024-08-16 09:30:00	612573	352860	965433	0.58
2024-08-16 10:00:00	878690	493798	1372488	0.56
2024-08-16 10:30:00	1027100	595065	1622165	0.58
2024-08-16 11:00:00	1189892	723933	1913825	0.61
2024-08-16 11:30:00	1346073	813335	2159408	0.6
2024-08-16 12:00:00	1500098	910815	2410913	0.61
2024-08-16 12:30:00	1653923	1005226	2659149	0.61
2024-08-16 13:00:00	1782137	1086779	2868916	0.61
2024-08-16 13:30:00	1978335	1179552	3157887	0.6
2024-08-16 14:00:00	2124574	1276950	3401524	0.6
2024-08-16 14:30:00	2302055	1874448	4176503	0.81
2024-08-16 15:00:00	2550054	2037387	4587441	0.8
2024-08-16 15:15:00	2568326	2053593	4621919	0.8
2024-08-15 09:00:00	442977	324026	767003	0.73
2024-08-15 09:30:00	744513	503366	1247879	0.68
2024-08-15 10:00:00	964610	647497	1612107	0.67
2024-08-15 10:30:00	1138318	766451	1904769	0.67
2024-08-15 11:00:00	1321414	1163770	2485184	0.88
2024-08-15 11:30:00	1456459	1247689	2704148	0.86
2024-08-15 12:00:00	1603967	1324606	2928573	0.83
2024-08-15 12:30:00	1711237	1388048	3099285	0.81
2024-08-15 13:00:00	1824257	1658953	3483210	0.91
2024-08-15 13:30:00	1952926	1744944	3697870	0.89
2024-08-15 14:00:00	2074953	1878189	3953142	0.91
2024-08-15 14:30:00	2217679	1996549	4214228	0.9
2024-08-15 15:00:00	2403815	2134435	4538250	0.89
2024-08-15 15:15:00	2414687	2152664	4567351	0.89
2024-08-13 09:00:00	324950	207775	532725	0.64
2024-08-13 09:30:00	535330	337750	873080	0.63
2024-08-13 10:00:00	715962	444972	1160934	0.62
2024-08-13 10:30:00	844840	537504	1382344	0.64
2024-08-13 11:00:00	974856	636541	1611397	0.65
2024-08-13 11:30:00	1075941	719529	1795470	0.67
2024-08-13 12:00:00	1180003	799064	1979067	0.68
2024-08-13 12:30:00	1311819	1173426	2485245	0.89
2024-08-13 13:00:00	1423100	1251485	2674585	0.88
2024-08-13 13:30:00	1515763	1335317	2851080	0.88
2024-08-13 14:00:00	1599818	1400209	3000027	0.88
2024-08-13 14:30:00	1713262	1502338	3215600	0.88
2024-08-13 15:00:00	1895673	1623198	3518871	0.86
2024-08-13 15:15:00	1908892	1638497	3547389	0.86
2024-08-12 09:00:00	253263	172583	425846	0.68
2024-08-12 09:30:00	440721	349986	790707	0.79
2024-08-12 10:00:00	581660	445573	1027233	0.77
2024-08-12 10:30:00	711720	537630	1249350	0.76
2024-08-12 11:00:00	799587	616534	1416121	0.77
2024-08-12 11:30:00	874487	668984	1543471	0.77
2024-08-12 12:00:00	953922	729305	1683227	0.76
2024-08-12 12:30:00	1021590	787760	1809350	0.77
2024-08-12 13:00:00	1096961	841663	1938624	0.77
2024-08-12 13:30:00	1162442	902294	2064736	0.78
2024-08-12 14:00:00	1231877	958571	2190448	0.78
2024-08-12 14:30:00	1312885	1127185	2440070	0.86
2024-08-12 15:00:00	1432763	1233240	2666003	0.86
2024-08-12 15:15:00	1440683	1247343	2688026	0.87
2024-08-09 09:00:00	379613	271256	650869	0.71
2024-08-09 09:30:00	638312	465568	1103880	0.73
2024-08-09 10:00:00	837760	634229	1471989	0.76
2024-08-09 10:30:00	1014239	776391	1790630	0.77
2024-08-09 11:00:00	1167499	905981	2073480	0.78
2024-08-09 11:30:00	1289122	1009730	2298852	0.78
2024-08-09 12:00:00	1408049	1105244	2513293	0.78
2024-08-09 12:30:00	1572188	1249305	2821493	0.79
2024-08-09 13:00:00	1730954	1389999	3120953	0.8
2024-08-09 13:30:00	1905150	1490726	3395876	0.78
2024-08-09 14:00:00	2034394	1588144	3622538	0.78
2024-08-09 14:30:00	2188863	1708468	3897331	0.78
2024-08-09 15:00:00	2422333	1885722	4308055	0.78
2024-08-09 15:15:00	2433630	1902404	4336034	0.78
2024-08-08 09:00:00	234325	182559	416884	0.78
2024-08-08 09:30:00	409899	307949	717848	0.75
2024-08-08 10:00:00	659471	589654	1249125	0.89
2024-08-08 10:30:00	791203	692270	1483473	0.87
2024-08-08 11:00:00	908574	789341	1697915	0.87
2024-08-08 11:30:00	1014655	865875	1880530	0.85
2024-08-08 12:00:00	1113619	937147	2050766	0.84
2024-08-08 12:30:00	1201033	1014387	2215420	0.84
2024-08-08 13:00:00	1384602	1098403	2483005	0.79
2024-08-08 13:30:00	1557393	1188346	2745739	0.76
2024-08-08 14:00:00	1657907	1357235	3015142	0.82
2024-08-08 14:30:00	1783458	1886721	3670179	1.06
2024-08-08 15:00:00	1959624	2045076	4004700	1.04
2024-08-08 15:15:00	1970591	2061566	4032157	1.05
2024-08-07 09:00:00	301576	271532	573108	0.9
2024-08-07 09:30:00	503914	434450	938364	0.86
2024-08-07 10:00:00	661519	547633	1209152	0.83
2024-08-07 10:30:00	783006	639762	1422768	0.82
2024-08-07 11:00:00	897525	739117	1636642	0.82
2024-08-07 11:30:00	1003747	838449	1842196	0.84
2024-08-07 12:00:00	1092246	911711	2003957	0.83
2024-08-07 12:30:00	1208162	1019144	2227306	0.84
2024-08-07 13:00:00	1315508	1119543	2435051	0.85
2024-08-07 13:30:00	1470658	1343280	2813938	0.91
2024-08-07 14:00:00	1570299	1496999	3067298	0.95
2024-08-07 14:30:00	1682289	1609561	3291850	0.96
2024-08-07 15:00:00	1849707	1734405	3584112	0.94
2024-08-07 15:15:00	1861345	1750852	3612197	0.94
2024-08-06 09:00:00	221896	154785	376681	0.7
2024-08-06 09:30:00	397958	277696	675654	0.7
2024-08-06 10:00:00	574359	407883	982242	0.71
2024-08-06 10:30:00	676687	490859	1167546	0.73
2024-08-06 11:00:00	771495	559908	1331403	0.73
2024-08-06 11:30:00	868804	638724	1507528	0.74
2024-08-06 12:00:00	967466	782558	1750024	0.81
2024-08-06 12:30:00	1069635	860039	1929674	0.8
2024-08-06 13:00:00	1164034	934507	2098541	0.8
2024-08-06 13:30:00	1238066	1015842	2253908	0.82
2024-08-06 14:00:00	1355771	1105967	2461738	0.82
2024-08-06 14:30:00	1463009	1205993	2669002	0.82
2024-08-06 15:00:00	1602033	1337639	2939672	0.83
2024-08-06 15:15:00	1607480	1351008	2958488	0.84
2024-08-05 09:00:00	356215	422763	778978	1.19
2024-08-05 09:30:00	549206	606204	1155410	1.1
2024-08-05 10:00:00	715154	735889	1451043	1.03
2024-08-05 10:30:00	1022958	1078238	2101196	1.05
2024-08-05 11:00:00	1158119	1191116	2349235	1.03
2024-08-05 11:30:00	1285580	1281245	2566825	1.0
2024-08-05 12:00:00	1393029	1385028	2778057	0.99
2024-08-05 12:30:00	1516098	1472478	2988576	0.97
2024-08-05 13:00:00	1598289	1543190	3141479	0.97
2024-08-05 13:30:00	1674569	1631006	3305575	0.97
2024-08-05 14:00:00	1781555	1745298	3526853	0.98
2024-08-05 14:30:00	1873605	1890044	3763649	1.01
2024-08-05 15:00:00	2030721	2021101	4051822	1.0
2024-08-05 15:15:00	2044312	2039941	4084253	1.0
2024-08-02 09:00:00	508660	561874	1070534	1.1
2024-08-02 09:30:00	871962	977330	1849292	1.12
2024-08-02 10:00:00	1115427	1252762	2368189	1.12
2024-08-02 10:30:00	1346858	1439514	2786372	1.07
2024-08-02 11:00:00	1583151	1622657	3205808	1.02
2024-08-02 11:30:00	1733654	1794202	3527856	1.03
2024-08-02 12:00:00	1881729	1916230	3797959	1.02
2024-08-02 12:30:00	1996008	2018209	4014217	1.01
2024-08-02 13:00:00	2105361	2155277	4260638	1.02
2024-08-02 13:30:00	2229676	2260533	4490209	1.01
2024-08-02 14:00:00	2349379	2450049	4799428	1.04
2024-08-02 14:30:00	2490458	2569279	5059737	1.03
2024-08-02 15:00:00	2727397	2783376	5510773	1.02
2024-08-02 15:15:00	2742449	2797841	5540290	1.02
2024-08-01 09:00:00	345832	206690	552522	0.6
2024-08-01 09:30:00	580295	387941	968236	0.67
2024-08-01 10:00:00	784590	585414	1370004	0.75
2024-08-01 10:30:00	955296	721538	1676834	0.76
2024-08-01 11:00:00	1132512	863023	1995535	0.76
2024-08-01 11:30:00	1274199	972749	2246948	0.76
2024-08-01 12:00:00	1398362	1072017	2470379	0.77
2024-08-01 12:30:00	1564729	1213620	2778349	0.78
2024-08-01 13:00:00	1715655	1355558	3071213	0.79
2024-08-01 13:30:00	1836194	1469739	3305933	0.8
2024-08-01 14:00:00	1980677	1600628	3581305	0.81
2024-08-01 14:30:00	2144840	1733723	3878563	0.81
2024-08-01 15:00:00	2536708	1973156	4509864	0.78
2024-08-01 15:15:00	2547138	1993610	4540748	0.78
2024-07-31 09:00:00	402940	218325	621265	0.54
2024-07-31 09:30:00	636950	576117	1213067	0.9
2024-07-31 10:00:00	828146	734153	1562299	0.89
2024-07-31 10:30:00	946770	863560	1810330	0.91
2024-07-31 11:00:00	1058632	945747	2004379	0.89
2024-07-31 11:30:00	1158051	1009440	2167491	0.87
2024-07-31 12:00:00	1248448	1071988	2320436	0.86
2024-07-31 12:30:00	1339415	1131989	2471404	0.85
2024-07-31 13:00:00	1436656	1207376	2644032	0.84
2024-07-31 13:30:00	1527908	1264469	2792377	0.83
2024-07-31 14:00:00	1692150	1403236	3095386	0.83
2024-07-31 14:30:00	1867740	1525953	3393693	0.82
2024-07-31 15:00:00	2057137	1652298	3709435	0.8
2024-07-31 15:15:00	2064365	1660845	3725210	0.8
2024-07-30 09:00:00	203575	133584	337159	0.66
2024-07-30 09:30:00	391628	246684	638312	0.63
2024-07-30 10:00:00	517832	364940	882772	0.7
2024-07-30 10:30:00	683081	506230	1189311	0.74
2024-07-30 11:00:00	823485	651430	1474915	0.79
2024-07-30 11:30:00	925936	733191	1659127	0.79
2024-07-30 12:00:00	1048580	830811	1879391	0.79
2024-07-30 12:30:00	1167668	906010	2073678	0.78
2024-07-30 13:00:00	1297302	959222	2256524	0.74
2024-07-30 13:30:00	1385478	1026969	2412447	0.74
2024-07-30 14:00:00	1464718	1091115	2555833	0.74
2024-07-30 14:30:00	1565549	1156516	2722065	0.74
2024-07-30 15:00:00	1735496	1284230	3019726	0.74
2024-07-30 15:15:00	1749430	1299596	3049026	0.74
2024-07-29 09:00:00	269013	172253	441266	0.64
2024-07-29 09:30:00	440977	285694	726671	0.65
2024-07-29 10:00:00	561434	400942	962376	0.71
2024-07-29 10:30:00	681950	557878	1239828	0.82
2024-07-29 11:00:00	792171	630539	1422710	0.8
2024-07-29 11:30:00	894925	697844	1592769	0.78
2024-07-29 12:00:00	969936	846761	1816697	0.87
2024-07-29 12:30:00	1044018	891970	1935988	0.85
2024-07-29 13:00:00	1110759	935293	2046052	0.84
2024-07-29 13:30:00	1181479	977384	2158863	0.83
2024-07-29 14:00:00	1247975	1034578	2282553	0.83
2024-07-29 14:30:00	1333596	1103289	2436885	0.83
2024-07-29 15:00:00	1461048	1214798	2675846	0.83
2024-07-29 15:15:00	1467052	1221597	2688649	0.83
2024-07-26 09:00:00	326873	228305	555178	0.7
2024-07-26 09:30:00	567456	426597	994053	0.75
2024-07-26 10:00:00	741740	575109	1316849	0.78
2024-07-26 10:30:00	1149086	1038157	2187243	0.9
2024-07-26 11:00:00	1298761	1146719	2445480	0.88
2024-07-26 11:30:00	1458728	1264292	2723020	0.87
2024-07-26 12:00:00	1606797	1361629	2968426	0.85
2024-07-26 12:30:00	1710350	1442480	3152830	0.84
2024-07-26 13:00:00	1831777	1571405	3403182	0.86
2024-07-26 13:30:00	1931886	1672059	3603945	0.87
2024-07-26 14:00:00	2028108	1768682	3796790	0.87
2024-07-26 14:30:00	2167286	1897345	4064631	0.88
2024-07-26 15:00:00	2376403	2071008	4447411	0.87
2024-07-26 15:15:00	2395784	2092922	4488706	0.87
2024-07-25 09:00:00	376294	266404	642698	0.71
2024-07-25 09:30:00	703390	541600	1244990	0.77
2024-07-25 10:00:00	956342	742274	1698616	0.78
2024-07-25 10:30:00	1159725	867489	2027214	0.75
2024-07-25 11:00:00	1303810	954664	2258474	0.73
2024-07-25 11:30:00	1466117	1057035	2523152	0.72
2024-07-25 12:00:00	1610467	1158816	2769283	0.72
2024-07-25 12:30:00	1757296	1251702	3008998	0.71
2024-07-25 13:00:00	1924949	1319234	3244183	0.69
2024-07-25 13:30:00	2020456	1555090	3575546	0.77
2024-07-25 14:00:00	2142530	1814320	3956850	0.85
2024-07-25 14:30:00	2265400	1901748	4167148	0.84
2024-07-25 15:00:00	2433855	2046704	4480559	0.84
2024-07-25 15:15:00	2450261	2063025	4513286	0.84
2024-07-24 09:00:00	381034	272501	653535	0.72
2024-07-24 09:30:00	622138	460022	1082160	0.74
2024-07-24 10:00:00	795156	629801	1424957	0.79
2024-07-24 10:30:00	948958	758597	1707555	0.8
2024-07-24 11:00:00	1086020	875086	1961106	0.81
2024-07-24 11:30:00	1232621	1001185	2233806	0.81
2024-07-24 12:00:00	1366308	1103301	2469609	0.81
2024-07-24 12:30:00	1547764	1183511	2731275	0.76
2024-07-24 13:00:00	1673898	1255406	2929304	0.75
2024-07-24 13:30:00	1784771	1351770	3136541	0.76
2024-07-24 14:00:00	1929968	1513356	3443324	0.78
2024-07-24 14:30:00	2078276	1654731	3733007	0.8
2024-07-24 15:00:00	2325397	1881253	4206650	0.81
2024-07-24 15:15:00	2337135	1908829	4245964	0.82
2024-07-23 09:00:00	269784	139055	408839	0.52
2024-07-23 09:30:00	462438	268610	731048	0.58
2024-07-23 10:00:00	606228	365828	972056	0.6
2024-07-23 10:30:00	753490	450915	1204405	0.6
2024-07-23 11:00:00	853436	523608	1377044	0.61
2024-07-23 11:30:00	960093	599459	1559552	0.62
2024-07-23 12:00:00	1065024	711352	1776376	0.67
2024-07-23 12:30:00	1139217	769522	1908739	0.68
2024-07-23 13:00:00	1219575	824767	2044342	0.68
2024-07-23 13:30:00	1302683	882500	2185183	0.68
2024-07-23 14:00:00	1386533	960405	2346938	0.69
2024-07-23 14:30:00	1488597	1122921	2611518	0.75
2024-07-23 15:00:00	1692911	1269810	2962721	0.75
2024-07-23 15:15:00	1700764	1274845	2975609	0.75
2024-07-22 09:00:00	370255	198869	569124	0.54
2024-07-22 09:30:00	588425	338498	926923	0.58
2024-07-22 10:00:00	739529	454032	1193561	0.61
2024-07-22 10:30:00	877063	542512	1419575	0.62
2024-07-22 11:00:00	987841	613587	1601428	0.62
2024-07-22 11:30:00	1105213	668438	1773651	0.6
2024-07-22 12:00:00	1210581	761127	1971708	0.63
2024-07-22 12:30:00	1305488	842965	2148453	0.65
2024-07-22 13:00:00	1389971	908901	2298872	0.65
2024-07-22 13:30:00	1494160	969959	2464119	0.65
2024-07-22 14:00:00	1599711	1048175	2647886	0.66
2024-07-22 14:30:00	1696406	1120133	2816539	0.66
2024-07-22 15:00:00	1850323	1226174	3076497	0.66
2024-07-22 15:15:00	1860006	1235188	3095194	0.66
2024-07-19 09:00:00	473312	308007	781319	0.65
2024-07-19 09:30:00	817393	559916	1377309	0.69
2024-07-19 10:00:00	1087946	738746	1826692	0.68
2024-07-19 10:30:00	1320484	906228	2226712	0.69
2024-07-19 11:00:00	1558999	1076196	2635195	0.69
2024-07-19 11:30:00	1745821	1217124	2962945	0.7
2024-07-19 12:00:00	1942420	1369583	3312003	0.71
2024-07-19 12:30:00	2143448	1531942	3675390	0.71
2024-07-19 13:00:00	2323015	1644971	3967986	0.71
2024-07-19 13:30:00	2514898	1756739	4271637	0.7
2024-07-19 14:00:00	2724412	1928291	4652703	0.71
2024-07-19 14:30:00	2977804	2092081	5069885	0.7
2024-07-19 15:00:00	3330300	2344792	5675092	0.7
2024-07-19 15:15:00	3344858	2361176	5706034	0.71
2024-07-17 09:00:00	491091	274510	765601	0.56
2024-07-17 09:30:00	888592	499848	1388440	0.56
2024-07-17 10:00:00	1125487	647543	1773030	0.58
2024-07-17 10:30:00	1405668	885031	2290699	0.63
2024-07-17 11:00:00	1561254	1009001	2570255	0.65
2024-07-17 11:30:00	1728164	1115247	2843411	0.65
2024-07-17 12:00:00	1906486	1249445	3155931	0.66
2024-07-17 12:30:00	2036015	1341194	3377209	0.66
2024-07-17 13:00:00	2156968	1427095	3584063	0.66
2024-07-17 13:30:00	2272022	1512892	3784914	0.67
2024-07-17 14:00:00	2398840	1590178	3989018	0.66
2024-07-17 14:30:00	2540465	1712145	4252610	0.67
2024-07-17 15:00:00	2747659	1862616	4610275	0.68
2024-07-17 15:15:00	2771888	1886271	4658159	0.68
2024-07-16 09:00:00	336585	159684	496269	0.47
2024-07-16 09:30:00	614470	313373	927843	0.51
2024-07-16 10:00:00	808649	408562	1217211	0.51
2024-07-16 10:30:00	972222	512379	1484601	0.53
2024-07-16 11:00:00	1134478	577051	1711529	0.51
2024-07-16 11:30:00	1306713	661079	1967792	0.51
2024-07-16 12:00:00	1432980	722926	2155906	0.5
2024-07-16 12:30:00	1523445	785324	2308769	0.52
2024-07-16 13:00:00	1818496	1086881	2905377	0.6
2024-07-16 13:30:00	1940112	1147334	3087446	0.59
2024-07-16 14:00:00	2089548	1243336	3332884	0.6
2024-07-16 14:30:00	2280906	1314056	3594962	0.58
2024-07-16 15:00:00	2500826	1445718	3946544	0.58
2024-07-16 15:15:00	2513247	1501508	4014755	0.6
2024-07-15 09:00:00	455541	184722	640263	0.41
2024-07-15 09:30:00	699540	315882	1015422	0.45
2024-07-15 10:00:00	914081	732128	1646209	0.8
2024-07-15 10:30:00	1127338	854293	1981631	0.76
2024-07-15 11:00:00	1292785	964810	2257595	0.75
2024-07-15 11:30:00	1448580	1071845	2520425	0.74
2024-07-15 12:00:00	1593148	1167691	2760839	0.73
2024-07-15 12:30:00	1739024	1244720	2983744	0.72
2024-07-15 13:00:00	1841786	1388940	3230726	0.75
2024-07-15 13:30:00	1947431	1463150	3410581	0.75
2024-07-15 14:00:00	2052619	1533596	3586215	0.75
2024-07-15 14:30:00	2176668	1610666	3787334	0.74
2024-07-15 15:00:00	2353731	1738171	4091902	0.74
2024-07-15 15:15:00	2363499	1746130	4109629	0.74
2024-07-12 09:00:00	509157	279516	788673	0.55
2024-07-12 09:30:00	816994	498440	1315434	0.61
2024-07-12 10:00:00	1358283	934015	2292298	0.69
2024-07-12 10:30:00	1582806	1080903	2663709	0.68
2024-07-12 11:00:00	1776852	1194669	2971521	0.67
2024-07-12 11:30:00	1959179	1310802	3269981	0.67
2024-07-12 12:00:00	2123101	1397002	3520103	0.66
2024-07-12 12:30:00	2273638	1491510	3765148	0.66
2024-07-12 13:00:00	2508716	1620867	4129583	0.65
2024-07-12 13:30:00	2685297	1724580	4409877	0.64
2024-07-12 14:00:00	2846349	1852790	4699139	0.65
2024-07-12 14:30:00	3031630	1978052	5009682	0.65
2024-07-12 15:00:00	3323789	2206553	5530342	0.66
2024-07-12 15:15:00	3339197	2224733	5563930	0.67
2024-07-11 09:00:00	393224	252804	646028	0.64
2024-07-11 09:30:00	754211	448949	1203160	0.6
2024-07-11 10:00:00	976870	585361	1562231	0.6
2024-07-11 10:30:00	1186493	721407	1907900	0.61
2024-07-11 11:00:00	1388572	859381	2247953	0.62
2024-07-11 11:30:00	1558679	967867	2526546	0.62
2024-07-11 12:00:00	1683805	1043924	2727729	0.62
2024-07-11 12:30:00	1799467	1115873	2915340	0.62
2024-07-11 13:00:00	1906624	1187581	3094205	0.62
2024-07-11 13:30:00	2021041	1272375	3293416	0.63
2024-07-11 14:00:00	2156803	1469396	3626199	0.68
2024-07-11 14:30:00	2285353	1570757	3856110	0.69
2024-07-11 15:00:00	2494986	1740643	4235629	0.7
2024-07-11 15:15:00	2503525	1753218	4256743	0.7
2024-07-10 09:00:00	319405	150948	470353	0.47
2024-07-10 09:30:00	645052	296376	941428	0.46
2024-07-10 10:00:00	814956	402517	1217473	0.49
2024-07-10 10:30:00	949466	489152	1438618	0.52
2024-07-10 11:00:00	1072486	561461	1633947	0.52
2024-07-10 11:30:00	1224383	652671	1877054	0.53
2024-07-10 12:00:00	1338442	750131	2088573	0.56
2024-07-10 12:30:00	1459973	824837	2284810	0.56
2024-07-10 13:00:00	1573997	910040	2484037	0.58
2024-07-10 13:30:00	1684069	992725	2676794	0.59
2024-07-10 14:00:00	1801710	1067930	2869640	0.59
2024-07-10 14:30:00	1939577	1147514	3087091	0.59
2024-07-10 15:00:00	2145467	1288222	3433689	0.6
2024-07-10 15:15:00	2158186	1303489	3461675	0.6
2024-07-09 09:00:00	285832	162565	448397	0.57
2024-07-09 09:30:00	569808	337038	906846	0.59
2024-07-09 10:00:00	726313	420078	1146391	0.58
2024-07-09 10:30:00	860250	505158	1365408	0.59
2024-07-09 11:00:00	974085	594096	1568181	0.61
2024-07-09 11:30:00	1128190	694011	1822201	0.62
2024-07-09 12:00:00	1272419	771045	2043464	0.61
2024-07-09 12:30:00	1375005	842787	2217792	0.61
2024-07-09 13:00:00	1462285	902857	2365142	0.62
2024-07-09 13:30:00	1547267	976305	2523572	0.63
2024-07-09 14:00:00	1700810	1071520	2772330	0.63
2024-07-09 14:30:00	1785847	1136193	2922040	0.64
2024-07-09 15:00:00	1929847	1224416	3154263	0.63
2024-07-09 15:15:00	1936441	1230629	3167070	0.64
2024-07-08 09:00:00	395260	191840	587100	0.49
2024-07-08 09:30:00	625671	337853	963524	0.54
2024-07-08 10:00:00	789710	527410	1317120	0.67
2024-07-08 10:30:00	961189	613161	1574350	0.64
2024-07-08 11:00:00	1108998	698375	1807373	0.63
2024-07-08 11:30:00	1224446	767353	1991799	0.63
2024-07-08 12:00:00	1310382	823447	2133829	0.63
2024-07-08 12:30:00	1400303	876099	2276402	0.63
2024-07-08 13:00:00	1486236	943000	2429236	0.63
2024-07-08 13:30:00	1561792	1022280	2584072	0.65
2024-07-08 14:00:00	1643892	1081404	2725296	0.66
2024-07-08 14:30:00	1725326	1131439	2856765	0.66
2024-07-08 15:00:00	1871948	1222017	3093965	0.65
2024-07-08 15:15:00	1879061	1234422	3113483	0.66
2024-07-05 09:00:00	409261	255299	664560	0.62
2024-07-05 09:30:00	692667	436721	1129388	0.63
2024-07-05 10:00:00	942432	569505	1511937	0.6
2024-07-05 10:30:00	1131568	682578	1814146	0.6
2024-07-05 11:00:00	1286882	782008	2068890	0.61
2024-07-05 11:30:00	1438857	890760	2329617	0.62
2024-07-05 12:00:00	1583778	982490	2566268	0.62
2024-07-05 12:30:00	1697428	1065992	2763420	0.63
2024-07-05 13:00:00	1823848	1148404	2972252	0.63
2024-07-05 13:30:00	1975019	1233076	3208095	0.62
2024-07-05 14:00:00	2099858	1318465	3418323	0.63
2024-07-05 14:30:00	2247240	1419793	3667033	0.63
2024-07-05 15:00:00	2477820	1579240	4057060	0.64
2024-07-05 15:15:00	2486718	1593606	4080324	0.64
2024-07-03 09:00:00	331409	157130	488539	0.47
2024-07-03 09:30:00	597647	308402	906049	0.52
2024-07-03 10:00:00	827425	445407	1272832	0.54
2024-07-03 10:30:00	1019965	564571	1584536	0.55
2024-07-03 11:00:00	1166796	662756	1829552	0.57
2024-07-03 11:30:00	1346621	769812	2116433	0.57
2024-07-03 12:00:00	1592207	930450	2522657	0.58
2024-07-03 12:30:00	1601591	939304	2540895	0.59
2024-07-03 13:00:00	1601591	939304	2540895	0.59
2024-07-03 13:30:00	1601591	939304	2540895	0.59
2024-07-03 14:00:00	1601591	939304	2540895	0.59
2024-07-03 14:30:00	1601591	939304	2540895	0.59
2024-07-03 15:00:00	1601591	939304	2540895	0.59
2024-07-03 15:15:00	1601591	939304	2540895	0.59
2024-07-02 09:00:00	255132	148431	403563	0.58
2024-07-02 09:30:00	438516	284754	723270	0.65
2024-07-02 10:00:00	609459	396490	1005949	0.65
2024-07-02 10:30:00	764808	481173	1245981	0.63
2024-07-02 11:00:00	870363	554265	1424628	0.64
2024-07-02 11:30:00	949664	618045	1567709	0.65
2024-07-02 12:00:00	1023852	669135	1692987	0.65
2024-07-02 12:30:00	1150420	747887	1898307	0.65
2024-07-02 13:00:00	1246165	819090	2065255	0.66
2024-07-02 13:30:00	1335981	908722	2244703	0.68
2024-07-02 14:00:00	1431555	1078944	2510499	0.75
2024-07-02 14:30:00	1545101	1143607	2688708	0.74
2024-07-02 15:00:00	1712786	1266948	2979734	0.74
2024-07-02 15:15:00	1720378	1279007	2999385	0.74
2024-07-01 09:00:00	385488	249004	634492	0.65
2024-07-01 09:30:00	607498	389919	997417	0.64
2024-07-01 10:00:00	782420	501006	1283426	0.64
2024-07-01 10:30:00	910834	616600	1527434	0.68
2024-07-01 11:00:00	1023158	699187	1722345	0.68
2024-07-01 11:30:00	1133729	764388	1898117	0.67
2024-07-01 12:00:00	1224384	819374	2043758	0.67
2024-07-01 12:30:00	1296567	891011	2187578	0.69
2024-07-01 13:00:00	1384400	944274	2328674	0.68
2024-07-01 13:30:00	1480442	1008062	2488504	0.68
2024-07-01 14:00:00	1560612	1061743	2622355	0.68
2024-07-01 14:30:00	1652935	1131420	2784355	0.68
2024-07-01 15:00:00	1813229	1233177	3046406	0.68
2024-07-01 15:15:00	1818427	1242908	3061335	0.68
2024-06-28 09:00:00	429160	203073	632233	0.47
2024-06-28 09:30:00	767630	429620	1197250	0.56
2024-06-28 10:00:00	985306	602195	1587501	0.61
2024-06-28 10:30:00	1369515	969311	2338826	0.71
2024-06-28 11:00:00	1512518	1251956	2764474	0.83
2024-06-28 11:30:00	1674375	1384492	3058867	0.83
2024-06-28 12:00:00	1824396	1504274	3328670	0.82
2024-06-28 12:30:00	1940888	1587476	3528364	0.82
2024-06-28 13:00:00	2060251	1659515	3719766	0.81
2024-06-28 13:30:00	2187822	1751877	3939699	0.8
2024-06-28 14:00:00	2315885	1843770	4159655	0.8
2024-06-28 14:30:00	2458422	1948189	4406611	0.79
2024-06-28 15:00:00	2706690	2149909	4856599	0.79
2024-06-28 15:15:00	2719971	2156794	4876765	0.79
2024-06-27 09:00:00	292039	153366	445405	0.53
2024-06-27 09:30:00	469816	273883	743699	0.58
2024-06-27 10:00:00	615640	384639	1000279	0.62
2024-06-27 10:30:00	728003	449469	1177472	0.62
2024-06-27 11:00:00	834571	516913	1351484	0.62
2024-06-27 11:30:00	974295	572402	1546697	0.59
2024-06-27 12:00:00	1068389	629831	1698220	0.59
2024-06-27 12:30:00	1156721	677840	1834561	0.59
2024-06-27 13:00:00	1236917	731037	1967954	0.59
2024-06-27 13:30:00	1321853	807134	2128987	0.61
2024-06-27 14:00:00	1407593	858795	2266388	0.61
2024-06-27 14:30:00	1532947	1150400	2683347	0.75
2024-06-27 15:00:00	1691123	1259452	2950575	0.74
2024-06-27 15:15:00	1698136	1268084	2966220	0.75
2024-06-26 09:00:00	399006	198581	597587	0.5
2024-06-26 09:30:00	666134	344637	1010771	0.52
2024-06-26 10:00:00	866936	472845	1339781	0.55
2024-06-26 10:30:00	1097535	586745	1684280	0.53
2024-06-26 11:00:00	1244724	692622	1937346	0.56
2024-06-26 11:30:00	1364819	755801	2120620	0.55
2024-06-26 12:00:00	1488497	842157	2330654	0.57
2024-06-26 12:30:00	1571236	913144	2484380	0.58
2024-06-26 13:00:00	1675507	973702	2649209	0.58
2024-06-26 13:30:00	1809334	1034639	2843973	0.57
2024-06-26 14:00:00	1932020	1091027	3023047	0.56
2024-06-26 14:30:00	2037398	1191772	3229170	0.58
2024-06-26 15:00:00	2207044	1304981	3512025	0.59
2024-06-26 15:15:00	2214998	1314263	3529261	0.59
2024-06-25 09:00:00	265387	207240	472627	0.78
2024-06-25 09:30:00	435655	313389	749044	0.72
2024-06-25 10:00:00	571886	389160	961046	0.68
2024-06-25 10:30:00	724389	478303	1202692	0.66
2024-06-25 11:00:00	846800	555740	1402540	0.66
2024-06-25 11:30:00	947704	623234	1570938	0.66
2024-06-25 12:00:00	1042456	694150	1736606	0.67
2024-06-25 12:30:00	1136163	751047	1887210	0.66
2024-06-25 13:00:00	1208764	798777	2007541	0.66
2024-06-25 13:30:00	1294046	898681	2192727	0.69
2024-06-25 14:00:00	1382095	960264	2342359	0.69
2024-06-25 14:30:00	1479661	1028984	2508645	0.7
2024-06-25 15:00:00	1626481	1132537	2759018	0.7
2024-06-25 15:15:00	1630330	1137156	2767486	0.7
2024-06-24 09:00:00	280268	189821	470089	0.68
2024-06-24 09:30:00	467557	317299	784856	0.68
2024-06-24 10:00:00	667852	453773	1121625	0.68
2024-06-24 10:30:00	806468	552753	1359221	0.69
2024-06-24 11:00:00	907141	648785	1555926	0.72
2024-06-24 11:30:00	1005417	709926	1715343	0.71
2024-06-24 12:00:00	1096115	788716	1884831	0.72
2024-06-24 12:30:00	1197047	870491	2067538	0.73
2024-06-24 13:00:00	1277468	934054	2211522	0.73
2024-06-24 13:30:00	1360698	1000082	2360780	0.73
2024-06-24 14:00:00	1466384	1081259	2547643	0.74
2024-06-24 14:30:00	1563122	1147086	2710208	0.73
2024-06-24 15:00:00	1704331	1269726	2974057	0.74
2024-06-24 15:15:00	1713973	1282169	2996142	0.75
2024-06-21 09:00:00	423863	289633	713496	0.68
2024-06-21 09:30:00	673115	473214	1146329	0.7
2024-06-21 10:00:00	888040	617374	1505414	0.7
2024-06-21 10:30:00	1060811	729399	1790210	0.69
2024-06-21 11:00:00	1234122	854295	2088417	0.69
2024-06-21 11:30:00	1389261	954192	2343453	0.69
2024-06-21 12:00:00	1537349	1047285	2584634	0.68
2024-06-21 12:30:00	1679894	1145644	2825538	0.68
2024-06-21 13:00:00	1901253	1251493	3152746	0.66
2024-06-21 13:30:00	2041454	1344405	3385859	0.66
2024-06-21 14:00:00	2180321	1444141	3624462	0.66
2024-06-21 14:30:00	2342466	1582641	3925107	0.68
2024-06-21 15:00:00	2615650	1792357	4408007	0.69
2024-06-21 15:15:00	2626373	1805287	4431660	0.69
2024-06-20 09:00:00	445839	241586	687425	0.54
2024-06-20 09:30:00	727235	419192	1146427	0.58
2024-06-20 10:00:00	916777	561321	1478098	0.61
2024-06-20 10:30:00	1116460	701081	1817541	0.63
2024-06-20 11:00:00	1249095	797443	2046538	0.64
2024-06-20 11:30:00	1394272	884062	2278334	0.63
2024-06-20 12:00:00	1556564	1011626	2568190	0.65
2024-06-20 12:30:00	1687773	1124209	2811982	0.67
2024-06-20 13:00:00	1824786	1227573	3052359	0.67
2024-06-20 13:30:00	1930974	1324537	3255511	0.69
2024-06-20 14:00:00	2025458	1386797	3412255	0.68
2024-06-20 14:30:00	2148216	1475856	3624072	0.69
2024-06-20 15:00:00	2350482	1658066	4008548	0.71
2024-06-20 15:15:00	2355770	1666764	4022534	0.71
2024-06-18 09:00:00	344081	177580	521661	0.52
2024-06-18 09:30:00	557571	324105	881676	0.58
2024-06-18 10:00:00	756953	421274	1178227	0.56
2024-06-18 10:30:00	919464	529864	1449328	0.58
2024-06-18 11:00:00	1054053	610486	1664539	0.58
2024-06-18 11:30:00	1205649	700046	1905695	0.58
2024-06-18 12:00:00	1313284	775430	2088714	0.59
2024-06-18 12:30:00	1433464	846094	2279558	0.59
2024-06-18 13:00:00	1562198	928156	2490354	0.59
2024-06-18 13:30:00	1695705	1010474	2706179	0.6
2024-06-18 14:00:00	1799244	1091629	2890873	0.61
2024-06-18 14:30:00	1923267	1188993	3112260	0.62
2024-06-18 15:00:00	2123865	1322694	3446559	0.62
2024-06-18 15:15:00	2135156	1336195	3471351	0.63
2024-06-17 09:00:00	284219	189462	473681	0.67
2024-06-17 09:30:00	467659	306637	774296	0.66
2024-06-17 10:00:00	628520	415977	1044497	0.66
2024-06-17 10:30:00	795962	509587	1305549	0.64
2024-06-17 11:00:00	998454	599185	1597639	0.6
2024-06-17 11:30:00	1101502	705758	1807260	0.64
2024-06-17 12:00:00	1241118	812804	2053922	0.65
2024-06-17 12:30:00	1371173	900692	2271865	0.66
2024-06-17 13:00:00	1521396	1003478	2524874	0.66
2024-06-17 13:30:00	1736138	1133181	2869319	0.65
2024-06-17 14:00:00	1853731	1212992	3066723	0.65
2024-06-17 14:30:00	1966695	1422093	3388788	0.72
2024-06-17 15:00:00	2198864	1638787	3837651	0.75
2024-06-17 15:15:00	2208656	1652491	3861147	0.75
2024-06-14 09:00:00	381038	313389	694427	0.82
2024-06-14 09:30:00	767420	561997	1329417	0.73
2024-06-14 10:00:00	1038236	783514	1821750	0.75
2024-06-14 10:30:00	1221490	907246	2128736	0.74
2024-06-14 11:00:00	1396590	1286932	2683522	0.92
2024-06-14 11:30:00	1566894	1589717	3156611	1.01
2024-06-14 12:00:00	1711465	1693645	3405110	0.99
2024-06-14 12:30:00	1934460	1799874	3734334	0.93
2024-06-14 13:00:00	2101559	1890235	3991794	0.9
2024-06-14 13:30:00	2229410	1990797	4220207	0.89
2024-06-14 14:00:00	2360996	2094836	4455832	0.89
2024-06-14 14:30:00	2526425	2266644	4793069	0.9
2024-06-14 15:00:00	2824528	2453693	5278221	0.87
2024-06-14 15:15:00	2842965	2470306	5313271	0.87
2024-06-13 09:00:00	473377	292550	765927	0.62
2024-06-13 09:30:00	705682	478369	1184051	0.68
2024-06-13 10:00:00	877395	613660	1491055	0.7
2024-06-13 10:30:00	1026941	714355	1741296	0.7
2024-06-13 11:00:00	1170731	801392	1972123	0.68
2024-06-13 11:30:00	1306613	887439	2194052	0.68
2024-06-13 12:00:00	1405963	962048	2368011	0.68
2024-06-13 12:30:00	1503717	1029310	2533027	0.68
2024-06-13 13:00:00	1596587	1091040	2687627	0.68
2024-06-13 13:30:00	1693260	1150427	2843687	0.68
2024-06-13 14:00:00	1803179	1215808	3018987	0.67
2024-06-13 14:30:00	1964654	1817614	3782268	0.93
2024-06-13 15:00:00	2166721	2128905	4295626	0.98
2024-06-13 15:15:00	2174566	2138778	4313344	0.98
2024-06-12 09:00:00	578691	346663	925354	0.6
2024-06-12 09:30:00	942167	546684	1488851	0.58
2024-06-12 10:00:00	1211378	711357	1922735	0.59
2024-06-12 10:30:00	1419107	889978	2309085	0.63
2024-06-12 11:00:00	1568076	977363	2545439	0.62
2024-06-12 11:30:00	1702349	1077672	2780021	0.63
2024-06-12 12:00:00	1830628	1157896	2988524	0.63
2024-06-12 12:30:00	1937936	1232745	3170681	0.64
2024-06-12 13:00:00	2061769	1323464	3385233	0.64
2024-06-12 13:30:00	2207398	1417534	3624932	0.64
2024-06-12 14:00:00	2350990	1532327	3883317	0.65
2024-06-12 14:30:00	2534250	1661592	4195842	0.66
2024-06-12 15:00:00	2796416	1814422	4610838	0.65
2024-06-12 15:15:00	2807366	1831863	4639229	0.65
2024-06-11 09:00:00	233213	155411	388624	0.67
2024-06-11 09:30:00	408329	253409	661738	0.62
2024-06-11 10:00:00	557554	362695	920249	0.65
2024-06-11 10:30:00	688305	442623	1130928	0.64
2024-06-11 11:00:00	840421	551962	1392383	0.66
2024-06-11 11:30:00	956929	625923	1582852	0.65
2024-06-11 12:00:00	1037105	690956	1728061	0.67
2024-06-11 12:30:00	1130546	743797	1874343	0.66
2024-06-11 13:00:00	1213391	805159	2018550	0.66
2024-06-11 13:30:00	1319898	880417	2200315	0.67
2024-06-11 14:00:00	1437144	957338	2394482	0.67
2024-06-11 14:30:00	1562671	1043732	2606403	0.67
2024-06-11 15:00:00	1769510	1156690	2926200	0.65
2024-06-11 15:15:00	1784322	1170503	2954825	0.66
2024-06-10 09:00:00	302630	243670	546300	0.81
2024-06-10 09:30:00	486464	360149	846613	0.74
2024-06-10 10:00:00	646739	460902	1107641	0.71
2024-06-10 10:30:00	793091	575728	1368819	0.73
2024-06-10 11:00:00	939228	674100	1613328	0.72
2024-06-10 11:30:00	1034996	742189	1777185	0.72
2024-06-10 12:00:00	1137096	809944	1947040	0.71
2024-06-10 12:30:00	1223934	874181	2098115	0.71
2024-06-10 13:00:00	1312572	945163	2257735	0.72
2024-06-10 13:30:00	1431649	1032790	2464439	0.72
2024-06-10 14:00:00	1543898	1103529	2647427	0.71
2024-06-10 14:30:00	1660024	1192632	2852656	0.72
2024-06-10 15:00:00	1795518	1297143	3092661	0.72
2024-06-10 15:15:00	1801772	1307853	3109625	0.73
2024-06-07 09:00:00	337382	229757	567139	0.68
2024-06-07 09:30:00	569049	375608	944657	0.66
2024-06-07 10:00:00	776730	524321	1301051	0.68
2024-06-07 10:30:00	934052	643752	1577804	0.69
2024-06-07 11:00:00	1060911	737690	1798601	0.7
2024-06-07 11:30:00	1186472	829717	2016189	0.7
2024-06-07 12:00:00	1331510	932658	2264168	0.7
2024-06-07 12:30:00	1472908	1023991	2496899	0.7
2024-06-07 13:00:00	1607839	1115430	2723269	0.69
2024-06-07 13:30:00	1785851	1268451	3054302	0.71
2024-06-07 14:00:00	1916608	1370609	3287217	0.72
2024-06-07 14:30:00	2092211	1502455	3594666	0.72
2024-06-07 15:00:00	2329811	1667127	3996938	0.72
2024-06-07 15:15:00	2340667	1681706	4022373	0.72
2024-06-06 09:00:00	317262	972208	1289470	3.06
2024-06-06 09:30:00	497804	1130374	1628178	2.27
2024-06-06 10:00:00	639446	1213771	1853217	1.9
2024-06-06 10:30:00	770573	1287266	2057839	1.67
2024-06-06 11:00:00	874921	1351470	2226391	1.54
2024-06-06 11:30:00	971478	1416543	2388021	1.46
2024-06-06 12:00:00	1075484	1482092	2557576	1.38
2024-06-06 12:30:00	1188160	1546914	2735074	1.3
2024-06-06 13:00:00	1339850	1616877	2956727	1.21
2024-06-06 13:30:00	1446252	1686589	3132841	1.17
2024-06-06 14:00:00	1539992	1756429	3296421	1.14
2024-06-06 14:30:00	1674643	1818814	3493457	1.09
2024-06-06 15:00:00	1847218	1922047	3769265	1.04
2024-06-06 15:15:00	1854711	1934767	3789478	1.04
2024-06-05 09:00:00	271235	213299	484534	0.79
2024-06-05 09:30:00	444726	322513	767239	0.73
2024-06-05 10:00:00	584267	434078	1018345	0.74
2024-06-05 10:30:00	726771	538712	1265483	0.74
2024-06-05 11:00:00	830510	622260	1452770	0.75
2024-06-05 11:30:00	922850	694400	1617250	0.75
2024-06-05 12:00:00	1018108	762581	1780689	0.75
2024-06-05 12:30:00	1110113	848160	1958273	0.76
2024-06-05 13:00:00	1194390	911107	2105497	0.76
2024-06-05 13:30:00	1305136	983741	2288877	0.75
2024-06-05 14:00:00	1395078	1066086	2461164	0.76
2024-06-05 14:30:00	1509917	1197355	2707272	0.79
2024-06-05 15:00:00	1681544	1321095	3002639	0.79
2024-06-05 15:15:00	1694223	1335318	3029541	0.79
2024-06-04 09:00:00	231162	145371	376533	0.63
2024-06-04 09:30:00	388446	246991	635437	0.64
2024-06-04 10:00:00	578921	339970	918891	0.59
2024-06-04 10:30:00	679119	401058	1080177	0.59
2024-06-04 11:00:00	758924	457660	1216584	0.6
2024-06-04 11:30:00	834656	514962	1349618	0.62
2024-06-04 12:00:00	908241	576640	1484881	0.63
2024-06-04 12:30:00	988691	619490	1608181	0.63
2024-06-04 13:00:00	1086312	669607	1755919	0.62
2024-06-04 13:30:00	1191054	748788	1939842	0.63
2024-06-04 14:00:00	1289801	819589	2109390	0.64
2024-06-04 14:30:00	1378309	893829	2272138	0.65
2024-06-04 15:00:00	1505391	980722	2486113	0.65
2024-06-04 15:15:00	1514500	988879	2503379	0.65
2024-06-03 09:00:00	411564	279476	691040	0.68
2024-06-03 09:30:00	625795	436658	1062453	0.7
2024-06-03 10:00:00	834919	590509	1425428	0.71
2024-06-03 10:30:00	975077	710914	1685991	0.73
2024-06-03 11:00:00	1077799	785319	1863118	0.73
2024-06-03 11:30:00	1213481	918269	2131750	0.76
2024-06-03 12:00:00	1329025	1015319	2344344	0.76
2024-06-03 12:30:00	1451997	1148038	2600035	0.79
2024-06-03 13:00:00	1566985	1226571	2793556	0.78
2024-06-03 13:30:00	1675669	1309747	2985416	0.78
2024-06-03 14:00:00	1766963	1381849	3148812	0.78
2024-06-03 14:30:00	1869862	1447543	3317405	0.77
2024-06-03 15:00:00	2040975	1581552	3622527	0.77
2024-06-03 15:15:00	2059873	1593509	3653382	0.77
2024-05-31 09:00:00	326127	247167	573294	0.76
2024-05-31 09:30:00	587153	478841	1065994	0.82
2024-05-31 10:00:00	807194	681655	1488849	0.84
2024-05-31 10:30:00	969588	795847	1765435	0.82
2024-05-31 11:00:00	1141125	900915	2042040	0.79
2024-05-31 11:30:00	1340213	1090695	2430908	0.81
2024-05-31 12:00:00	1452077	1196558	2648635	0.82
2024-05-31 12:30:00	1546788	1297451	2844239	0.84
2024-05-31 13:00:00	1651204	1383256	3034460	0.84
2024-05-31 13:30:00	1751006	1469640	3220646	0.84
2024-05-31 14:00:00	1851823	1558800	3410623	0.84
2024-05-31 14:30:00	1992838	1680000	3672838	0.84
2024-05-31 15:00:00	2292372	1869508	4161880	0.82
2024-05-31 15:15:00	2321868	1890310	4212178	0.81
2024-05-30 09:00:00	295196	178177	473373	0.6
2024-05-30 09:30:00	498337	298189	796526	0.6
2024-05-30 10:00:00	660015	446710	1106725	0.68
2024-05-30 10:30:00	785979	538429	1324408	0.69
2024-05-30 11:00:00	908438	622557	1530995	0.69
2024-05-30 11:30:00	1002635	687545	1690180	0.69
2024-05-30 12:00:00	1087965	742071	1830036	0.68
2024-05-30 12:30:00	1173439	808238	1981677	0.69
2024-05-30 13:00:00	1264903	871038	2135941	0.69
2024-05-30 13:30:00	1360034	937488	2297522	0.69
2024-05-30 14:00:00	1452701	996846	2449547	0.69
2024-05-30 14:30:00	1573995	1381625	2955620	0.88
2024-05-30 15:00:00	1786973	1651120	3438093	0.92
2024-05-30 15:15:00	1800873	1668207	3469080	0.93
2024-05-29 09:00:00	273542	173164	446706	0.63
2024-05-29 09:30:00	415981	280681	696662	0.67
2024-05-29 10:00:00	540968	361958	902926	0.67
2024-05-29 10:30:00	630278	439388	1069666	0.7
2024-05-29 11:00:00	707257	495287	1202544	0.7
2024-05-29 11:30:00	777917	547884	1325801	0.7
2024-05-29 12:00:00	861623	608578	1470201	0.71
2024-05-29 12:30:00	925252	663041	1588293	0.72
2024-05-29 13:00:00	994941	748164	1743105	0.75
2024-05-29 13:30:00	1065118	798348	1863466	0.75
2024-05-29 14:00:00	1136997	857870	1994867	0.75
2024-05-29 14:30:00	1214202	938506	2152708	0.77
2024-05-29 15:00:00	1341690	1045773	2387463	0.78
2024-05-29 15:15:00	1350090	1056105	2406195	0.78
2024-05-28 09:00:00	340654	194265	534919	0.57
2024-05-28 09:30:00	514578	303666	818244	0.59
2024-05-28 10:00:00	670316	418285	1088601	0.62
2024-05-28 10:30:00	784260	508520	1292780	0.65
2024-05-28 11:00:00	880466	579394	1459860	0.66
2024-05-28 11:30:00	998138	649663	1647801	0.65
2024-05-28 12:00:00	1086648	708273	1794921	0.65
2024-05-28 12:30:00	1175094	769735	1944829	0.66
2024-05-28 13:00:00	1267473	837925	2105398	0.66
2024-05-28 13:30:00	1356876	904616	2261492	0.67
2024-05-28 14:00:00	1467283	1016696	2483979	0.69
2024-05-28 14:30:00	1551372	1077807	2629179	0.69
2024-05-28 15:00:00	1692405	1176381	2868786	0.7
2024-05-28 15:15:00	1699069	1187287	2886356	0.7
2024-05-24 09:00:00	293051	228393	521444	0.78
2024-05-24 09:30:00	496192	393136	889328	0.79
2024-05-24 10:00:00	686712	565382	1252094	0.82
2024-05-24 10:30:00	863086	744745	1607831	0.86
2024-05-24 11:00:00	988653	858258	1846911	0.87
2024-05-24 11:30:00	1096286	946172	2042458	0.86
2024-05-24 12:00:00	1192248	1035279	2227527	0.87
2024-05-24 12:30:00	1303237	1118502	2421739	0.86
2024-05-24 13:00:00	1385948	1197830	2583778	0.86
2024-05-24 13:30:00	1506910	1296038	2802948	0.86
2024-05-24 14:00:00	1627676	1392477	3020153	0.86
2024-05-24 14:30:00	1758708	1518816	3277524	0.86
2024-05-24 15:00:00	1946771	1677408	3624179	0.86
2024-05-24 15:15:00	1956993	1722013	3679006	0.88
2024-05-23 09:00:00	318770	227311	546081	0.71
2024-05-23 09:30:00	534547	357408	891955	0.67
2024-05-23 10:00:00	709616	477601	1187217	0.67
2024-05-23 10:30:00	840905	613136	1454041	0.73
2024-05-23 11:00:00	945143	690868	1636011	0.73
2024-05-23 11:30:00	1030069	748368	1778437	0.73
2024-05-23 12:00:00	1118326	823291	1941617	0.74
2024-05-23 12:30:00	1203640	894245	2097885	0.74
2024-05-23 13:00:00	1334261	1073321	2407582	0.8
2024-05-23 13:30:00	1461933	1188924	2650857	0.81
2024-05-23 14:00:00	1582888	1296428	2879316	0.82
2024-05-23 14:30:00	1696535	1403147	3099682	0.83
2024-05-23 15:00:00	1829378	1520853	3350231	0.83
2024-05-23 15:15:00	1838264	1529982	3368246	0.83
2024-05-22 09:00:00	245316	140112	385428	0.57
2024-05-22 09:30:00	411194	228025	639219	0.55
2024-05-22 10:00:00	528796	316206	845002	0.6
2024-05-22 10:30:00	637632	378772	1016404	0.59
2024-05-22 11:00:00	738023	436927	1174950	0.59
2024-05-22 11:30:00	830491	490141	1320632	0.59
2024-05-22 12:00:00	938302	553602	1491904	0.59
2024-05-22 12:30:00	1013006	601273	1614279	0.59
2024-05-22 13:00:00	1113440	676332	1789772	0.61
2024-05-22 13:30:00	1238111	761130	1999241	0.61
2024-05-22 14:00:00	1355025	834040	2189065	0.62
2024-05-22 14:30:00	1464050	921439	2385489	0.63
2024-05-22 15:00:00	1629503	1052399	2681902	0.65
2024-05-22 15:15:00	1636101	1063148	2699249	0.65
2024-05-21 09:00:00	210619	120280	330899	0.57
2024-05-21 09:30:00	334244	199771	534015	0.6
2024-05-21 10:00:00	435870	262222	698092	0.6
2024-05-21 10:30:00	539854	333943	873797	0.62
2024-05-21 11:00:00	625459	395973	1021432	0.63
2024-05-21 11:30:00	700005	452054	1152059	0.65
2024-05-21 12:00:00	843863	515015	1358878	0.61
2024-05-21 12:30:00	900760	568743	1469503	0.63
2024-05-21 13:00:00	975571	617038	1592609	0.63
2024-05-21 13:30:00	1052688	673076	1725764	0.64
2024-05-21 14:00:00	1125536	735801	1861337	0.65
2024-05-21 14:30:00	1246322	803162	2049484	0.64
2024-05-21 15:00:00	1397305	904700	2302005	0.65
2024-05-21 15:15:00	1403802	912617	2316419	0.65
2024-05-20 09:00:00	305903	193892	499795	0.63
2024-05-20 09:30:00	487491	319849	807340	0.66
2024-05-20 10:00:00	617568	424189	1041757	0.69
2024-05-20 10:30:00	751362	909080	1660442	1.21
2024-05-20 11:00:00	883179	988349	1871528	1.12
2024-05-20 11:30:00	988078	1067813	2055891	1.08
2024-05-20 12:00:00	1091391	1128001	2219392	1.03
2024-05-20 12:30:00	1221080	1214691	2435771	0.99
2024-05-20 13:00:00	1309442	1277588	2587030	0.98
2024-05-20 13:30:00	1409848	1344218	2754066	0.95
2024-05-20 14:00:00	1495772	1405915	2901687	0.94
2024-05-20 14:30:00	1597428	1478707	3076135	0.93
2024-05-20 15:00:00	1745693	1590469	3336162	0.91
2024-05-20 15:15:00	1759754	1604460	3364214	0.91
2024-05-17 09:00:00	352062	219856	571918	0.62
2024-05-17 09:30:00	668874	444108	1112982	0.66
2024-05-17 10:00:00	883822	581101	1464923	0.66
2024-05-17 10:30:00	1072937	697193	1770130	0.65
2024-05-17 11:00:00	1230574	809919	2040493	0.66
2024-05-17 11:30:00	1369282	899484	2268766	0.66
2024-05-17 12:00:00	1509933	989514	2499447	0.66
2024-05-17 12:30:00	1623020	1067694	2690714	0.66
2024-05-17 13:00:00	1843311	1163855	3007166	0.63
2024-05-17 13:30:00	2018386	1309692	3328078	0.65
2024-05-17 14:00:00	2179426	1407893	3587319	0.65
2024-05-17 14:30:00	2353586	1535831	3889417	0.65
2024-05-17 15:00:00	2647229	1725303	4372532	0.65
2024-05-17 15:15:00	2652931	1748926	4401857	0.66
2024-05-16 09:00:00	285388	160165	445553	0.56
2024-05-16 09:30:00	539463	345174	884637	0.64
2024-05-16 10:00:00	712521	443053	1155574	0.62
2024-05-16 10:30:00	886470	559182	1445652	0.63
2024-05-16 11:00:00	1022970	632037	1655007	0.62
2024-05-16 11:30:00	1127939	700413	1828352	0.62
2024-05-16 12:00:00	1249114	775763	2024877	0.62
2024-05-16 12:30:00	1360501	839448	2199949	0.62
2024-05-16 13:00:00	1456010	892609	2348619	0.61
2024-05-16 13:30:00	1547093	950694	2497787	0.61
2024-05-16 14:00:00	1628865	1019788	2648653	0.63
2024-05-16 14:30:00	1746594	1080223	2826817	0.62
2024-05-16 15:00:00	1901402	1198181	3099583	0.63
2024-05-16 15:15:00	1908983	1207626	3116609	0.63
2024-05-15 09:00:00	405772	262003	667775	0.65
2024-05-15 09:30:00	651652	824191	1475843	1.26
2024-05-15 10:00:00	850535	967918	1818453	1.14
2024-05-15 10:30:00	1045307	1095730	2141037	1.05
2024-05-15 11:00:00	1258023	1289107	2547130	1.02
2024-05-15 11:30:00	1396716	1360914	2757630	0.97
2024-05-15 12:00:00	1509727	1428717	2938444	0.95
2024-05-15 12:30:00	1628529	1500145	3128674	0.92
2024-05-15 13:00:00	1766516	1581849	3348365	0.9
2024-05-15 13:30:00	1944910	1659932	3604842	0.85
2024-05-15 14:00:00	2074722	1740400	3815122	0.84
2024-05-15 14:30:00	2211979	1823950	4035929	0.82
2024-05-15 15:00:00	2414666	1954181	4368847	0.81
2024-05-15 15:15:00	2422976	1972699	4395675	0.81
2024-05-14 09:00:00	369189	155788	524977	0.42
2024-05-14 09:30:00	620799	291148	911947	0.47
2024-05-14 10:00:00	806007	484304	1290311	0.6
2024-05-14 10:30:00	953110	577261	1530371	0.61
2024-05-14 11:00:00	1071981	651139	1723120	0.61
2024-05-14 11:30:00	1192633	708314	1900947	0.59
2024-05-14 12:00:00	1308589	767544	2076133	0.59
2024-05-14 12:30:00	1400849	822109	2222958	0.59
2024-05-14 13:00:00	1487477	887505	2374982	0.6
2024-05-14 13:30:00	1584135	956687	2540822	0.6
2024-05-14 14:00:00	1712363	1049630	2761993	0.61
2024-05-14 14:30:00	1821890	1134098	2955988	0.62
2024-05-14 15:00:00	2025034	1272493	3297527	0.63
2024-05-14 15:15:00	2034367	1285367	3319734	0.63
2024-05-13 09:00:00	329330	188527	517857	0.57
2024-05-13 09:30:00	525481	486021	1011502	0.92
2024-05-13 10:00:00	691542	584620	1276162	0.85
2024-05-13 10:30:00	830754	690918	1521672	0.83
2024-05-13 11:00:00	931636	758623	1690259	0.81
2024-05-13 11:30:00	1030445	812590	1843035	0.79
2024-05-13 12:00:00	1115673	862531	1978204	0.77
2024-05-13 12:30:00	1219985	929612	2149597	0.76
2024-05-13 13:00:00	1310938	978911	2289849	0.75
2024-05-13 13:30:00	1394764	1028519	2423283	0.74
2024-05-13 14:00:00	1491040	1091131	2582171	0.73
2024-05-13 14:30:00	1587934	1155283	2743217	0.73
2024-05-13 15:00:00	1731667	1252587	2984254	0.72
2024-05-13 15:15:00	1749199	1352486	3101685	0.77
2024-05-10 09:00:00	414160	257552	671712	0.62
2024-05-10 09:30:00	686611	477432	1164043	0.7
2024-05-10 10:00:00	901139	672521	1573660	0.75
2024-05-10 10:30:00	1043045	791063	1834108	0.76
2024-05-10 11:00:00	1187196	906645	2093841	0.76
2024-05-10 11:30:00	1330486	1015779	2346265	0.76
2024-05-10 12:00:00	1495854	1175075	2670929	0.79
2024-05-10 12:30:00	1604892	1246326	2851218	0.78
2024-05-10 13:00:00	1716479	1326885	3043364	0.77
2024-05-10 13:30:00	1816768	1404619	3221387	0.77
2024-05-10 14:00:00	1934985	1501827	3436812	0.78
2024-05-10 14:30:00	2083243	1617991	3701234	0.78
2024-05-10 15:00:00	2300279	1783493	4083772	0.78
2024-05-10 15:15:00	2312069	1797965	4110034	0.78
2024-05-09 09:00:00	323185	197117	520302	0.61
2024-05-09 09:30:00	536149	331893	868042	0.62
2024-05-09 10:00:00	700556	455324	1155880	0.65
2024-05-09 10:30:00	907535	559395	1466930	0.62
2024-05-09 11:00:00	1018337	674676	1693013	0.66
2024-05-09 11:30:00	1116601	743298	1859899	0.67
2024-05-09 12:00:00	1211156	815296	2026452	0.67
2024-05-09 12:30:00	1321528	885467	2206995	0.67
2024-05-09 13:00:00	1400823	953477	2354300	0.68
2024-05-09 13:30:00	1486245	1016535	2502780	0.68
2024-05-09 14:00:00	1593960	1092698	2686658	0.69
2024-05-09 14:30:00	1734497	1178937	2913434	0.68
2024-05-09 15:00:00	1914846	1335164	3250010	0.7
2024-05-09 15:15:00	1925412	1390410	3315822	0.72
2024-05-08 09:00:00	245852	192475	438327	0.78
2024-05-08 09:30:00	386032	300794	686826	0.78
2024-05-08 10:00:00	537307	403741	941048	0.75
2024-05-08 10:30:00	641942	476263	1118205	0.74
2024-05-08 11:00:00	733368	590378	1323746	0.81
2024-05-08 11:30:00	803044	649345	1452389	0.81
2024-05-08 12:00:00	875315	711732	1587047	0.81
2024-05-08 12:30:00	961900	764902	1726802	0.8
2024-05-08 13:00:00	1027494	820541	1848035	0.8
2024-05-08 13:30:00	1111602	875371	1986973	0.79
2024-05-08 14:00:00	1194476	932576	2127052	0.78
2024-05-08 14:30:00	1286985	1005311	2292296	0.78
2024-05-08 15:00:00	1425521	1120655	2546176	0.79
2024-05-08 15:15:00	1431221	1129366	2560587	0.79
2024-05-07 09:00:00	331473	214150	545623	0.65
2024-05-07 09:30:00	491696	336812	828508	0.69
2024-05-07 10:00:00	650017	449527	1099544	0.69
2024-05-07 10:30:00	802983	535329	1338312	0.67
2024-05-07 11:00:00	903155	634286	1537441	0.7
2024-05-07 11:30:00	991882	697611	1689493	0.7
2024-05-07 12:00:00	1072476	781480	1853956	0.73
2024-05-07 12:30:00	1151888	841468	1993356	0.73
2024-05-07 13:00:00	1245231	928980	2174211	0.75
2024-05-07 13:30:00	1340526	1052129	2392655	0.78
2024-05-07 14:00:00	1424692	1129718	2554410	0.79
2024-05-07 14:30:00	1524222	1196009	2720231	0.78
2024-05-07 15:00:00	1656953	1311168	2968121	0.79
2024-05-07 15:15:00	1662348	1319746	2982094	0.79
2024-05-06 09:00:00	367164	916907	1284071	2.5
2024-05-06 09:30:00	582919	1448255	2031174	2.48
2024-05-06 10:00:00	738469	1600344	2338813	2.17
2024-05-06 10:30:00	869285	1704335	2573620	1.96
2024-05-06 11:00:00	970048	1779035	2749083	1.83
2024-05-06 11:30:00	1075641	1852505	2928146	1.72
2024-05-06 12:00:00	1159515	1913901	3073416	1.65
2024-05-06 12:30:00	1251346	2016832	3268178	1.61
2024-05-06 13:00:00	1357735	2085530	3443265	1.54
2024-05-06 13:30:00	1454545	2167116	3621661	1.49
2024-05-06 14:00:00	1546485	2290555	3837040	1.48
2024-05-06 14:30:00	1648851	2368869	4017720	1.44
2024-05-06 15:00:00	1823059	2512839	4335898	1.38
2024-05-06 15:15:00	1832237	2532837	4365074	1.38
2024-05-03 09:00:00	558123	326185	884308	0.58
2024-05-03 09:30:00	864162	595605	1459767	0.69
2024-05-03 10:00:00	1287253	988162	2275415	0.77
2024-05-03 10:30:00	1465862	1124250	2590112	0.77
2024-05-03 11:00:00	1633206	1255542	2888748	0.77
2024-05-03 11:30:00	1773736	1361416	3135152	0.77
2024-05-03 12:00:00	1903256	1472016	3375272	0.77
2024-05-03 12:30:00	2027296	1568022	3595318	0.77
2024-05-03 13:00:00	2151577	1655096	3806673	0.77
2024-05-03 13:30:00	2311540	1759351	4070891	0.76
2024-05-03 14:00:00	2452804	1857584	4310388	0.76
2024-05-03 14:30:00	2641219	2024967	4666186	0.77
2024-05-03 15:00:00	2875213	2185853	5061066	0.76
2024-05-03 15:15:00	2892305	2227949	5120254	0.77
2024-05-02 09:00:00	286662	193244	479906	0.67
2024-05-02 09:30:00	498274	426314	924588	0.86
2024-05-02 10:00:00	650593	563009	1213602	0.87
2024-05-02 10:30:00	771586	643091	1414677	0.83
2024-05-02 11:00:00	878016	704144	1582160	0.8
2024-05-02 11:30:00	964427	771987	1736414	0.8
2024-05-02 12:00:00	1045660	834198	1879858	0.8
2024-05-02 12:30:00	1156341	920281	2076622	0.8
2024-05-02 13:00:00	1278623	988225	2266848	0.77
2024-05-02 13:30:00	1398432	1093038	2491470	0.78
2024-05-02 14:00:00	1537534	1267032	2804566	0.82
2024-05-02 14:30:00	1675512	1370929	3046441	0.82
2024-05-02 15:00:00	1863934	1539153	3403087	0.83
2024-05-02 15:15:00	1872811	1551938	3424749	0.83
2024-05-01 09:00:00	294541	201405	495946	0.68
2024-05-01 09:30:00	478452	356617	835069	0.75
2024-05-01 10:00:00	622073	458869	1080942	0.74
2024-05-01 10:30:00	747484	559499	1306983	0.75
2024-05-01 11:00:00	851377	638412	1489789	0.75
2024-05-01 11:30:00	940265	736598	1676863	0.78
2024-05-01 12:00:00	1010482	790322	1800804	0.78
2024-05-01 12:30:00	1106225	867569	1973794	0.78
2024-05-01 13:00:00	1191545	934787	2126332	0.78
2024-05-01 13:30:00	1306067	1019539	2325606	0.78
2024-05-01 14:00:00	1521079	1161232	2682311	0.76
2024-05-01 14:30:00	1692054	1297478	2989532	0.77
2024-05-01 15:00:00	1895942	1794376	3690318	0.95
2024-05-01 15:15:00	1906159	1808290	3714449	0.95
2024-04-30 09:00:00	239085	161677	400762	0.68
2024-04-30 09:30:00	420452	276191	696643	0.66
2024-04-30 10:00:00	568687	372159	940846	0.65
2024-04-30 10:30:00	731762	487915	1219677	0.67
2024-04-30 11:00:00	853549	583799	1437348	0.68
2024-04-30 11:30:00	944022	712609	1656631	0.75
2024-04-30 12:00:00	1089643	802239	1891882	0.74
2024-04-30 12:30:00	1197746	881837	2079583	0.74
2024-04-30 13:00:00	1292321	931318	2223639	0.72
2024-04-30 13:30:00	1371973	989749	2361722	0.72
2024-04-30 14:00:00	1459480	1053955	2513435	0.72
2024-04-30 14:30:00	1567925	1139592	2707517	0.73
2024-04-30 15:00:00	1756776	1279593	3036369	0.73
2024-04-30 15:15:00	1769731	1294555	3064286	0.73
2024-04-29 09:00:00	335957	257172	593129	0.77
2024-04-29 09:30:00	534204	380898	915102	0.71
2024-04-29 10:00:00	737983	467908	1205891	0.63
2024-04-29 10:30:00	848602	546225	1394827	0.64
2024-04-29 11:00:00	961236	646171	1607407	0.67
2024-04-29 11:30:00	1079673	711063	1790736	0.66
2024-04-29 12:00:00	1167092	776898	1943990	0.67
2024-04-29 12:30:00	1245239	834502	2079741	0.67
2024-04-29 13:00:00	1325313	882365	2207678	0.67
2024-04-29 13:30:00	1404913	937175	2342088	0.67
2024-04-29 14:00:00	1496216	1007089	2503305	0.67
2024-04-29 14:30:00	1596830	1101848	2698678	0.69
2024-04-29 15:00:00	1729399	1187601	2917000	0.69
2024-04-29 15:15:00	1739511	1196416	2935927	0.69
2024-04-26 09:00:00	449877	306183	756060	0.68
2024-04-26 09:30:00	723951	518353	1242304	0.72
2024-04-26 10:00:00	901531	647103	1548634	0.72
2024-04-26 10:30:00	1110039	789449	1899488	0.71
2024-04-26 11:00:00	1261254	895750	2157004	0.71
2024-04-26 11:30:00	1388300	982146	2370446	0.71
2024-04-26 12:00:00	1520431	1074673	2595104	0.71
2024-04-26 12:30:00	1660757	1166363	2827120	0.7
2024-04-26 13:00:00	1794925	1431131	3226056	0.8
2024-04-26 13:30:00	1921583	1524133	3445716	0.79
2024-04-26 14:00:00	2047165	1632211	3679376	0.8
2024-04-26 14:30:00	2211544	1738375	3949919	0.79
2024-04-26 15:00:00	2456529	1896718	4353247	0.77
2024-04-26 15:15:00	2470189	1914326	4384515	0.77
2024-04-25 09:00:00	335677	253986	589663	0.76
2024-04-25 09:30:00	542043	432155	974198	0.8
2024-04-25 10:00:00	687880	561518	1249398	0.82
2024-04-25 10:30:00	800181	648942	1449123	0.81
2024-04-25 11:00:00	922315	709129	1631444	0.77
2024-04-25 11:30:00	1014505	772862	1787367	0.76
2024-04-25 12:00:00	1109311	843370	1952681	0.76
2024-04-25 12:30:00	1192473	904882	2097355	0.76
2024-04-25 13:00:00	1297480	981568	2279048	0.76
2024-04-25 13:30:00	1398883	1062276	2461159	0.76
2024-04-25 14:00:00	1504495	1148556	2653051	0.76
2024-04-25 14:30:00	1654746	1248955	2903701	0.75
2024-04-25 15:00:00	1834277	1424723	3259000	0.78
2024-04-25 15:15:00	1851811	1443701	3295512	0.78
2024-04-24 09:00:00	339935	272380	612315	0.8
2024-04-24 09:30:00	535627	412901	948528	0.77
2024-04-24 10:00:00	670369	523672	1194041	0.78
2024-04-24 10:30:00	781462	625832	1407294	0.8
2024-04-24 11:00:00	888729	704401	1593130	0.79
2024-04-24 11:30:00	984022	793270	1777292	0.81
2024-04-24 12:00:00	1060775	867327	1928102	0.82
2024-04-24 12:30:00	1147356	932170	2079526	0.81
2024-04-24 13:00:00	1237991	995961	2233952	0.8
2024-04-24 13:30:00	1313378	1056263	2369641	0.8
2024-04-24 14:00:00	1412375	1141392	2553767	0.81
2024-04-24 14:30:00	1528288	1222628	2750916	0.8
2024-04-24 15:00:00	1699870	1334202	3034072	0.78
2024-04-24 15:15:00	1717526	1351934	3069460	0.79
2024-04-23 09:00:00	279766	201466	481232	0.72
2024-04-23 09:30:00	503645	330318	833963	0.66
2024-04-23 10:00:00	681020	470594	1151614	0.69
2024-04-23 10:30:00	809967	588289	1398256	0.73
2024-04-23 11:00:00	941031	660619	1601650	0.7
2024-04-23 11:30:00	1039052	731535	1770587	0.7
2024-04-23 12:00:00	1136305	807665	1943970	0.71
2024-04-23 12:30:00	1225080	906927	2132007	0.74
2024-04-23 13:00:00	1306663	1000638	2307301	0.77
2024-04-23 13:30:00	1402089	1085993	2488082	0.77
2024-04-23 14:00:00	1484699	1163740	2648439	0.78
2024-04-23 14:30:00	1578660	1247363	2826023	0.79
2024-04-23 15:00:00	1758539	1379084	3137623	0.78
2024-04-23 15:15:00	1766073	1402410	3168483	0.79
2024-04-22 09:00:00	312797	222239	535036	0.71
2024-04-22 09:30:00	511831	366124	877955	0.72
2024-04-22 10:00:00	671711	472748	1144459	0.7
2024-04-22 10:30:00	859279	659952	1519231	0.77
2024-04-22 11:00:00	979730	738751	1718481	0.75
2024-04-22 11:30:00	1092701	811799	1904500	0.74
2024-04-22 12:00:00	1188476	908363	2096839	0.76
2024-04-22 12:30:00	1311697	989325	2301022	0.75
2024-04-22 13:00:00	1448085	1099116	2547201	0.76
2024-04-22 13:30:00	1568412	1175034	2743446	0.75
2024-04-22 14:00:00	1682457	1253666	2936123	0.75
2024-04-22 14:30:00	1780609	1325122	3105731	0.74
2024-04-22 15:00:00	1925910	1436827	3362737	0.75
2024-04-22 15:15:00	1934970	1448343	3383313	0.75
2024-04-19 09:00:00	305519	270343	575862	0.88
2024-04-19 09:30:00	628519	508035	1136554	0.81
2024-04-19 10:00:00	825314	674892	1500206	0.82
2024-04-19 10:30:00	975725	793054	1768779	0.81
2024-04-19 11:00:00	1107079	911342	2018421	0.82
2024-04-19 11:30:00	1337227	1162157	2499384	0.87
2024-04-19 12:00:00	1500081	1319359	2819440	0.88
2024-04-19 12:30:00	1638425	1428219	3066644	0.87
2024-04-19 13:00:00	1799401	1547136	3346537	0.86
2024-04-19 13:30:00	1925808	1687221	3613029	0.88
2024-04-19 14:00:00	2108161	1857713	3965874	0.88
2024-04-19 14:30:00	2280027	2025808	4305835	0.89
2024-04-19 15:00:00	2493372	2277520	4770892	0.91
2024-04-19 15:15:00	2514815	2325430	4840245	0.92
2024-04-18 09:00:00	282398	199831	482229	0.71
2024-04-18 09:30:00	456310	366075	822385	0.8
2024-04-18 10:00:00	625232	498345	1123577	0.8
2024-04-18 10:30:00	760208	593979	1354187	0.78
2024-04-18 11:00:00	1096805	911264	2008069	0.83
2024-04-18 11:30:00	1187284	980936	2168220	0.83
2024-04-18 12:00:00	1298842	1071391	2370233	0.82
2024-04-18 12:30:00	1414627	1174882	2589509	0.83
2024-04-18 13:00:00	1504193	1249443	2753636	0.83
2024-04-18 13:30:00	1598351	1324903	2923254	0.83
2024-04-18 14:00:00	1688968	1408346	3097314	0.83
2024-04-18 14:30:00	1786656	1480897	3267553	0.83
2024-04-18 15:00:00	1938694	1608752	3547446	0.83
2024-04-18 15:15:00	1961373	1628796	3590169	0.83
2024-04-17 09:00:00	238365	162843	401208	0.68
2024-04-17 09:30:00	395884	300356	696240	0.76
2024-04-17 10:00:00	522304	408937	931241	0.78
2024-04-17 10:30:00	634007	509811	1143818	0.8
2024-04-17 11:00:00	750517	641177	1391694	0.85
2024-04-17 11:30:00	889568	792834	1682402	0.89
2024-04-17 12:00:00	1015711	957565	1973276	0.94
2024-04-17 12:30:00	1137187	1071484	2208671	0.94
2024-04-17 13:00:00	1231682	1150493	2382175	0.93
2024-04-17 13:30:00	1334528	1215781	2550309	0.91
2024-04-17 14:00:00	1424534	1301653	2726187	0.91
2024-04-17 14:30:00	1543807	1386154	2929961	0.9
2024-04-17 15:00:00	1679711	2180544	3860255	1.3
2024-04-17 15:15:00	1693106	2551664	4244770	1.51
2024-04-16 09:00:00	723627	253659	977286	0.35
2024-04-16 09:30:00	915365	391595	1306960	0.43
2024-04-16 10:00:00	1051566	505350	1556916	0.48
2024-04-16 10:30:00	1158927	596159	1755086	0.51
2024-04-16 11:00:00	1255067	686254	1941321	0.55
2024-04-16 11:30:00	1336202	749915	2086117	0.56
2024-04-16 12:00:00	1407757	818159	2225916	0.58
2024-04-16 12:30:00	1503274	887426	2390700	0.59
2024-04-16 13:00:00	1601107	972452	2573559	0.61
2024-04-16 13:30:00	1692402	1067858	2760260	0.63
2024-04-16 14:00:00	1769119	1139960	2909079	0.64
2024-04-16 14:30:00	1857600	1208800	3066400	0.65
2024-04-16 15:00:00	1978697	1331273	3309970	0.67
2024-04-16 15:15:00	1990465	1344653	3335118	0.68
2024-04-15 09:00:00	316437	221534	537971	0.7
2024-04-15 09:30:00	517898	392132	910030	0.76
2024-04-15 10:00:00	648935	495150	1144085	0.76
2024-04-15 10:30:00	756260	575995	1332255	0.76
2024-04-15 11:00:00	851425	631664	1483089	0.74
2024-04-15 11:30:00	924309	684274	1608583	0.74
2024-04-15 12:00:00	1019785	764815	1784600	0.75
2024-04-15 12:30:00	1136659	867016	2003675	0.76
2024-04-15 13:00:00	1301755	1032002	2333757	0.79
2024-04-15 13:30:00	1404041	1131536	2535577	0.81
2024-04-15 14:00:00	1502911	1222004	2724915	0.81
2024-04-15 14:30:00	1632903	1345184	2978087	0.82
2024-04-15 15:00:00	1795958	1498240	3294198	0.83
2024-04-15 15:15:00	1805449	1515625	3321074	0.84
2024-04-12 09:00:00	471079	306073	777152	0.65
2024-04-12 09:30:00	752043	516536	1268579	0.69
2024-04-12 10:00:00	969577	716559	1686136	0.74
2024-04-12 10:30:00	1168078	844985	2013063	0.72
2024-04-12 11:00:00	1326351	953208	2279559	0.72
2024-04-12 11:30:00	1511386	1071647	2583033	0.71
2024-04-12 12:00:00	1701417	1239156	2940573	0.73
2024-04-12 12:30:00	1899264	1399063	3298327	0.74
2024-04-12 13:00:00	2055939	1536423	3592362	0.75
2024-04-12 13:30:00	2178861	1645807	3824668	0.76
2024-04-12 14:00:00	2327956	1767632	4095588	0.76
2024-04-12 14:30:00	2506574	1963486	4470060	0.78
2024-04-12 15:00:00	2766616	2211528	4978144	0.8
2024-04-12 15:15:00	2791569	2234927	5026496	0.8
2024-04-11 09:00:00	255678	153509	409187	0.6
2024-04-11 09:30:00	422508	294216	716724	0.7
2024-04-11 10:00:00	557790	406212	964002	0.73
2024-04-11 10:30:00	656332	486403	1142735	0.74
2024-04-11 11:00:00	755230	563056	1318286	0.75
2024-04-11 11:30:00	843372	639119	1482491	0.76
2024-04-11 12:00:00	921720	710870	1632590	0.77
2024-04-11 12:30:00	1037835	810143	1847978	0.78
2024-04-11 13:00:00	1152494	906412	2058906	0.79
2024-04-11 13:30:00	1296711	1011687	2308398	0.78
2024-04-11 14:00:00	1430305	1114322	2544627	0.78
2024-04-11 14:30:00	1544621	1230406	2775027	0.8
2024-04-11 15:00:00	1729207	1370032	3099239	0.79
2024-04-11 15:15:00	1739944	1383657	3123601	0.8
2024-04-10 09:00:00	356033	311316	667349	0.87
2024-04-10 09:30:00	567044	480661	1047705	0.85
2024-04-10 10:00:00	719803	629152	1348955	0.87
2024-04-10 10:30:00	828996	733314	1562310	0.88
2024-04-10 11:00:00	1156826	1048919	2205745	0.91
2024-04-10 11:30:00	1261444	1118092	2379536	0.89
2024-04-10 12:00:00	1343779	1209851	2553630	0.9
2024-04-10 12:30:00	1482417	1405757	2888174	0.95
2024-04-10 13:00:00	1608887	1539569	3148456	0.96
2024-04-10 13:30:00	1697245	1612405	3309650	0.95
2024-04-10 14:00:00	1781680	1692425	3474105	0.95
2024-04-10 14:30:00	1903262	1832058	3735320	0.96
2024-04-10 15:00:00	2045084	1958785	4003869	0.96
2024-04-10 15:15:00	2066628	1984991	4051619	0.96
2024-04-09 09:00:00	274841	162690	437531	0.59
2024-04-09 09:30:00	452521	264545	717066	0.58
2024-04-09 10:00:00	622432	403378	1025810	0.65
2024-04-09 10:30:00	728479	475992	1204471	0.65
2024-04-09 11:00:00	842761	549174	1391935	0.65
2024-04-09 11:30:00	913373	598777	1512150	0.66
2024-04-09 12:00:00	969576	646106	1615682	0.67
2024-04-09 12:30:00	1028868	693883	1722751	0.67
2024-04-09 13:00:00	1081667	739444	1821111	0.68
2024-04-09 13:30:00	1151106	785657	1936763	0.68
2024-04-09 14:00:00	1217062	840728	2057790	0.69
2024-04-09 14:30:00	1328332	1002411	2330743	0.75
2024-04-09 15:00:00	1457919	1147557	2605476	0.79
2024-04-09 15:15:00	1475408	1182381	2657789	0.8
2024-04-08 09:00:00	319994	212976	532970	0.67
2024-04-08 09:30:00	472174	314599	786773	0.67
2024-04-08 10:00:00	607844	402990	1010834	0.66
2024-04-08 10:30:00	708975	476053	1185028	0.67
2024-04-08 11:00:00	805472	554336	1359808	0.69
2024-04-08 11:30:00	892148	679981	1572129	0.76
2024-04-08 12:00:00	960081	751679	1711760	0.78
2024-04-08 12:30:00	1020345	789402	1809747	0.77
2024-04-08 13:00:00	1087670	834456	1922126	0.77
2024-04-08 13:30:00	1151558	890438	2041996	0.77
2024-04-08 14:00:00	1212761	940367	2153128	0.78
2024-04-08 14:30:00	1286876	989225	2276101	0.77
2024-04-08 15:00:00	1392664	1083508	2476172	0.78
2024-04-08 15:15:00	1401543	1094343	2495886	0.78
2024-04-05 09:00:00	383687	270866	654553	0.71
2024-04-05 09:30:00	624984	479925	1104909	0.77
2024-04-05 10:00:00	799364	635483	1434847	0.79
2024-04-05 10:30:00	988188	798833	1787021	0.81
2024-04-05 11:00:00	1163113	938067	2101180	0.81
2024-04-05 11:30:00	1313671	1066005	2379676	0.81
2024-04-05 12:00:00	1432901	1164970	2597871	0.81
2024-04-05 12:30:00	1587401	1296041	2883442	0.82
2024-04-05 13:00:00	1705016	1552349	3257365	0.91
2024-04-05 13:30:00	1812965	1679928	3492893	0.93
2024-04-05 14:00:00	1923198	1797098	3720296	0.93
2024-04-05 14:30:00	2032971	1916756	3949727	0.94
2024-04-05 15:00:00	2232793	2097886	4330679	0.94
2024-04-05 15:15:00	2249602	2121677	4371279	0.94
2024-04-04 09:00:00	336081	190985	527066	0.57
2024-04-04 09:30:00	507588	307505	815093	0.61
2024-04-04 10:00:00	638794	414574	1053368	0.65
2024-04-04 10:30:00	741695	505042	1246737	0.68
2024-04-04 11:00:00	853086	598011	1451097	0.7
2024-04-04 11:30:00	971931	678501	1650432	0.7
2024-04-04 12:00:00	1063546	746790	1810336	0.7
2024-04-04 12:30:00	1144270	802927	1947197	0.7
2024-04-04 13:00:00	1234459	873479	2107938	0.71
2024-04-04 13:30:00	1389395	1008744	2398139	0.73
2024-04-04 14:00:00	1603608	1195459	2799067	0.75
2024-04-04 14:30:00	1808119	1429439	3237558	0.79
2024-04-04 15:00:00	2082399	1724734	3807133	0.83
2024-04-04 15:15:00	2095655	1745721	3841376	0.83
2024-04-03 09:00:00	231086	164543	395629	0.71
2024-04-03 09:30:00	425714	295381	721095	0.69
2024-04-03 10:00:00	575057	403810	978867	0.7
2024-04-03 10:30:00	724560	481369	1205929	0.66
2024-04-03 11:00:00	831275	547604	1378879	0.66
2024-04-03 11:30:00	923530	615169	1538699	0.67
2024-04-03 12:00:00	1011675	682404	1694079	0.67
2024-04-03 12:30:00	1088478	728502	1816980	0.67
2024-04-03 13:00:00	1216296	774005	1990301	0.64
2024-04-03 13:30:00	1311936	836037	2147973	0.64
2024-04-03 14:00:00	1401161	901086	2302247	0.64
2024-04-03 14:30:00	1553701	1004901	2558602	0.65
2024-04-03 15:00:00	1703713	1437807	3141520	0.84
2024-04-03 15:15:00	1714505	1450312	3164817	0.85
2024-04-02 09:00:00	364672	262768	627440	0.72
2024-04-02 09:30:00	571356	408354	979710	0.71
2024-04-02 10:00:00	726101	494032	1220133	0.68
2024-04-02 10:30:00	827394	572058	1399452	0.69
2024-04-02 11:00:00	917701	636420	1554121	0.69
2024-04-02 11:30:00	1000201	701001	1701202	0.7
2024-04-02 12:00:00	1086342	757016	1843358	0.7
2024-04-02 12:30:00	1171941	817749	1989690	0.7
2024-04-02 13:00:00	1232895	869406	2102301	0.71
2024-04-02 13:30:00	1331444	909729	2241173	0.68
2024-04-02 14:00:00	1406132	966722	2372854	0.69
2024-04-02 14:30:00	1496607	1036338	2532945	0.69
2024-04-02 15:00:00	1654058	1143265	2797323	0.69
2024-04-02 15:15:00	1668744	1157950	2826694	0.69
2024-04-01 09:00:00	310932	197314	508246	0.63
2024-04-01 09:30:00	506235	348559	854794	0.69
2024-04-01 10:00:00	651425	495795	1147220	0.76
2024-04-01 10:30:00	773244	611314	1384558	0.79
2024-04-01 11:00:00	887606	703522	1591128	0.79
2024-04-01 11:30:00	972887	764528	1737415	0.79
2024-04-01 12:00:00	1068593	822323	1890916	0.77
2024-04-01 12:30:00	1145427	892792	2038219	0.78
2024-04-01 13:00:00	1211990	937959	2149949	0.77
2024-04-01 13:30:00	1277296	982333	2259629	0.77
2024-04-01 14:00:00	1345278	1029622	2374900	0.77
2024-04-01 14:30:00	1424336	1092307	2516643	0.77
2024-04-01 15:00:00	1544390	1184561	2728951	0.77
2024-04-01 15:15:00	1554184	1195644	2749828	0.77
2024-03-28 09:00:00	193425	176663	370088	0.91
2024-03-28 09:30:00	375447	312403	687850	0.83
2024-03-28 10:00:00	490840	476113	966953	0.97
2024-03-28 10:30:00	614790	865350	1480140	1.41
2024-03-28 11:00:00	698458	1239259	1937717	1.77
2024-03-28 11:30:00	783439	1463665	2247104	1.87
2024-03-28 12:00:00	859735	1822074	2681809	2.12
2024-03-28 12:30:00	934384	1869992	2804376	2.0
2024-03-28 13:00:00	1051496	2122209	3173705	2.02
2024-03-28 13:30:00	1135627	2179168	3314795	1.92
2024-03-28 14:00:00	1217207	2234352	3451559	1.84
2024-03-28 14:30:00	1332513	2312834	3645347	1.74
2024-03-28 15:00:00	1494408	2458051	3952459	1.64
2024-03-28 15:15:00	1508788	2524011	4032799	1.67
2024-03-28 09:00:00	342264	278148	620412	0.81
2024-03-28 09:30:00	610977	482364	1093341	0.79
2024-03-28 10:00:00	784707	685610	1470317	0.87
2024-03-28 10:30:00	964724	1106921	2071645	1.15
2024-03-28 11:00:00	1092975	1508429	2601404	1.38
2024-03-28 11:30:00	1211688	1757843	2969531	1.45
2024-03-28 12:00:00	1325234	2138793	3464027	1.61
2024-03-28 12:30:00	1434766	2207790	3642556	1.54
2024-03-28 13:00:00	1621495	2479752	4101247	1.53
2024-03-28 13:30:00	1738213	2558048	4296261	1.47
2024-03-28 14:00:00	1865832	2650943	4516775	1.42
2024-03-28 14:30:00	2040765	2776651	4817416	1.36
2024-03-28 15:00:00	2268290	2971644	5239934	1.31
2024-03-28 15:15:00	2286159	3041201	5327360	1.33
2024-03-27 09:00:00	305384	196100	501484	0.64
2024-03-27 09:30:00	499337	373573	872910	0.75
2024-03-27 10:00:00	626825	486083	1112908	0.78
2024-03-27 10:30:00	745788	583431	1329219	0.78
2024-03-27 11:00:00	842008	650432	1492440	0.77
2024-03-27 11:30:00	941871	719025	1660896	0.76
2024-03-27 12:00:00	1064528	866430	1930958	0.81
2024-03-27 12:30:00	1136729	923189	2059918	0.81
2024-03-27 13:00:00	1224814	982248	2207062	0.8
2024-03-27 13:30:00	1315685	1046158	2361843	0.8
2024-03-27 14:00:00	1407211	1106985	2514196	0.79
2024-03-27 14:30:00	1511063	1189428	2700491	0.79
2024-03-27 15:00:00	1699044	1331120	3030164	0.78
2024-03-27 15:15:00	1718936	1350572	3069508	0.79
2024-03-26 09:00:00	260964	161843	422807	0.62
2024-03-26 09:30:00	421554	272267	693821	0.65
2024-03-26 10:00:00	544113	351755	895868	0.65
2024-03-26 10:30:00	653759	420135	1073894	0.64
2024-03-26 11:00:00	747179	483403	1230582	0.65
2024-03-26 11:30:00	845198	548207	1393405	0.65
2024-03-26 12:00:00	946275	601593	1547868	0.64
2024-03-26 12:30:00	1022049	681657	1703706	0.67
2024-03-26 13:00:00	1097630	734609	1832239	0.67
2024-03-26 13:30:00	1167480	850485	2017965	0.73
2024-03-26 14:00:00	1241209	903275	2144484	0.73
2024-03-26 14:30:00	1328488	972540	2301028	0.73
2024-03-26 15:00:00	1532328	1123141	2655469	0.73
2024-03-26 15:15:00	1545597	1138612	2684209	0.74
2024-03-25 09:00:00	303120	205189	508309	0.68
2024-03-25 09:30:00	500717	342845	843562	0.68
2024-03-25 10:00:00	617793	442142	1059935	0.72
2024-03-25 10:30:00	736137	534144	1270281	0.73
2024-03-25 11:00:00	824589	620191	1444780	0.75
2024-03-25 11:30:00	905131	679162	1584293	0.75
2024-03-25 12:00:00	981016	733250	1714266	0.75
2024-03-25 12:30:00	1048343	781720	1830063	0.75
2024-03-25 13:00:00	1104945	841867	1946812	0.76
2024-03-25 13:30:00	1172067	902794	2074861	0.77
2024-03-25 14:00:00	1239676	963402	2203078	0.78
2024-03-25 14:30:00	1318596	1025890	2344486	0.78
2024-03-25 15:00:00	1446176	1155721	2601897	0.8
2024-03-25 15:15:00	1459180	1173907	2633087	0.8
2024-03-22 09:00:00	348475	259966	608441	0.75
2024-03-22 09:30:00	566402	435726	1002128	0.77
2024-03-22 10:00:00	706459	561591	1268050	0.79
2024-03-22 10:30:00	838868	747637	1586505	0.89
2024-03-22 11:00:00	959426	1739556	2698982	1.81
2024-03-22 11:30:00	1077309	1835785	2913094	1.7
2024-03-22 12:00:00	1182791	1923065	3105856	1.63
2024-03-22 12:30:00	1302199	2019542	3321741	1.55
2024-03-22 13:00:00	1407041	2109898	3516939	1.5
2024-03-22 13:30:00	1604197	2201174	3805371	1.37
2024-03-22 14:00:00	1711882	2295115	4006997	1.34
2024-03-22 14:30:00	1864448	2456378	4320826	1.32
2024-03-22 15:00:00	2081000	2616193	4697193	1.26
2024-03-22 15:15:00	2108052	2647256	4755308	1.26
2024-03-21 09:00:00	407647	324007	731654	0.79
2024-03-21 09:30:00	661398	474682	1136080	0.72
2024-03-21 10:00:00	859164	604884	1464048	0.7
2024-03-21 10:30:00	1030808	788806	1819614	0.77
2024-03-21 11:00:00	1171726	895622	2067348	0.76
2024-03-21 11:30:00	1288304	994363	2282667	0.77
2024-03-21 12:00:00	1378006	1077551	2455557	0.78
2024-03-21 12:30:00	1474057	1172206	2646263	0.8
2024-03-21 13:00:00	1610526	1254181	2864707	0.78
2024-03-21 13:30:00	1714139	1324005	3038144	0.77
2024-03-21 14:00:00	1811744	1429049	3240793	0.79
2024-03-21 14:30:00	1913230	1503439	3416669	0.79
2024-03-21 15:00:00	2059208	1677281	3736489	0.81
2024-03-21 15:15:00	2068014	1696613	3764627	0.82
2024-03-20 09:00:00	188572	117823	306395	0.62
2024-03-20 09:30:00	339160	205143	544303	0.6
2024-03-20 10:00:00	446681	275407	722088	0.62
2024-03-20 10:30:00	555568	340757	896325	0.61
2024-03-20 11:00:00	623231	398075	1021306	0.64
2024-03-20 11:30:00	694651	446301	1140952	0.64
2024-03-20 12:00:00	754929	492239	1247168	0.65
2024-03-20 12:30:00	817716	537779	1355495	0.66
2024-03-20 13:00:00	885152	590146	1475298	0.67
2024-03-20 13:30:00	1026447	752850	1779297	0.73
2024-03-20 14:00:00	1201615	1003183	2204798	0.83
2024-03-20 14:30:00	1386978	1160605	2547583	0.84
2024-03-20 15:00:00	1622385	1443358	3065743	0.89
2024-03-20 15:15:00	1640909	1469391	3110300	0.9
2024-03-19 09:00:00	249572	189538	439110	0.76
2024-03-19 09:30:00	391997	288459	680456	0.74
2024-03-19 10:00:00	507370	373176	880546	0.74
2024-03-19 10:30:00	585572	435412	1020984	0.74
2024-03-19 11:00:00	679542	525253	1204795	0.77
2024-03-19 11:30:00	772358	586590	1358948	0.76
2024-03-19 12:00:00	865257	655590	1520847	0.76
2024-03-19 12:30:00	936839	722799	1659638	0.77
2024-03-19 13:00:00	1003732	780365	1784097	0.78
2024-03-19 13:30:00	1066357	833745	1900102	0.78
2024-03-19 14:00:00	1135390	879943	2015333	0.78
2024-03-19 14:30:00	1203855	939295	2143150	0.78
2024-03-19 15:00:00	1310271	1025972	2336243	0.78
2024-03-19 15:15:00	1322015	1057666	2379681	0.8
2024-03-18 09:00:00	329993	235795	565788	0.71
2024-03-18 09:30:00	532547	386949	919496	0.73
2024-03-18 10:00:00	671168	489788	1160956	0.73
2024-03-18 10:30:00	794217	571507	1365724	0.72
2024-03-18 11:00:00	891542	643236	1534778	0.72
2024-03-18 11:30:00	973770	721588	1695358	0.74
2024-03-18 12:00:00	1049139	780753	1829892	0.74
2024-03-18 12:30:00	1116044	839414	1955458	0.75
2024-03-18 13:00:00	1181934	894430	2076364	0.76
2024-03-18 13:30:00	1264466	941957	2206423	0.74
2024-03-18 14:00:00	1338590	1003984	2342574	0.75
2024-03-18 14:30:00	1429465	1056672	2486137	0.74
2024-03-18 15:00:00	1551315	1151956	2703271	0.74
2024-03-18 15:15:00	1564109	1167017	2731126	0.75
2024-03-15 09:00:00	328535	262953	591488	0.8
2024-03-15 09:30:00	561429	473922	1035351	0.84
2024-03-15 10:00:00	766015	616242	1382257	0.8
2024-03-15 10:30:00	954876	723020	1677896	0.76
2024-03-15 11:00:00	1091368	815717	1907085	0.75
2024-03-15 11:30:00	1243567	983715	2227282	0.79
2024-03-15 12:00:00	1379272	1093431	2472703	0.79
2024-03-15 12:30:00	1514300	1192813	2707113	0.79
2024-03-15 13:00:00	1697092	1279334	2976426	0.75
2024-03-15 13:30:00	1820986	1416106	3237092	0.78
2024-03-15 14:00:00	2018413	1523289	3541702	0.75
2024-03-15 14:30:00	2219046	1673156	3892202	0.75
2024-03-15 15:00:00	2463118	1862152	4325270	0.76
2024-03-15 15:15:00	2478801	1881542	4360343	0.76
2024-03-14 09:00:00	326160	199778	525938	0.61
2024-03-14 09:30:00	526761	343301	870062	0.65
2024-03-14 10:00:00	672600	461871	1134471	0.69
2024-03-14 10:30:00	814632	550694	1365326	0.68
2024-03-14 11:00:00	919783	632001	1551784	0.69
2024-03-14 11:30:00	1047935	719906	1767841	0.69
2024-03-14 12:00:00	1137307	782270	1919577	0.69
2024-03-14 12:30:00	1243721	862263	2105984	0.69
2024-03-14 13:00:00	1345722	959687	2305409	0.71
2024-03-14 13:30:00	1436152	1022500	2458652	0.71
2024-03-14 14:00:00	1535436	1096540	2631976	0.71
2024-03-14 14:30:00	1679657	1214941	2894598	0.72
2024-03-14 15:00:00	1868309	1361977	3230286	0.73
2024-03-14 15:15:00	1877374	1392027	3269401	0.74
2024-03-13 09:00:00	285425	184616	470041	0.65
2024-03-13 09:30:00	519268	310540	829808	0.6
2024-03-13 10:00:00	658688	420870	1079558	0.64
2024-03-13 10:30:00	783315	497105	1280420	0.63
2024-03-13 11:00:00	881085	586496	1467581	0.67
2024-03-13 11:30:00	965306	633284	1598590	0.66
2024-03-13 12:00:00	1049543	685823	1735366	0.65
2024-03-13 12:30:00	1146266	741792	1888058	0.65
2024-03-13 13:00:00	1231820	824051	2055871	0.67
2024-03-13 13:30:00	1315210	870782	2185992	0.66
2024-03-13 14:00:00	1413610	928846	2342456	0.66
2024-03-13 14:30:00	1536336	1025660	2561996	0.67
2024-03-13 15:00:00	1704701	1135070	2839771	0.67
2024-03-13 15:15:00	1711718	1142582	2854300	0.67
2024-03-12 09:00:00	257531	284190	541721	1.1
2024-03-12 09:30:00	443278	426331	869609	0.96
2024-03-12 10:00:00	611127	552899	1164026	0.9
2024-03-12 10:30:00	749534	690368	1439902	0.92
2024-03-12 11:00:00	882418	776110	1658528	0.88
2024-03-12 11:30:00	974939	845351	1820290	0.87
2024-03-12 12:00:00	1069620	918044	1987664	0.86
2024-03-12 12:30:00	1170038	995301	2165339	0.85
2024-03-12 13:00:00	1244396	1048089	2292485	0.84
2024-03-12 13:30:00	1313560	1116439	2429999	0.85
2024-03-12 14:00:00	1396326	1291953	2688279	0.93
2024-03-12 14:30:00	1551665	1367623	2919288	0.88
2024-03-12 15:00:00	1680025	1463599	3143624	0.87
2024-03-12 15:15:00	1687310	1499147	3186457	0.89
2024-03-11 09:00:00	325039	232957	557996	0.72
2024-03-11 09:30:00	498873	373755	872628	0.75
2024-03-11 10:00:00	677725	488648	1166373	0.72
2024-03-11 10:30:00	818664	569067	1387731	0.7
2024-03-11 11:00:00	913786	644432	1558218	0.71
2024-03-11 11:30:00	1001771	714441	1716212	0.71
2024-03-11 12:00:00	1082622	768984	1851606	0.71
2024-03-11 12:30:00	1173310	838144	2011454	0.71
2024-03-11 13:00:00	1261427	886110	2147537	0.7
2024-03-11 13:30:00	1338257	944209	2282466	0.71
2024-03-11 14:00:00	1409827	1013902	2423729	0.72
2024-03-11 14:30:00	1510651	1176407	2687058	0.78
2024-03-11 15:00:00	1657316	1310226	2967542	0.79
2024-03-11 15:15:00	1667615	1321416	2989031	0.79
2024-03-08 09:00:00	463097	272376	735473	0.59
2024-03-08 09:30:00	807171	481466	1288637	0.6
2024-03-08 10:00:00	1138183	656369	1794552	0.58
2024-03-08 10:30:00	1413427	855891	2269318	0.61
2024-03-08 11:00:00	1634597	1057617	2692214	0.65
2024-03-08 11:30:00	1793489	1167320	2960809	0.65
2024-03-08 12:00:00	1948432	1273128	3221560	0.65
2024-03-08 12:30:00	2131479	1387985	3519464	0.65
2024-03-08 13:00:00	2289000	1518975	3807975	0.66
2024-03-08 13:30:00	2446731	1621193	4067924	0.66
2024-03-08 14:00:00	2606306	1727879	4334185	0.66
2024-03-08 14:30:00	2767865	1851741	4619606	0.67
2024-03-08 15:00:00	2978353	2122536	5100889	0.71
2024-03-08 15:15:00	2992887	2151511	5144398	0.72
2024-03-07 09:00:00	392002	255430	647432	0.65
2024-03-07 09:30:00	638352	436378	1074730	0.68
2024-03-07 10:00:00	850909	591323	1442232	0.69
2024-03-07 10:30:00	1004130	704657	1708787	0.7
2024-03-07 11:00:00	1144175	797419	1941594	0.7
2024-03-07 11:30:00	1144155	738268	1882423	0.65
2024-03-07 12:00:00	1243727	810665	2054392	0.65
2024-03-07 12:30:00	1359581	884999	2244580	0.65
2024-03-07 13:00:00	1489192	959955	2449147	0.64
2024-03-07 13:30:00	1616308	1033836	2650144	0.64
2024-03-07 14:00:00	1727609	1100253	2827862	0.64
2024-03-07 14:30:00	1835005	1180418	3015423	0.64
2024-03-07 15:00:00	2010138	1419198	3429336	0.71
2024-03-07 15:15:00	2020384	1461451	3481835	0.72
2024-03-06 09:00:00	392188	243571	635759	0.62
2024-03-06 09:30:00	620649	430925	1051574	0.69
2024-03-06 10:00:00	791393	549734	1341127	0.69
2024-03-06 10:30:00	958504	658729	1617233	0.69
2024-03-06 11:00:00	1099477	758992	1858469	0.69
2024-03-06 11:30:00	1233869	853469	2087338	0.69
2024-03-06 12:00:00	1346862	945673	2292535	0.7
2024-03-06 12:30:00	1459541	1018611	2478152	0.7
2024-03-06 13:00:00	1613820	1152307	2766127	0.71
2024-03-06 13:30:00	1504602	977763	2482365	0.65
2024-03-06 14:00:00	1583799	1039202	2623001	0.66
2024-03-06 14:30:00	1668221	1447623	3115844	0.87
2024-03-06 15:00:00	1811122	1685910	3497032	0.93
2024-03-06 15:15:00	1817891	1696340	3514231	0.93
2024-03-05 09:00:00	332339	280762	613101	0.84
2024-03-05 09:30:00	588415	516864	1105279	0.88
2024-03-05 10:00:00	789097	677654	1466751	0.86
2024-03-05 10:30:00	931030	783565	1714595	0.84
2024-03-05 11:00:00	1060326	886183	1946509	0.84
2024-03-05 11:30:00	1183124	977117	2160241	0.83
2024-03-05 12:00:00	1280889	1045964	2326853	0.82
2024-03-05 12:30:00	1377769	1109771	2487540	0.81
2024-03-05 13:00:00	1510371	1239892	2750263	0.82
2024-03-05 13:30:00	1607809	1338713	2946522	0.83
2024-03-05 14:00:00	1763021	1472494	3235515	0.84
2024-03-05 14:30:00	1902369	1608672	3511041	0.85
2024-03-05 15:00:00	2134952	1857952	3992904	0.87
2024-03-05 15:15:00	2153086	1874690	4027776	0.87
2024-03-04 09:00:00	436396	285589	721985	0.65
2024-03-04 09:30:00	686340	487344	1173684	0.71
2024-03-04 10:00:00	888761	636275	1525036	0.72
2024-03-04 10:30:00	1117402	769029	1886431	0.69
2024-03-04 11:00:00	1279908	883099	2163007	0.69
2024-03-04 11:30:00	1412924	974979	2387903	0.69
2024-03-04 12:00:00	1734864	1263770	2998634	0.73
2024-03-04 12:30:00	1851640	1375818	3227458	0.74
2024-03-04 13:00:00	2140481	1450634	3591115	0.68
2024-03-04 13:30:00	2241910	1535884	3777794	0.69
2024-03-04 14:00:00	2408816	1647881	4056697	0.68
2024-03-04 14:30:00	2531601	1750238	4281839	0.69
2024-03-04 15:00:00	2734778	1913104	4647882	0.7
2024-03-04 15:15:00	2748293	1932954	4681247	0.7
2024-03-01 09:00:00	419740	259885	679625	0.62
2024-03-01 09:30:00	700144	467737	1167881	0.67
2024-03-01 10:00:00	921586	644059	1565645	0.7
2024-03-01 10:30:00	1167722	827211	1994933	0.71
2024-03-01 11:00:00	1326865	963744	2290609	0.73
2024-03-01 11:30:00	1478689	1088022	2566711	0.74
2024-03-01 12:00:00	1630888	1212880	2843768	0.74
2024-03-01 12:30:00	1782422	1329102	3111524	0.75
2024-03-01 13:00:00	1966225	1447198	3413423	0.74
2024-03-01 13:30:00	2142799	1880709	4023508	0.88
2024-03-01 14:00:00	2347688	2017576	4365264	0.86
2024-03-01 14:30:00	2530742	2150104	4680846	0.85
2024-03-01 15:00:00	2756952	2373063	5130015	0.86
2024-03-01 15:15:00	2778197	2400486	5178683	0.86
2024-02-29 09:00:00	373772	280900	654672	0.75
2024-02-29 09:30:00	650666	481093	1131759	0.74
2024-02-29 10:00:00	851293	654086	1505379	0.77
2024-02-29 10:30:00	981162	748564	1729726	0.76
2024-02-29 11:00:00	1192395	892590	2084985	0.75
2024-02-29 11:30:00	1292899	968806	2261705	0.75
2024-02-29 12:00:00	1393186	1037265	2430451	0.74
2024-02-29 12:30:00	1514687	1119587	2634274	0.74
2024-02-29 13:00:00	1614551	1186547	2801098	0.73
2024-02-29 13:30:00	1512920	1058952	2571872	0.7
2024-02-29 14:00:00	1607914	1131916	2739830	0.7
2024-02-29 14:30:00	1716006	1206681	2922687	0.7
2024-02-29 15:00:00	1916940	1377599	3294539	0.72
2024-02-29 15:15:00	1935228	1389910	3325138	0.72
2024-02-28 09:00:00	335500	213911	549411	0.64
2024-02-28 09:30:00	537914	370896	908810	0.69
2024-02-28 10:00:00	965606	479690	1445296	0.5
2024-02-28 10:30:00	1112314	597766	1710080	0.54
2024-02-28 11:00:00	1231937	672818	1904755	0.55
2024-02-28 11:30:00	1343201	746083	2089284	0.56
2024-02-28 12:00:00	1456963	835468	2292431	0.57
2024-02-28 12:30:00	1419887	743152	2163039	0.52
2024-02-28 13:00:00	1511713	792304	2304017	0.52
2024-02-28 13:30:00	1583333	857090	2440423	0.54
2024-02-28 14:00:00	1668950	925280	2594230	0.55
2024-02-28 14:30:00	1788418	994429	2782847	0.56
2024-02-28 15:00:00	1928653	1117750	3046403	0.58
2024-02-28 15:15:00	1936912	1132044	3068956	0.58
2024-02-27 09:00:00	339565	256569	596134	0.76
2024-02-27 09:30:00	542745	417566	960311	0.77
2024-02-27 10:00:00	712793	553416	1266209	0.78
2024-02-27 10:30:00	835908	667311	1503219	0.8
2024-02-27 11:00:00	946687	744057	1690744	0.79
2024-02-27 11:30:00	1054980	819863	1874843	0.78
2024-02-27 12:00:00	1177923	905010	2082933	0.77
2024-02-27 12:30:00	1278536	982369	2260905	0.77
2024-02-27 13:00:00	1377991	1049512	2427503	0.76
2024-02-27 13:30:00	1500113	1131399	2631512	0.75
2024-02-27 14:00:00	1612682	1243505	2856187	0.77
2024-02-27 14:30:00	1724509	1333612	3058121	0.77
2024-02-27 15:00:00	1667278	1212663	2879941	0.73
2024-02-27 15:15:00	1686474	1230442	2916916	0.73
2024-02-26 09:00:00	349530	216201	565731	0.62
2024-02-26 09:30:00	571161	388314	959475	0.68
2024-02-26 10:00:00	735587	535056	1270643	0.73
2024-02-26 10:30:00	885376	652391	1537767	0.74
2024-02-26 11:00:00	1014253	744439	1758692	0.73
2024-02-26 11:30:00	1115616	834487	1950103	0.75
2024-02-26 12:00:00	1231394	912094	2143488	0.74
2024-02-26 12:30:00	1359125	1006744	2365869	0.74
2024-02-26 13:00:00	1487769	1154001	2641770	0.78
2024-02-26 13:30:00	1595105	1301952	2897057	0.82
2024-02-26 14:00:00	1684062	1406821	3090883	0.84
2024-02-26 14:30:00	1792021	1499412	3291433	0.84
2024-02-26 15:00:00	1952308	1648991	3601299	0.84
2024-02-26 15:15:00	1963854	1712835	3676689	0.87
2024-02-23 09:00:00	452089	293354	745443	0.65
2024-02-23 09:30:00	711916	481483	1193399	0.68
2024-02-23 10:00:00	1008237	642500	1650737	0.64
2024-02-23 10:30:00	1222381	840513	2062894	0.69
2024-02-23 11:00:00	1377177	964062	2341239	0.7
2024-02-23 11:30:00	1521011	1071581	2592592	0.7
2024-02-23 12:00:00	1628599	1174710	2803309	0.72
2024-02-23 12:30:00	1751988	1307216	3059204	0.75
2024-02-23 13:00:00	1876381	1398003	3274384	0.75
2024-02-23 13:30:00	2028153	1501855	3530008	0.74
2024-02-23 14:00:00	2132723	1587473	3720196	0.74
2024-02-23 14:30:00	2289842	1725545	4015387	0.75
2024-02-23 15:00:00	2502765	1909913	4412678	0.76
2024-02-23 15:15:00	2515230	1926688	4441918	0.77
2024-02-22 09:00:00	452438	336018	788456	0.74
2024-02-22 09:30:00	697932	536559	1234491	0.77
2024-02-22 10:00:00	871415	686991	1558406	0.79
2024-02-22 10:30:00	1022270	786980	1809250	0.77
2024-02-22 11:00:00	1161811	896029	2057840	0.77
2024-02-22 11:30:00	1268574	999359	2267933	0.79
2024-02-22 12:00:00	1413465	1122937	2536402	0.79
2024-02-22 12:30:00	1548740	1212034	2760774	0.78
2024-02-22 13:00:00	1664742	1321793	2986535	0.79
2024-02-22 13:30:00	1786893	1414436	3201329	0.79
2024-02-22 14:00:00	1891792	1538391	3430183	0.81
2024-02-22 14:30:00	2019845	1635423	3655268	0.81
2024-02-22 15:00:00	2213966	1779845	3993811	0.8
2024-02-22 15:15:00	2226958	1790740	4017698	0.8
2024-02-21 09:00:00	274776	219313	494089	0.8
2024-02-21 09:30:00	435674	342280	777954	0.79
2024-02-21 10:00:00	544567	427701	972268	0.79
2024-02-21 10:30:00	668293	513612	1181905	0.77
2024-02-21 11:00:00	770205	581555	1351760	0.76
2024-02-21 11:30:00	877108	658278	1535386	0.75
2024-02-21 12:00:00	843579	635053	1478632	0.75
2024-02-21 12:30:00	917185	700462	1617647	0.76
2024-02-21 13:00:00	1115744	887766	2003510	0.8
2024-02-21 13:30:00	1073188	822249	1895437	0.77
2024-02-21 14:00:00	1179469	993654	2173123	0.84
2024-02-21 14:30:00	1280013	1077332	2357345	0.84
2024-02-21 15:00:00	1441007	1206054	2647061	0.84
2024-02-21 15:15:00	1453238	1217988	2671226	0.84
2024-02-20 09:00:00	338382	242661	581043	0.72
2024-02-20 09:30:00	534339	421727	956066	0.79
2024-02-20 10:00:00	709165	532863	1242028	0.75
2024-02-20 10:30:00	818735	621145	1439880	0.76
2024-02-20 11:00:00	946325	695246	1641571	0.73
2024-02-20 11:30:00	1060795	786907	1847702	0.74
2024-02-20 12:00:00	1173404	891126	2064530	0.76
2024-02-20 12:30:00	1253289	953880	2207169	0.76
2024-02-20 13:00:00	1327582	1007427	2335009	0.76
2024-02-20 13:30:00	1393342	1058150	2451492	0.76
2024-02-20 14:00:00	1473372	1144213	2617585	0.78
2024-02-20 14:30:00	1573565	1210769	2784334	0.77
2024-02-20 15:00:00	1706460	1329170	3035630	0.78
2024-02-20 15:15:00	1714942	1338939	3053881	0.78
2024-02-16 09:00:00	422178	340211	762389	0.81
2024-02-16 09:30:00	711187	545761	1256948	0.77
2024-02-16 10:00:00	922148	694740	1616888	0.75
2024-02-16 10:30:00	1102848	824458	1927306	0.75
2024-02-16 11:00:00	1253092	938563	2191655	0.75
2024-02-16 11:30:00	1397572	1044928	2442500	0.75
2024-02-16 12:00:00	1511192	1143089	2654281	0.76
2024-02-16 12:30:00	1710064	1266605	2976669	0.74
2024-02-16 13:00:00	1826088	1345898	3171986	0.74
2024-02-16 13:30:00	1991223	1466284	3457507	0.74
2024-02-16 14:00:00	2188300	1602970	3791270	0.73
2024-02-16 14:30:00	2349310	1737110	4086420	0.74
2024-02-16 15:00:00	2585735	1948240	4533975	0.75
2024-02-16 15:15:00	2599064	1968992	4568056	0.76
2024-02-15 09:00:00	395820	236405	632225	0.6
2024-02-15 09:30:00	684105	804163	1488268	1.18
2024-02-15 10:00:00	875480	937792	1813272	1.07
2024-02-15 10:30:00	1033123	1073287	2106410	1.04
2024-02-15 11:00:00	1164979	1164754	2329733	1.0
2024-02-15 11:30:00	1302247	1246770	2549017	0.96
2024-02-15 12:00:00	1447315	1334051	2781366	0.92
2024-02-15 12:30:00	1598799	1433265	3032064	0.9
2024-02-15 13:00:00	1727827	1535954	3263781	0.89
2024-02-15 13:30:00	1649557	1421446	3071003	0.86
2024-02-15 14:00:00	1781790	1503727	3285517	0.84
2024-02-15 14:30:00	1921938	1603213	3525151	0.83
2024-02-15 15:00:00	2103607	1742400	3846007	0.83
2024-02-15 15:15:00	2116955	1753540	3870495	0.83
2024-02-14 09:00:00	346139	237329	583468	0.69
2024-02-14 09:30:00	581358	397982	979340	0.68
2024-02-14 10:00:00	761701	565843	1327544	0.74
2024-02-14 10:30:00	941640	707082	1648722	0.75
2024-02-14 11:00:00	1088379	808494	1896873	0.74
2024-02-14 11:30:00	1213588	928317	2141905	0.76
2024-02-14 12:00:00	1306039	997098	2303137	0.76
2024-02-14 12:30:00	1399459	1077208	2476667	0.77
2024-02-14 13:00:00	1532671	1153045	2685716	0.75
2024-02-14 13:30:00	1637606	1356861	2994467	0.83
2024-02-14 14:00:00	1458330	1152530	2610860	0.79
2024-02-14 14:30:00	1585648	1234903	2820551	0.78
2024-02-14 15:00:00	1901937	1409055	3310992	0.74
2024-02-14 15:15:00	1922381	1431583	3353964	0.74
2024-02-13 09:00:00	446307	407692	853999	0.91
2024-02-13 09:30:00	688686	603817	1292503	0.88
2024-02-13 10:00:00	893980	764010	1657990	0.85
2024-02-13 10:30:00	1051344	867925	1919269	0.83
2024-02-13 11:00:00	1169863	956679	2126542	0.82
2024-02-13 11:30:00	1290375	1053039	2343414	0.82
2024-02-13 12:00:00	1389287	1137911	2527198	0.82
2024-02-13 12:30:00	1480663	1213597	2694260	0.82
2024-02-13 13:00:00	1565963	1290540	2856503	0.82
2024-02-13 13:30:00	1709198	1429956	3139154	0.84
2024-02-13 14:00:00	1855137	1567275	3422412	0.84
2024-02-13 14:30:00	2054386	1819501	3873887	0.89
2024-02-13 15:00:00	2278604	2001715	4280319	0.88
2024-02-13 15:15:00	1995767	1716083	3711850	0.86
2024-02-12 09:00:00	383783	227512	611295	0.59
2024-02-12 09:30:00	619576	1028746	1648322	1.66
2024-02-12 10:00:00	836233	1181135	2017368	1.41
2024-02-12 10:30:00	1020385	1316870	2337255	1.29
2024-02-12 11:00:00	1224900	1485513	2710413	1.21
2024-02-12 11:30:00	1393052	1595204	2988256	1.15
2024-02-12 12:00:00	1528094	1674678	3202772	1.1
2024-02-12 12:30:00	1649521	1782399	3431920	1.08
2024-02-12 13:00:00	1804958	1897184	3702142	1.05
2024-02-12 13:30:00	1966693	2081162	4047855	1.06
2024-02-12 14:00:00	2137342	2183566	4320908	1.02
2024-02-12 14:30:00	2258269	2273357	4531626	1.01
2024-02-12 15:00:00	2163163	2108922	4272085	0.97
2024-02-12 15:15:00	2173160	2120139	4293299	0.98
2024-02-09 09:00:00	333671	185196	518867	0.56
2024-02-09 09:30:00	581912	323148	905060	0.56
2024-02-09 10:00:00	850885	460824	1311709	0.54
2024-02-09 10:30:00	1034572	568060	1602632	0.55
2024-02-09 11:00:00	1179957	672286	1852243	0.57
2024-02-09 11:30:00	1325655	753999	2079654	0.57
2024-02-09 12:00:00	1502860	841263	2344123	0.56
2024-02-09 12:30:00	1647696	927123	2574819	0.56
2024-02-09 13:00:00	1838281	1017302	2855583	0.55
2024-02-09 13:30:00	1960007	1175122	3135129	0.6
2024-02-09 14:00:00	2163164	1310229	3473393	0.61
2024-02-09 14:30:00	2305628	1451846	3757474	0.63
2024-02-09 15:00:00	2577213	1626720	4203933	0.63
2024-02-09 15:15:00	2589134	1702464	4291598	0.66
2024-02-08 09:00:00	346879	228465	575344	0.66
2024-02-08 09:30:00	607660	378948	986608	0.62
2024-02-08 10:00:00	825516	517110	1342626	0.63
2024-02-08 10:30:00	996383	654445	1650828	0.66
2024-02-08 11:00:00	1125991	754950	1880941	0.67
2024-02-08 11:30:00	1247255	837627	2084882	0.67
2024-02-08 12:00:00	1385805	926179	2311984	0.67
2024-02-08 12:30:00	1490546	1008909	2499455	0.68
2024-02-08 13:00:00	1608408	1102081	2710489	0.69
2024-02-08 13:30:00	1754488	1207763	2962251	0.69
2024-02-08 14:00:00	1891003	1342511	3233514	0.71
2024-02-08 14:30:00	1817473	1241743	3059216	0.68
2024-02-08 15:00:00	1987498	1354267	3341765	0.68
2024-02-08 15:15:00	1995814	1388944	3384758	0.7
2024-02-07 09:00:00	379181	263687	642868	0.7
2024-02-07 09:30:00	685079	489581	1174660	0.71
2024-02-07 10:00:00	883583	676062	1559645	0.77
2024-02-07 10:30:00	1021929	830181	1852110	0.81
2024-02-07 11:00:00	1147443	933818	2081261	0.81
2024-02-07 11:30:00	1259221	1025805	2285026	0.81
2024-02-07 12:00:00	1373338	1117389	2490727	0.81
2024-02-07 12:30:00	1574522	1219760	2794282	0.77
2024-02-07 13:00:00	1693022	1313113	3006135	0.78
2024-02-07 13:30:00	1797314	1397871	3195185	0.78
2024-02-07 14:00:00	1927958	1733498	3661456	0.9
2024-02-07 14:30:00	2057023	1862264	3919287	0.91
2024-02-07 15:00:00	2302649	2077273	4379922	0.9
2024-02-07 15:15:00	2317725	2120541	4438266	0.91
2024-02-06 09:00:00	340943	215438	556381	0.63
2024-02-06 09:30:00	592929	398703	991632	0.67
2024-02-06 10:00:00	766998	508571	1275569	0.66
2024-02-06 10:30:00	948946	634391	1583337	0.67
2024-02-06 11:00:00	1081190	733768	1814958	0.68
2024-02-06 11:30:00	1191047	811632	2002679	0.68
2024-02-06 12:00:00	1296757	878283	2175040	0.68
2024-02-06 12:30:00	1401509	976021	2377530	0.7
2024-02-06 13:00:00	1542971	1057407	2600378	0.69
2024-02-06 13:30:00	1694290	1156686	2850976	0.68
2024-02-06 14:00:00	1799593	1227749	3027342	0.68
2024-02-06 14:30:00	1971486	1326042	3297528	0.67
2024-02-06 15:00:00	1810451	1211784	3022235	0.67
2024-02-06 15:15:00	1816757	1221024	3037781	0.67
2024-02-05 09:00:00	373869	278262	652131	0.74
2024-02-05 09:30:00	635771	503530	1139301	0.79
2024-02-05 10:00:00	837337	677450	1514787	0.81
2024-02-05 10:30:00	1009662	817697	1827359	0.81
2024-02-05 11:00:00	1143121	924428	2067549	0.81
2024-02-05 11:30:00	1298968	1013691	2312659	0.78
2024-02-05 12:00:00	1429872	1109715	2539587	0.78
2024-02-05 12:30:00	1532464	1181736	2714200	0.77
2024-02-05 13:00:00	1620126	1248840	2868966	0.77
2024-02-05 13:30:00	1706558	1317002	3023560	0.77
2024-02-05 14:00:00	1828015	1407667	3235682	0.77
2024-02-05 14:30:00	1963031	1515290	3478321	0.77
2024-02-05 15:00:00	2108630	1634883	3743513	0.78
2024-02-05 15:15:00	2117959	1650736	3768695	0.78
2024-02-02 09:00:00	487619	370649	858268	0.76
2024-02-02 09:30:00	763395	631058	1394453	0.83
2024-02-02 10:00:00	1066910	830918	1897828	0.78
2024-02-02 10:30:00	1252242	994688	2246930	0.79
2024-02-02 11:00:00	1487878	1164789	2652667	0.78
2024-02-02 11:30:00	1684796	1298501	2983297	0.77
2024-02-02 12:00:00	1892249	1466550	3358799	0.78
2024-02-02 12:30:00	2020166	1574166	3594332	0.78
2024-02-02 13:00:00	2122970	1660653	3783623	0.78
2024-02-02 13:30:00	2290351	1790145	4080496	0.78
2024-02-02 14:00:00	2462112	2296517	4758629	0.93
2024-02-02 14:30:00	2621353	2438733	5060086	0.93
2024-02-02 15:00:00	2848364	2620853	5469217	0.92
2024-02-02 15:15:00	2859757	2649364	5509121	0.93
2024-02-01 09:00:00	283947	259616	543563	0.91
2024-02-01 09:30:00	508196	446592	954788	0.88
2024-02-01 10:00:00	700856	622469	1323325	0.89
2024-02-01 10:30:00	851767	761523	1613290	0.89
2024-02-01 11:00:00	957159	841847	1799006	0.88
2024-02-01 11:30:00	1087606	958809	2046415	0.88
2024-02-01 12:00:00	1224808	1059630	2284438	0.87
2024-02-01 12:30:00	1328258	1143883	2472141	0.86
2024-02-01 13:00:00	1417472	1220530	2638002	0.86
2024-02-01 13:30:00	1539759	1343424	2883183	0.87
2024-02-01 14:00:00	1657896	1442110	3100006	0.87
2024-02-01 14:30:00	1789496	1547341	3336837	0.86
2024-02-01 15:00:00	1748663	1406553	3155216	0.8
2024-02-01 15:15:00	1761725	1475024	3236749	0.84
2024-01-31 09:00:00	441313	294703	736016	0.67
2024-01-31 09:30:00	703973	532176	1236149	0.76
2024-01-31 10:00:00	895630	693295	1588925	0.77
2024-01-31 10:30:00	1054609	811094	1865703	0.77
2024-01-31 11:00:00	1174649	917290	2091939	0.78
2024-01-31 11:30:00	1290183	983313	2273496	0.76
2024-01-31 12:00:00	1395440	1047292	2442732	0.75
2024-01-31 12:30:00	1510558	1113562	2624120	0.74
2024-01-31 13:00:00	1636137	1181066	2817203	0.72
2024-01-31 13:30:00	1778580	1287352	3065932	0.72
2024-01-31 14:00:00	2005236	1451230	3456466	0.72
2024-01-31 14:30:00	2232091	1674275	3906366	0.75
2024-01-31 15:00:00	2476288	1900788	4377076	0.77
2024-01-31 15:15:00	2491752	1921249	4413001	0.77
2024-01-30 09:00:00	430348	240796	671144	0.56
2024-01-30 09:30:00	643053	441217	1084270	0.69
2024-01-30 10:00:00	856570	591655	1448225	0.69
2024-01-30 10:30:00	993053	690982	1684035	0.7
2024-01-30 11:00:00	1117289	783307	1900596	0.7
2024-01-30 11:30:00	1245373	883264	2128637	0.71
2024-01-30 12:00:00	1361730	977206	2338936	0.72
2024-01-30 12:30:00	1470289	1055208	2525497	0.72
2024-01-30 13:00:00	1377342	924314	2301656	0.67
2024-01-30 13:30:00	1728753	1232941	2961694	0.71
2024-01-30 14:00:00	1595942	1074426	2670368	0.67
2024-01-30 14:30:00	1963394	1403534	3366928	0.71
2024-01-30 15:00:00	1880472	1275970	3156442	0.68
2024-01-30 15:15:00	1891586	1286742	3178328	0.68
2024-01-29 09:00:00	355225	255848	611073	0.72
2024-01-29 09:30:00	622225	439241	1061466	0.71
2024-01-29 10:00:00	842093	641186	1483279	0.76
2024-01-29 10:30:00	994021	753440	1747461	0.76
2024-01-29 11:00:00	1140048	851267	1991315	0.75
2024-01-29 11:30:00	1292216	948298	2240514	0.73
2024-01-29 12:00:00	1419686	1058892	2478578	0.75
2024-01-29 12:30:00	1512007	1141864	2653871	0.76
2024-01-29 13:00:00	1593303	1209189	2802492	0.76
2024-01-29 13:30:00	1689785	1295174	2984959	0.77
2024-01-29 14:00:00	1795554	1387841	3183395	0.77
2024-01-29 14:30:00	2021035	1568830	3589865	0.78
2024-01-29 15:00:00	2332719	1741868	4074587	0.75
2024-01-29 15:15:00	2345448	1775570	4121018	0.76
2024-01-26 09:00:00	356851	235147	591998	0.66
2024-01-26 09:30:00	588979	381460	970439	0.65
2024-01-26 10:00:00	781123	528240	1309363	0.68
2024-01-26 10:30:00	929525	630708	1560233	0.68
2024-01-26 11:00:00	1088719	734505	1823224	0.67
2024-01-26 11:30:00	1212511	823210	2035721	0.68
2024-01-26 12:00:00	1515796	1113063	2628859	0.73
2024-01-26 12:30:00	1619176	1218943	2838119	0.75
2024-01-26 13:00:00	1718844	1315744	3034588	0.77
2024-01-26 13:30:00	1807687	1412785	3220472	0.78
2024-01-26 14:00:00	1940481	1508406	3448887	0.78
2024-01-26 14:30:00	2071779	1605814	3677593	0.78
2024-01-26 15:00:00	2273292	1787924	4061216	0.79
2024-01-26 15:15:00	2286003	1805081	4091084	0.79
2024-01-25 09:00:00	365621	256645	622266	0.7
2024-01-25 09:30:00	629593	439417	1069010	0.7
2024-01-25 10:00:00	947790	600805	1548595	0.63
2024-01-25 10:30:00	1088634	715537	1804171	0.66
2024-01-25 11:00:00	1224082	810477	2034559	0.66
2024-01-25 11:30:00	1370495	960865	2331360	0.7
2024-01-25 12:00:00	1517059	1071759	2588818	0.71
2024-01-25 12:30:00	1639490	1162829	2802319	0.71
2024-01-25 13:00:00	1746629	1256166	3002795	0.72
2024-01-25 13:30:00	1867365	1427452	3294817	0.76
2024-01-25 14:00:00	1705872	1274794	2980666	0.75
2024-01-25 14:30:00	1803804	1349688	3153492	0.75
2024-01-25 15:00:00	1970645	1492474	3463119	0.76
2024-01-25 15:15:00	1981584	1501538	3483122	0.76
2024-01-24 09:00:00	423607	268897	692504	0.63
2024-01-24 09:30:00	685596	457008	1142604	0.67
2024-01-24 10:00:00	923220	624542	1547762	0.68
2024-01-24 10:30:00	1086860	749548	1836408	0.69
2024-01-24 11:00:00	1259452	838548	2098000	0.67
2024-01-24 11:30:00	1380902	930661	2311563	0.67
2024-01-24 12:00:00	1521581	1022818	2544399	0.67
2024-01-24 12:30:00	1661687	1140268	2801955	0.69
2024-01-24 13:00:00	1527896	1019265	2547161	0.67
2024-01-24 13:30:00	1654377	1174056	2828433	0.71
2024-01-24 14:00:00	1766156	1303514	3069670	0.74
2024-01-24 14:30:00	1872592	1399371	3271963	0.75
2024-01-24 15:00:00	2066925	1537729	3604654	0.74
2024-01-24 15:15:00	2080061	1550886	3630947	0.75
2024-01-23 09:00:00	349424	193578	543002	0.55
2024-01-23 09:30:00	531281	773843	1305124	1.46
2024-01-23 10:00:00	709458	901583	1611041	1.27
2024-01-23 10:30:00	835428	992199	1827627	1.19
2024-01-23 11:00:00	937429	1061043	1998472	1.13
2024-01-23 11:30:00	1029921	1126980	2156901	1.09
2024-01-23 12:00:00	1117870	1197553	2315423	1.07
2024-01-23 12:30:00	1225388	1251378	2476766	1.02
2024-01-23 13:00:00	1328985	1360350	2689335	1.02
2024-01-23 13:30:00	1425671	1416692	2842363	0.99
2024-01-23 14:00:00	1536012	1484178	3020190	0.97
2024-01-23 14:30:00	1671177	1568736	3239913	0.94
2024-01-23 15:00:00	1844576	1697573	3542149	0.92
2024-01-23 15:15:00	1856160	1710854	3567014	0.92
2024-01-22 09:00:00	469409	345912	815321	0.74
2024-01-22 09:30:00	761359	597471	1358830	0.78
2024-01-22 10:00:00	977923	743127	1721050	0.76
2024-01-22 10:30:00	1137167	846904	1984071	0.74
2024-01-22 11:00:00	1274245	940110	2214355	0.74
2024-01-22 11:30:00	1376951	1020356	2397307	0.74
2024-01-22 12:00:00	1466079	1076711	2542790	0.73
2024-01-22 12:30:00	1563055	1151692	2714747	0.74
2024-01-22 13:00:00	1675622	1228255	2903877	0.73
2024-01-22 13:30:00	1788073	1313169	3101242	0.73
2024-01-22 14:00:00	1912848	1378171	3291019	0.72
2024-01-22 14:30:00	2044019	1457678	3501697	0.71
2024-01-22 15:00:00	2214886	1574961	3789847	0.71
2024-01-22 15:15:00	2223960	1587282	3811242	0.71
2024-01-19 09:00:00	405682	253777	659459	0.63
2024-01-19 09:30:00	649320	433843	1083163	0.67
2024-01-19 10:00:00	862210	598820	1461030	0.69
2024-01-19 10:30:00	1096070	760743	1856813	0.69
2024-01-19 11:00:00	1264865	898336	2163201	0.71
2024-01-19 11:30:00	1427866	1060002	2487868	0.74
2024-01-19 12:00:00	1645468	1210497	2855965	0.74
2024-01-19 12:30:00	1837832	1391431	3229263	0.76
2024-01-19 13:00:00	2029630	1544823	3574453	0.76
2024-01-19 13:30:00	2233794	1682074	3915868	0.75
2024-01-19 14:00:00	2412807	1806896	4219703	0.75
2024-01-19 14:30:00	2688473	1955914	4644387	0.73
2024-01-19 15:00:00	2948738	2130507	5079245	0.72
2024-01-19 15:15:00	2964456	2157895	5122351	0.73
2024-01-18 09:00:00	305378	206132	511510	0.68
2024-01-18 09:30:00	474739	347962	822701	0.73
2024-01-18 10:00:00	635834	462032	1097866	0.73
2024-01-18 10:30:00	765541	567284	1332825	0.74
2024-01-18 11:00:00	898707	673297	1572004	0.75
2024-01-18 11:30:00	1035531	783379	1818910	0.76
2024-01-18 12:00:00	1158852	859796	2018648	0.74
2024-01-18 12:30:00	1255537	941269	2196806	0.75
2024-01-18 13:00:00	1426907	1000082	2426989	0.7
2024-01-18 13:30:00	1533074	1079963	2613037	0.7
2024-01-18 14:00:00	1658303	1163291	2821594	0.7
2024-01-18 14:30:00	1783694	1256264	3039958	0.7
2024-01-18 15:00:00	1973804	1388223	3362027	0.7
2024-01-18 15:15:00	1982563	1398226	3380789	0.71
2024-01-17 09:00:00	273575	277848	551423	1.02
2024-01-17 09:30:00	436006	403201	839207	0.92
2024-01-17 10:00:00	567014	509018	1076032	0.9
2024-01-17 10:30:00	677458	587510	1264968	0.87
2024-01-17 11:00:00	761879	651133	1413012	0.85
2024-01-17 11:30:00	857891	730930	1588821	0.85
2024-01-17 12:00:00	948145	790221	1738366	0.83
2024-01-17 12:30:00	1040628	845623	1886251	0.81
2024-01-17 13:00:00	1126259	922558	2048817	0.82
2024-01-17 13:30:00	1207073	1035724	2242797	0.86
2024-01-17 14:00:00	1293966	1095439	2389405	0.85
2024-01-17 14:30:00	1404816	1211295	2616111	0.86
2024-01-17 15:00:00	1562022	1335581	2897603	0.86
2024-01-17 15:15:00	1568686	1343308	2911994	0.86
2024-01-16 09:00:00	302790	302695	605485	1.0
2024-01-16 09:30:00	522185	449097	971282	0.86
2024-01-16 10:00:00	673504	573463	1246967	0.85
2024-01-16 10:30:00	810273	689805	1500078	0.85
2024-01-16 11:00:00	930398	769682	1700080	0.83
2024-01-16 11:30:00	1024520	865104	1889624	0.84
2024-01-16 12:00:00	1137368	960952	2098320	0.84
2024-01-16 12:30:00	1236145	1027035	2263180	0.83
2024-01-16 13:00:00	1320919	1111267	2432186	0.84
2024-01-16 13:30:00	1415703	1187038	2602741	0.84
2024-01-16 14:00:00	1514087	1587737	3101824	1.05
2024-01-16 14:30:00	1617236	1670838	3288074	1.03
2024-01-16 15:00:00	1748526	1778347	3526873	1.02
2024-01-16 15:15:00	1757001	1790296	3547297	1.02
2024-01-12 09:00:00	351531	311544	663075	0.89
2024-01-12 09:30:00	586459	542024	1128483	0.92
2024-01-12 10:00:00	772670	703226	1475896	0.91
2024-01-12 10:30:00	912755	827209	1739964	0.91
2024-01-12 11:00:00	1056031	965455	2021486	0.91
2024-01-12 11:30:00	1182071	1098084	2280155	0.93
2024-01-12 12:00:00	1287630	1184240	2471870	0.92
2024-01-12 12:30:00	1398393	1273492	2671885	0.91
2024-01-12 13:00:00	1536464	1363419	2899883	0.89
2024-01-12 13:30:00	1656008	1622044	3278052	0.98
2024-01-12 14:00:00	1774860	1835848	3610708	1.03
2024-01-12 14:30:00	1904762	1985234	3889996	1.04
2024-01-12 15:00:00	2137801	2157321	4295122	1.01
2024-01-12 15:15:00	2147379	2171310	4318689	1.01
2024-01-11 09:00:00	286711	185383	472094	0.65
2024-01-11 09:30:00	511609	361158	872767	0.71
2024-01-11 10:00:00	640503	464045	1104548	0.72
2024-01-11 10:30:00	766360	605854	1372214	0.79
2024-01-11 11:00:00	883541	691118	1574659	0.78
2024-01-11 11:30:00	971594	748720	1720314	0.77
2024-01-11 12:00:00	1052650	814853	1867503	0.77
2024-01-11 12:30:00	1153613	880657	2034270	0.76
2024-01-11 13:00:00	1406976	1137106	2544082	0.81
2024-01-11 13:30:00	1484297	1212809	2697106	0.82
2024-01-11 14:00:00	1586183	1283392	2869575	0.81
2024-01-11 14:30:00	1696452	1577467	3273919	0.93
2024-01-11 15:00:00	1843983	1727440	3571423	0.94
2024-01-11 15:15:00	1848821	1737034	3585855	0.94
2024-01-11 09:00:00	328769	233814	562583	0.71
2024-01-11 09:30:00	597687	455969	1053656	0.76
2024-01-11 10:00:00	748401	587852	1336253	0.79
2024-01-11 10:30:00	900209	757696	1657905	0.84
2024-01-11 11:00:00	1036037	861255	1897292	0.83
2024-01-11 11:30:00	1139284	932580	2071864	0.82
2024-01-11 12:00:00	1237857	1016261	2254118	0.82
2024-01-11 12:30:00	1354884	1097412	2452296	0.81
2024-01-11 13:00:00	1624989	1366877	2991866	0.84
2024-01-11 13:30:00	1721617	1458359	3179976	0.85
2024-01-11 14:00:00	1840387	1544335	3384722	0.84
2024-01-11 14:30:00	1968552	1855822	3824374	0.94
2024-01-11 15:00:00	2130620	2018089	4148709	0.95
2024-01-11 15:15:00	2146326	2033234	4179560	0.95
2024-01-10 09:00:00	273023	174734	447757	0.64
2024-01-10 09:30:00	452248	320263	772511	0.71
2024-01-10 10:00:00	601048	422253	1023301	0.7
2024-01-10 10:30:00	715409	508506	1223915	0.71
2024-01-10 11:00:00	813859	583179	1397038	0.72
2024-01-10 11:30:00	894489	643433	1537922	0.72
2024-01-10 12:00:00	1010146	711962	1722108	0.7
2024-01-10 12:30:00	1134596	869537	2004133	0.77
2024-01-10 13:00:00	1216418	938365	2154783	0.77
2024-01-10 13:30:00	1345321	1036559	2381880	0.77
2024-01-10 14:00:00	1478069	1984315	3462384	1.34
2024-01-10 14:30:00	1599223	2669401	4268624	1.67
2024-01-10 15:00:00	1750637	2922142	4672779	1.67
2024-01-10 15:15:00	1763200	2961672	4724872	1.68
2024-01-05 09:00:00	296771	265347	562118	0.89
2024-01-05 09:30:00	538699	999192	1537891	1.85
2024-01-05 10:00:00	721560	1113510	1835070	1.54
2024-01-05 10:30:00	897452	1235542	2132994	1.38
2024-01-05 11:00:00	1024126	1344256	2368382	1.31
2024-01-05 11:30:00	1151455	1454763	2606218	1.26
2024-01-05 12:00:00	1249829	1537335	2787164	1.23
2024-01-05 12:30:00	1359760	1661436	3021196	1.22
2024-01-05 13:00:00	1468402	1744820	3213222	1.19
2024-01-05 13:30:00	1589154	1831710	3420864	1.15
2024-01-05 14:00:00	1703128	1949324	3652452	1.14
2024-01-05 14:30:00	1834758	2079844	3914602	1.13
2024-01-05 15:00:00	2019205	2254672	4273877	1.12
2024-01-05 15:15:00	2027804	2287358	4315162	1.13
2024-01-04 09:00:00	264136	196262	460398	0.74
2024-01-04 09:30:00	476879	342712	819591	0.72
2024-01-04 10:00:00	632179	457358	1089537	0.72
2024-01-04 10:30:00	769037	574719	1343756	0.75
2024-01-04 11:00:00	891950	667681	1559631	0.75
2024-01-04 11:30:00	986185	748479	1734664	0.76
2024-01-04 12:00:00	1095599	829667	1925266	0.76
2024-01-04 12:30:00	1002754	732912	1735666	0.73
2024-01-04 13:00:00	1072333	779167	1851500	0.73
2024-01-04 13:30:00	1329664	1020279	2349943	0.77
2024-01-04 14:00:00	1423757	1103129	2526886	0.77
2024-01-04 14:30:00	1309458	981050	2290508	0.75
2024-01-04 15:00:00	1451729	1101143	2552872	0.76
2024-01-04 15:15:00	1466980	1140826	2607806	0.78
2024-01-03 09:00:00	294827	323375	618202	1.1
2024-01-03 09:30:00	527235	506360	1033595	0.96
2024-01-03 10:00:00	711532	650214	1361746	0.91
2024-01-03 10:30:00	848711	750247	1598958	0.88
2024-01-03 11:00:00	951148	838858	1790006	0.88
2024-01-03 11:30:00	1052712	920500	1973212	0.87
2024-01-03 12:00:00	1136678	996433	2133111	0.88
2024-01-03 12:30:00	1381877	1252789	2634666	0.91
2024-01-03 13:00:00	1481005	1314696	2795701	0.89
2024-01-03 13:30:00	1416552	1221387	2637939	0.86
2024-01-03 14:00:00	1702719	1502908	3205627	0.88
2024-01-03 14:30:00	1816869	1607824	3424693	0.88
2024-01-03 15:00:00	1979338	1759460	3738798	0.89
2024-01-03 15:15:00	1760374	1600013	3360387	0.91
2024-01-02 09:00:00	340409	274909	615318	0.81
2024-01-02 09:30:00	575611	428906	1004517	0.75
2024-01-02 10:00:00	775588	555603	1331191	0.72
2024-01-02 10:30:00	914469	649867	1564336	0.71
2024-01-02 11:00:00	1049301	732229	1781530	0.7
2024-01-02 11:30:00	1135187	802987	1938174	0.71
2024-01-02 12:00:00	1235449	880427	2115876	0.71
2024-01-02 12:30:00	1353726	971401	2325127	0.72
2024-01-02 13:00:00	1431310	1042113	2473423	0.73
2024-01-02 13:30:00	1536494	1243085	2779579	0.81
2024-01-02 14:00:00	1633109	1319539	2952648	0.81
2024-01-02 14:30:00	1551018	1206446	2757464	0.78
2024-01-02 15:00:00	1681918	1320085	3002003	0.78
2024-01-02 15:15:00	1693167	1330751	3023918	0.79
