TIME	CALLS	PUTS	TOTAL	P/C RATIO
2024-04-17 09:00:00	238365	162843	401208	0.68
2024-04-17 09:30:00	395884	300356	696240	0.76
2024-04-17 10:00:00	522304	408937	931241	0.78
2024-04-17 10:30:00	634007	509811	1143818	0.8
2024-04-17 11:00:00	750517	641177	1391694	0.85
2024-04-17 11:30:00	889568	792834	1682402	0.89
2024-04-17 12:00:00	1015711	957565	1973276	0.94
2024-04-17 12:30:00	1137187	1071484	2208671	0.94
2024-04-17 13:00:00	1231682	1150493	2382175	0.93
2024-04-17 13:30:00	1334528	1215781	2550309	0.91
2024-04-17 14:00:00	1424534	1301653	2726187	0.91
2024-04-17 14:30:00	1543807	1386154	2929961	0.9
2024-04-17 15:00:00	1679711	2180544	3860255	1.3
2024-04-17 15:15:00	1693106	2551664	4244770	1.51
2024-04-16 09:00:00	723627	253659	977286	0.35
2024-04-16 09:30:00	915365	391595	1306960	0.43
2024-04-16 10:00:00	1051566	505350	1556916	0.48
2024-04-16 10:30:00	1158927	596159	1755086	0.51
2024-04-16 11:00:00	1255067	686254	1941321	0.55
2024-04-16 11:30:00	1336202	749915	2086117	0.56
2024-04-16 12:00:00	1407757	818159	2225916	0.58
2024-04-16 12:30:00	1503274	887426	2390700	0.59
2024-04-16 13:00:00	1601107	972452	2573559	0.61
2024-04-16 13:30:00	1692402	1067858	2760260	0.63
2024-04-16 14:00:00	1769119	1139960	2909079	0.64
2024-04-16 14:30:00	1857600	1208800	3066400	0.65
2024-04-16 15:00:00	1978697	1331273	3309970	0.67
2024-04-16 15:15:00	1990465	1344653	3335118	0.68
2024-04-15 09:00:00	316437	221534	537971	0.7
2024-04-15 09:30:00	517898	392132	910030	0.76
2024-04-15 10:00:00	648935	495150	1144085	0.76
2024-04-15 10:30:00	756260	575995	1332255	0.76
2024-04-15 11:00:00	851425	631664	1483089	0.74
2024-04-15 11:30:00	924309	684274	1608583	0.74
2024-04-15 12:00:00	1019785	764815	1784600	0.75
2024-04-15 12:30:00	1136659	867016	2003675	0.76
2024-04-15 13:00:00	1301755	1032002	2333757	0.79
2024-04-15 13:30:00	1404041	1131536	2535577	0.81
2024-04-15 14:00:00	1502911	1222004	2724915	0.81
2024-04-15 14:30:00	1632903	1345184	2978087	0.82
2024-04-15 15:00:00	1795958	1498240	3294198	0.83
2024-04-15 15:15:00	1805449	1515625	3321074	0.84
2024-04-12 09:00:00	471079	306073	777152	0.65
2024-04-12 09:30:00	752043	516536	1268579	0.69
2024-04-12 10:00:00	969577	716559	1686136	0.74
2024-04-12 10:30:00	1168078	844985	2013063	0.72
2024-04-12 11:00:00	1326351	953208	2279559	0.72
2024-04-12 11:30:00	1511386	1071647	2583033	0.71
2024-04-12 12:00:00	1701417	1239156	2940573	0.73
2024-04-12 12:30:00	1899264	1399063	3298327	0.74
2024-04-12 13:00:00	2055939	1536423	3592362	0.75
2024-04-12 13:30:00	2178861	1645807	3824668	0.76
2024-04-12 14:00:00	2327956	1767632	4095588	0.76
2024-04-12 14:30:00	2506574	1963486	4470060	0.78
2024-04-12 15:00:00	2766616	2211528	4978144	0.8
2024-04-12 15:15:00	2791569	2234927	5026496	0.8
2024-04-11 09:00:00	255678	153509	409187	0.6
2024-04-11 09:30:00	422508	294216	716724	0.7
2024-04-11 10:00:00	557790	406212	964002	0.73
2024-04-11 10:30:00	656332	486403	1142735	0.74
2024-04-11 11:00:00	755230	563056	1318286	0.75
2024-04-11 11:30:00	843372	639119	1482491	0.76
2024-04-11 12:00:00	921720	710870	1632590	0.77
2024-04-11 12:30:00	1037835	810143	1847978	0.78
2024-04-11 13:00:00	1152494	906412	2058906	0.79
2024-04-11 13:30:00	1296711	1011687	2308398	0.78
2024-04-11 14:00:00	1430305	1114322	2544627	0.78
2024-04-11 14:30:00	1544621	1230406	2775027	0.8
2024-04-11 15:00:00	1729207	1370032	3099239	0.79
2024-04-11 15:15:00	1739944	1383657	3123601	0.8
2024-04-10 09:00:00	356033	311316	667349	0.87
2024-04-10 09:30:00	567044	480661	1047705	0.85
2024-04-10 10:00:00	719803	629152	1348955	0.87
2024-04-10 10:30:00	828996	733314	1562310	0.88
2024-04-10 11:00:00	1156826	1048919	2205745	0.91
2024-04-10 11:30:00	1261444	1118092	2379536	0.89
2024-04-10 12:00:00	1343779	1209851	2553630	0.9
2024-04-10 12:30:00	1482417	1405757	2888174	0.95
2024-04-10 13:00:00	1608887	1539569	3148456	0.96
2024-04-10 13:30:00	1697245	1612405	3309650	0.95
2024-04-10 14:00:00	1781680	1692425	3474105	0.95
2024-04-10 14:30:00	1903262	1832058	3735320	0.96
2024-04-10 15:00:00	2045084	1958785	4003869	0.96
2024-04-10 15:15:00	2066628	1984991	4051619	0.96
2024-04-09 09:00:00	274841	162690	437531	0.59
2024-04-09 09:30:00	452521	264545	717066	0.58
2024-04-09 10:00:00	622432	403378	1025810	0.65
2024-04-09 10:30:00	728479	475992	1204471	0.65
2024-04-09 11:00:00	842761	549174	1391935	0.65
2024-04-09 11:30:00	913373	598777	1512150	0.66
2024-04-09 12:00:00	969576	646106	1615682	0.67
2024-04-09 12:30:00	1028868	693883	1722751	0.67
2024-04-09 13:00:00	1081667	739444	1821111	0.68
2024-04-09 13:30:00	1151106	785657	1936763	0.68
2024-04-09 14:00:00	1217062	840728	2057790	0.69
2024-04-09 14:30:00	1328332	1002411	2330743	0.75
2024-04-09 15:00:00	1457919	1147557	2605476	0.79
2024-04-09 15:15:00	1475408	1182381	2657789	0.8
2024-04-08 09:00:00	319994	212976	532970	0.67
2024-04-08 09:30:00	472174	314599	786773	0.67
2024-04-08 10:00:00	607844	402990	1010834	0.66
2024-04-08 10:30:00	708975	476053	1185028	0.67
2024-04-08 11:00:00	805472	554336	1359808	0.69
2024-04-08 11:30:00	892148	679981	1572129	0.76
2024-04-08 12:00:00	960081	751679	1711760	0.78
2024-04-08 12:30:00	1020345	789402	1809747	0.77
2024-04-08 13:00:00	1087670	834456	1922126	0.77
2024-04-08 13:30:00	1151558	890438	2041996	0.77
2024-04-08 14:00:00	1212761	940367	2153128	0.78
2024-04-08 14:30:00	1286876	989225	2276101	0.77
2024-04-08 15:00:00	1392664	1083508	2476172	0.78
2024-04-08 15:15:00	1401543	1094343	2495886	0.78
2024-04-05 09:00:00	383687	270866	654553	0.71
2024-04-05 09:30:00	624984	479925	1104909	0.77
2024-04-05 10:00:00	799364	635483	1434847	0.79
2024-04-05 10:30:00	988188	798833	1787021	0.81
2024-04-05 11:00:00	1163113	938067	2101180	0.81
2024-04-05 11:30:00	1313671	1066005	2379676	0.81
2024-04-05 12:00:00	1432901	1164970	2597871	0.81
2024-04-05 12:30:00	1587401	1296041	2883442	0.82
2024-04-05 13:00:00	1705016	1552349	3257365	0.91
2024-04-05 13:30:00	1812965	1679928	3492893	0.93
2024-04-05 14:00:00	1923198	1797098	3720296	0.93
2024-04-05 14:30:00	2032971	1916756	3949727	0.94
2024-04-05 15:00:00	2232793	2097886	4330679	0.94
2024-04-05 15:15:00	2249602	2121677	4371279	0.94
2024-04-04 09:00:00	336081	190985	527066	0.57
2024-04-04 09:30:00	507588	307505	815093	0.61
2024-04-04 10:00:00	638794	414574	1053368	0.65
2024-04-04 10:30:00	741695	505042	1246737	0.68
2024-04-04 11:00:00	853086	598011	1451097	0.7
2024-04-04 11:30:00	971931	678501	1650432	0.7
2024-04-04 12:00:00	1063546	746790	1810336	0.7
2024-04-04 12:30:00	1144270	802927	1947197	0.7
2024-04-04 13:00:00	1234459	873479	2107938	0.71
2024-04-04 13:30:00	1389395	1008744	2398139	0.73
2024-04-04 14:00:00	1603608	1195459	2799067	0.75
2024-04-04 14:30:00	1808119	1429439	3237558	0.79
2024-04-04 15:00:00	2082399	1724734	3807133	0.83
2024-04-04 15:15:00	2095655	1745721	3841376	0.83
2024-04-03 09:00:00	231086	164543	395629	0.71
2024-04-03 09:30:00	425714	295381	721095	0.69
2024-04-03 10:00:00	575057	403810	978867	0.7
2024-04-03 10:30:00	724560	481369	1205929	0.66
2024-04-03 11:00:00	831275	547604	1378879	0.66
2024-04-03 11:30:00	923530	615169	1538699	0.67
2024-04-03 12:00:00	1011675	682404	1694079	0.67
2024-04-03 12:30:00	1088478	728502	1816980	0.67
2024-04-03 13:00:00	1216296	774005	1990301	0.64
2024-04-03 13:30:00	1311936	836037	2147973	0.64
2024-04-03 14:00:00	1401161	901086	2302247	0.64
2024-04-03 14:30:00	1553701	1004901	2558602	0.65
2024-04-03 15:00:00	1703713	1437807	3141520	0.84
2024-04-03 15:15:00	1714505	1450312	3164817	0.85
2024-04-02 09:00:00	364672	262768	627440	0.72
2024-04-02 09:30:00	571356	408354	979710	0.71
2024-04-02 10:00:00	726101	494032	1220133	0.68
2024-04-02 10:30:00	827394	572058	1399452	0.69
2024-04-02 11:00:00	917701	636420	1554121	0.69
2024-04-02 11:30:00	1000201	701001	1701202	0.7
2024-04-02 12:00:00	1086342	757016	1843358	0.7
2024-04-02 12:30:00	1171941	817749	1989690	0.7
2024-04-02 13:00:00	1232895	869406	2102301	0.71
2024-04-02 13:30:00	1331444	909729	2241173	0.68
2024-04-02 14:00:00	1406132	966722	2372854	0.69
2024-04-02 14:30:00	1496607	1036338	2532945	0.69
2024-04-02 15:00:00	1654058	1143265	2797323	0.69
2024-04-02 15:15:00	1668744	1157950	2826694	0.69
2024-04-01 09:00:00	310932	197314	508246	0.63
2024-04-01 09:30:00	506235	348559	854794	0.69
2024-04-01 10:00:00	651425	495795	1147220	0.76
2024-04-01 10:30:00	773244	611314	1384558	0.79
2024-04-01 11:00:00	887606	703522	1591128	0.79
2024-04-01 11:30:00	972887	764528	1737415	0.79
2024-04-01 12:00:00	1068593	822323	1890916	0.77
2024-04-01 12:30:00	1145427	892792	2038219	0.78
2024-04-01 13:00:00	1211990	937959	2149949	0.77
2024-04-01 13:30:00	1277296	982333	2259629	0.77
2024-04-01 14:00:00	1345278	1029622	2374900	0.77
2024-04-01 14:30:00	1424336	1092307	2516643	0.77
2024-04-01 15:00:00	1544390	1184561	2728951	0.77
2024-04-01 15:15:00	1554184	1195644	2749828	0.77
2024-03-28 09:00:00	193425	176663	370088	0.91
2024-03-28 09:30:00	375447	312403	687850	0.83
2024-03-28 10:00:00	490840	476113	966953	0.97
2024-03-28 10:30:00	614790	865350	1480140	1.41
2024-03-28 11:00:00	698458	1239259	1937717	1.77
2024-03-28 11:30:00	783439	1463665	2247104	1.87
2024-03-28 12:00:00	859735	1822074	2681809	2.12
2024-03-28 12:30:00	934384	1869992	2804376	2.0
2024-03-28 13:00:00	1051496	2122209	3173705	2.02
2024-03-28 13:30:00	1135627	2179168	3314795	1.92
2024-03-28 14:00:00	1217207	2234352	3451559	1.84
2024-03-28 14:30:00	1332513	2312834	3645347	1.74
2024-03-28 15:00:00	1494408	2458051	3952459	1.64
2024-03-28 15:15:00	1508788	2524011	4032799	1.67
2024-03-28 09:00:00	342264	278148	620412	0.81
2024-03-28 09:30:00	610977	482364	1093341	0.79
2024-03-28 10:00:00	784707	685610	1470317	0.87
2024-03-28 10:30:00	964724	1106921	2071645	1.15
2024-03-28 11:00:00	1092975	1508429	2601404	1.38
2024-03-28 11:30:00	1211688	1757843	2969531	1.45
2024-03-28 12:00:00	1325234	2138793	3464027	1.61
2024-03-28 12:30:00	1434766	2207790	3642556	1.54
2024-03-28 13:00:00	1621495	2479752	4101247	1.53
2024-03-28 13:30:00	1738213	2558048	4296261	1.47
2024-03-28 14:00:00	1865832	2650943	4516775	1.42
2024-03-28 14:30:00	2040765	2776651	4817416	1.36
2024-03-28 15:00:00	2268290	2971644	5239934	1.31
2024-03-28 15:15:00	2286159	3041201	5327360	1.33
2024-03-27 09:00:00	305384	196100	501484	0.64
2024-03-27 09:30:00	499337	373573	872910	0.75
2024-03-27 10:00:00	626825	486083	1112908	0.78
2024-03-27 10:30:00	745788	583431	1329219	0.78
2024-03-27 11:00:00	842008	650432	1492440	0.77
2024-03-27 11:30:00	941871	719025	1660896	0.76
2024-03-27 12:00:00	1064528	866430	1930958	0.81
2024-03-27 12:30:00	1136729	923189	2059918	0.81
2024-03-27 13:00:00	1224814	982248	2207062	0.8
2024-03-27 13:30:00	1315685	1046158	2361843	0.8
2024-03-27 14:00:00	1407211	1106985	2514196	0.79
2024-03-27 14:30:00	1511063	1189428	2700491	0.79
2024-03-27 15:00:00	1699044	1331120	3030164	0.78
2024-03-27 15:15:00	1718936	1350572	3069508	0.79
2024-03-26 09:00:00	260964	161843	422807	0.62
2024-03-26 09:30:00	421554	272267	693821	0.65
2024-03-26 10:00:00	544113	351755	895868	0.65
2024-03-26 10:30:00	653759	420135	1073894	0.64
2024-03-26 11:00:00	747179	483403	1230582	0.65
2024-03-26 11:30:00	845198	548207	1393405	0.65
2024-03-26 12:00:00	946275	601593	1547868	0.64
2024-03-26 12:30:00	1022049	681657	1703706	0.67
2024-03-26 13:00:00	1097630	734609	1832239	0.67
2024-03-26 13:30:00	1167480	850485	2017965	0.73
2024-03-26 14:00:00	1241209	903275	2144484	0.73
2024-03-26 14:30:00	1328488	972540	2301028	0.73
2024-03-26 15:00:00	1532328	1123141	2655469	0.73
2024-03-26 15:15:00	1545597	1138612	2684209	0.74
2024-03-25 09:00:00	303120	205189	508309	0.68
2024-03-25 09:30:00	500717	342845	843562	0.68
2024-03-25 10:00:00	617793	442142	1059935	0.72
2024-03-25 10:30:00	736137	534144	1270281	0.73
2024-03-25 11:00:00	824589	620191	1444780	0.75
2024-03-25 11:30:00	905131	679162	1584293	0.75
2024-03-25 12:00:00	981016	733250	1714266	0.75
2024-03-25 12:30:00	1048343	781720	1830063	0.75
2024-03-25 13:00:00	1104945	841867	1946812	0.76
2024-03-25 13:30:00	1172067	902794	2074861	0.77
2024-03-25 14:00:00	1239676	963402	2203078	0.78
2024-03-25 14:30:00	1318596	1025890	2344486	0.78
2024-03-25 15:00:00	1446176	1155721	2601897	0.8
2024-03-25 15:15:00	1459180	1173907	2633087	0.8
2024-03-22 09:00:00	348475	259966	608441	0.75
2024-03-22 09:30:00	566402	435726	1002128	0.77
2024-03-22 10:00:00	706459	561591	1268050	0.79
2024-03-22 10:30:00	838868	747637	1586505	0.89
2024-03-22 11:00:00	959426	1739556	2698982	1.81
2024-03-22 11:30:00	1077309	1835785	2913094	1.7
2024-03-22 12:00:00	1182791	1923065	3105856	1.63
2024-03-22 12:30:00	1302199	2019542	3321741	1.55
2024-03-22 13:00:00	1407041	2109898	3516939	1.5
2024-03-22 13:30:00	1604197	2201174	3805371	1.37
2024-03-22 14:00:00	1711882	2295115	4006997	1.34
2024-03-22 14:30:00	1864448	2456378	4320826	1.32
2024-03-22 15:00:00	2081000	2616193	4697193	1.26
2024-03-22 15:15:00	2108052	2647256	4755308	1.26
2024-03-21 09:00:00	407647	324007	731654	0.79
2024-03-21 09:30:00	661398	474682	1136080	0.72
2024-03-21 10:00:00	859164	604884	1464048	0.7
2024-03-21 10:30:00	1030808	788806	1819614	0.77
2024-03-21 11:00:00	1171726	895622	2067348	0.76
2024-03-21 11:30:00	1288304	994363	2282667	0.77
2024-03-21 12:00:00	1378006	1077551	2455557	0.78
2024-03-21 12:30:00	1474057	1172206	2646263	0.8
2024-03-21 13:00:00	1610526	1254181	2864707	0.78
2024-03-21 13:30:00	1714139	1324005	3038144	0.77
2024-03-21 14:00:00	1811744	1429049	3240793	0.79
2024-03-21 14:30:00	1913230	1503439	3416669	0.79
2024-03-21 15:00:00	2059208	1677281	3736489	0.81
2024-03-21 15:15:00	2068014	1696613	3764627	0.82
2024-03-20 09:00:00	188572	117823	306395	0.62
2024-03-20 09:30:00	339160	205143	544303	0.6
2024-03-20 10:00:00	446681	275407	722088	0.62
2024-03-20 10:30:00	555568	340757	896325	0.61
2024-03-20 11:00:00	623231	398075	1021306	0.64
2024-03-20 11:30:00	694651	446301	1140952	0.64
2024-03-20 12:00:00	754929	492239	1247168	0.65
2024-03-20 12:30:00	817716	537779	1355495	0.66
2024-03-20 13:00:00	885152	590146	1475298	0.67
2024-03-20 13:30:00	1026447	752850	1779297	0.73
2024-03-20 14:00:00	1201615	1003183	2204798	0.83
2024-03-20 14:30:00	1386978	1160605	2547583	0.84
2024-03-20 15:00:00	1622385	1443358	3065743	0.89
2024-03-20 15:15:00	1640909	1469391	3110300	0.9
2024-03-19 09:00:00	249572	189538	439110	0.76
2024-03-19 09:30:00	391997	288459	680456	0.74
2024-03-19 10:00:00	507370	373176	880546	0.74
2024-03-19 10:30:00	585572	435412	1020984	0.74
2024-03-19 11:00:00	679542	525253	1204795	0.77
2024-03-19 11:30:00	772358	586590	1358948	0.76
2024-03-19 12:00:00	865257	655590	1520847	0.76
2024-03-19 12:30:00	936839	722799	1659638	0.77
2024-03-19 13:00:00	1003732	780365	1784097	0.78
2024-03-19 13:30:00	1066357	833745	1900102	0.78
2024-03-19 14:00:00	1135390	879943	2015333	0.78
2024-03-19 14:30:00	1203855	939295	2143150	0.78
2024-03-19 15:00:00	1310271	1025972	2336243	0.78
2024-03-19 15:15:00	1322015	1057666	2379681	0.8
2024-03-18 09:00:00	329993	235795	565788	0.71
2024-03-18 09:30:00	532547	386949	919496	0.73
2024-03-18 10:00:00	671168	489788	1160956	0.73
2024-03-18 10:30:00	794217	571507	1365724	0.72
2024-03-18 11:00:00	891542	643236	1534778	0.72
2024-03-18 11:30:00	973770	721588	1695358	0.74
2024-03-18 12:00:00	1049139	780753	1829892	0.74
2024-03-18 12:30:00	1116044	839414	1955458	0.75
2024-03-18 13:00:00	1181934	894430	2076364	0.76
2024-03-18 13:30:00	1264466	941957	2206423	0.74
2024-03-18 14:00:00	1338590	1003984	2342574	0.75
2024-03-18 14:30:00	1429465	1056672	2486137	0.74
2024-03-18 15:00:00	1551315	1151956	2703271	0.74
2024-03-18 15:15:00	1564109	1167017	2731126	0.75
2024-03-15 09:00:00	328535	262953	591488	0.8
2024-03-15 09:30:00	561429	473922	1035351	0.84
2024-03-15 10:00:00	766015	616242	1382257	0.8
2024-03-15 10:30:00	954876	723020	1677896	0.76
2024-03-15 11:00:00	1091368	815717	1907085	0.75
2024-03-15 11:30:00	1243567	983715	2227282	0.79
2024-03-15 12:00:00	1379272	1093431	2472703	0.79
2024-03-15 12:30:00	1514300	1192813	2707113	0.79
2024-03-15 13:00:00	1697092	1279334	2976426	0.75
2024-03-15 13:30:00	1820986	1416106	3237092	0.78
2024-03-15 14:00:00	2018413	1523289	3541702	0.75
2024-03-15 14:30:00	2219046	1673156	3892202	0.75
2024-03-15 15:00:00	2463118	1862152	4325270	0.76
2024-03-15 15:15:00	2478801	1881542	4360343	0.76
2024-03-14 09:00:00	326160	199778	525938	0.61
2024-03-14 09:30:00	526761	343301	870062	0.65
2024-03-14 10:00:00	672600	461871	1134471	0.69
2024-03-14 10:30:00	814632	550694	1365326	0.68
2024-03-14 11:00:00	919783	632001	1551784	0.69
2024-03-14 11:30:00	1047935	719906	1767841	0.69
2024-03-14 12:00:00	1137307	782270	1919577	0.69
2024-03-14 12:30:00	1243721	862263	2105984	0.69
2024-03-14 13:00:00	1345722	959687	2305409	0.71
2024-03-14 13:30:00	1436152	1022500	2458652	0.71
2024-03-14 14:00:00	1535436	1096540	2631976	0.71
2024-03-14 14:30:00	1679657	1214941	2894598	0.72
2024-03-14 15:00:00	1868309	1361977	3230286	0.73
2024-03-14 15:15:00	1877374	1392027	3269401	0.74
2024-03-13 09:00:00	285425	184616	470041	0.65
2024-03-13 09:30:00	519268	310540	829808	0.6
2024-03-13 10:00:00	658688	420870	1079558	0.64
2024-03-13 10:30:00	783315	497105	1280420	0.63
2024-03-13 11:00:00	881085	586496	1467581	0.67
2024-03-13 11:30:00	965306	633284	1598590	0.66
2024-03-13 12:00:00	1049543	685823	1735366	0.65
2024-03-13 12:30:00	1146266	741792	1888058	0.65
2024-03-13 13:00:00	1231820	824051	2055871	0.67
2024-03-13 13:30:00	1315210	870782	2185992	0.66
2024-03-13 14:00:00	1413610	928846	2342456	0.66
2024-03-13 14:30:00	1536336	1025660	2561996	0.67
2024-03-13 15:00:00	1704701	1135070	2839771	0.67
2024-03-13 15:15:00	1711718	1142582	2854300	0.67
2024-03-12 09:00:00	257531	284190	541721	1.1
2024-03-12 09:30:00	443278	426331	869609	0.96
2024-03-12 10:00:00	611127	552899	1164026	0.9
2024-03-12 10:30:00	749534	690368	1439902	0.92
2024-03-12 11:00:00	882418	776110	1658528	0.88
2024-03-12 11:30:00	974939	845351	1820290	0.87
2024-03-12 12:00:00	1069620	918044	1987664	0.86
2024-03-12 12:30:00	1170038	995301	2165339	0.85
2024-03-12 13:00:00	1244396	1048089	2292485	0.84
2024-03-12 13:30:00	1313560	1116439	2429999	0.85
2024-03-12 14:00:00	1396326	1291953	2688279	0.93
2024-03-12 14:30:00	1551665	1367623	2919288	0.88
2024-03-12 15:00:00	1680025	1463599	3143624	0.87
2024-03-12 15:15:00	1687310	1499147	3186457	0.89
2024-03-11 09:00:00	325039	232957	557996	0.72
2024-03-11 09:30:00	498873	373755	872628	0.75
2024-03-11 10:00:00	677725	488648	1166373	0.72
2024-03-11 10:30:00	818664	569067	1387731	0.7
2024-03-11 11:00:00	913786	644432	1558218	0.71
2024-03-11 11:30:00	1001771	714441	1716212	0.71
2024-03-11 12:00:00	1082622	768984	1851606	0.71
2024-03-11 12:30:00	1173310	838144	2011454	0.71
2024-03-11 13:00:00	1261427	886110	2147537	0.7
2024-03-11 13:30:00	1338257	944209	2282466	0.71
2024-03-11 14:00:00	1409827	1013902	2423729	0.72
2024-03-11 14:30:00	1510651	1176407	2687058	0.78
2024-03-11 15:00:00	1657316	1310226	2967542	0.79
2024-03-11 15:15:00	1667615	1321416	2989031	0.79
2024-03-08 09:00:00	463097	272376	735473	0.59
2024-03-08 09:30:00	807171	481466	1288637	0.6
2024-03-08 10:00:00	1138183	656369	1794552	0.58
2024-03-08 10:30:00	1413427	855891	2269318	0.61
2024-03-08 11:00:00	1634597	1057617	2692214	0.65
2024-03-08 11:30:00	1793489	1167320	2960809	0.65
2024-03-08 12:00:00	1948432	1273128	3221560	0.65
2024-03-08 12:30:00	2131479	1387985	3519464	0.65
2024-03-08 13:00:00	2289000	1518975	3807975	0.66
2024-03-08 13:30:00	2446731	1621193	4067924	0.66
2024-03-08 14:00:00	2606306	1727879	4334185	0.66
2024-03-08 14:30:00	2767865	1851741	4619606	0.67
2024-03-08 15:00:00	2978353	2122536	5100889	0.71
2024-03-08 15:15:00	2992887	2151511	5144398	0.72
2024-03-07 09:00:00	392002	255430	647432	0.65
2024-03-07 09:30:00	638352	436378	1074730	0.68
2024-03-07 10:00:00	850909	591323	1442232	0.69
2024-03-07 10:30:00	1004130	704657	1708787	0.7
2024-03-07 11:00:00	1144175	797419	1941594	0.7
2024-03-07 11:30:00	1144155	738268	1882423	0.65
2024-03-07 12:00:00	1243727	810665	2054392	0.65
2024-03-07 12:30:00	1359581	884999	2244580	0.65
2024-03-07 13:00:00	1489192	959955	2449147	0.64
2024-03-07 13:30:00	1616308	1033836	2650144	0.64
2024-03-07 14:00:00	1727609	1100253	2827862	0.64
2024-03-07 14:30:00	1835005	1180418	3015423	0.64
2024-03-07 15:00:00	2010138	1419198	3429336	0.71
2024-03-07 15:15:00	2020384	1461451	3481835	0.72
2024-03-06 09:00:00	392188	243571	635759	0.62
2024-03-06 09:30:00	620649	430925	1051574	0.69
2024-03-06 10:00:00	791393	549734	1341127	0.69
2024-03-06 10:30:00	958504	658729	1617233	0.69
2024-03-06 11:00:00	1099477	758992	1858469	0.69
2024-03-06 11:30:00	1233869	853469	2087338	0.69
2024-03-06 12:00:00	1346862	945673	2292535	0.7
2024-03-06 12:30:00	1459541	1018611	2478152	0.7
2024-03-06 13:00:00	1613820	1152307	2766127	0.71
2024-03-06 13:30:00	1504602	977763	2482365	0.65
2024-03-06 14:00:00	1583799	1039202	2623001	0.66
2024-03-06 14:30:00	1668221	1447623	3115844	0.87
2024-03-06 15:00:00	1811122	1685910	3497032	0.93
2024-03-06 15:15:00	1817891	1696340	3514231	0.93
2024-03-05 09:00:00	332339	280762	613101	0.84
2024-03-05 09:30:00	588415	516864	1105279	0.88
2024-03-05 10:00:00	789097	677654	1466751	0.86
2024-03-05 10:30:00	931030	783565	1714595	0.84
2024-03-05 11:00:00	1060326	886183	1946509	0.84
2024-03-05 11:30:00	1183124	977117	2160241	0.83
2024-03-05 12:00:00	1280889	1045964	2326853	0.82
2024-03-05 12:30:00	1377769	1109771	2487540	0.81
2024-03-05 13:00:00	1510371	1239892	2750263	0.82
2024-03-05 13:30:00	1607809	1338713	2946522	0.83
2024-03-05 14:00:00	1763021	1472494	3235515	0.84
2024-03-05 14:30:00	1902369	1608672	3511041	0.85
2024-03-05 15:00:00	2134952	1857952	3992904	0.87
2024-03-05 15:15:00	2153086	1874690	4027776	0.87
2024-03-04 09:00:00	436396	285589	721985	0.65
2024-03-04 09:30:00	686340	487344	1173684	0.71
2024-03-04 10:00:00	888761	636275	1525036	0.72
2024-03-04 10:30:00	1117402	769029	1886431	0.69
2024-03-04 11:00:00	1279908	883099	2163007	0.69
2024-03-04 11:30:00	1412924	974979	2387903	0.69
2024-03-04 12:00:00	1734864	1263770	2998634	0.73
2024-03-04 12:30:00	1851640	1375818	3227458	0.74
2024-03-04 13:00:00	2140481	1450634	3591115	0.68
2024-03-04 13:30:00	2241910	1535884	3777794	0.69
2024-03-04 14:00:00	2408816	1647881	4056697	0.68
2024-03-04 14:30:00	2531601	1750238	4281839	0.69
2024-03-04 15:00:00	2734778	1913104	4647882	0.7
2024-03-04 15:15:00	2748293	1932954	4681247	0.7
2024-03-01 09:00:00	419740	259885	679625	0.62
2024-03-01 09:30:00	700144	467737	1167881	0.67
2024-03-01 10:00:00	921586	644059	1565645	0.7
2024-03-01 10:30:00	1167722	827211	1994933	0.71
2024-03-01 11:00:00	1326865	963744	2290609	0.73
2024-03-01 11:30:00	1478689	1088022	2566711	0.74
2024-03-01 12:00:00	1630888	1212880	2843768	0.74
2024-03-01 12:30:00	1782422	1329102	3111524	0.75
2024-03-01 13:00:00	1966225	1447198	3413423	0.74
2024-03-01 13:30:00	2142799	1880709	4023508	0.88
2024-03-01 14:00:00	2347688	2017576	4365264	0.86
2024-03-01 14:30:00	2530742	2150104	4680846	0.85
2024-03-01 15:00:00	2756952	2373063	5130015	0.86
2024-03-01 15:15:00	2778197	2400486	5178683	0.86
2024-02-29 09:00:00	373772	280900	654672	0.75
2024-02-29 09:30:00	650666	481093	1131759	0.74
2024-02-29 10:00:00	851293	654086	1505379	0.77
2024-02-29 10:30:00	981162	748564	1729726	0.76
2024-02-29 11:00:00	1192395	892590	2084985	0.75
2024-02-29 11:30:00	1292899	968806	2261705	0.75
2024-02-29 12:00:00	1393186	1037265	2430451	0.74
2024-02-29 12:30:00	1514687	1119587	2634274	0.74
2024-02-29 13:00:00	1614551	1186547	2801098	0.73
2024-02-29 13:30:00	1512920	1058952	2571872	0.7
2024-02-29 14:00:00	1607914	1131916	2739830	0.7
2024-02-29 14:30:00	1716006	1206681	2922687	0.7
2024-02-29 15:00:00	1916940	1377599	3294539	0.72
2024-02-29 15:15:00	1935228	1389910	3325138	0.72
2024-02-28 09:00:00	335500	213911	549411	0.64
2024-02-28 09:30:00	537914	370896	908810	0.69
2024-02-28 10:00:00	965606	479690	1445296	0.5
2024-02-28 10:30:00	1112314	597766	1710080	0.54
2024-02-28 11:00:00	1231937	672818	1904755	0.55
2024-02-28 11:30:00	1343201	746083	2089284	0.56
2024-02-28 12:00:00	1456963	835468	2292431	0.57
2024-02-28 12:30:00	1419887	743152	2163039	0.52
2024-02-28 13:00:00	1511713	792304	2304017	0.52
2024-02-28 13:30:00	1583333	857090	2440423	0.54
2024-02-28 14:00:00	1668950	925280	2594230	0.55
2024-02-28 14:30:00	1788418	994429	2782847	0.56
2024-02-28 15:00:00	1928653	1117750	3046403	0.58
2024-02-28 15:15:00	1936912	1132044	3068956	0.58
2024-02-27 09:00:00	339565	256569	596134	0.76
2024-02-27 09:30:00	542745	417566	960311	0.77
2024-02-27 10:00:00	712793	553416	1266209	0.78
2024-02-27 10:30:00	835908	667311	1503219	0.8
2024-02-27 11:00:00	946687	744057	1690744	0.79
2024-02-27 11:30:00	1054980	819863	1874843	0.78
2024-02-27 12:00:00	1177923	905010	2082933	0.77
2024-02-27 12:30:00	1278536	982369	2260905	0.77
2024-02-27 13:00:00	1377991	1049512	2427503	0.76
2024-02-27 13:30:00	1500113	1131399	2631512	0.75
2024-02-27 14:00:00	1612682	1243505	2856187	0.77
2024-02-27 14:30:00	1724509	1333612	3058121	0.77
2024-02-27 15:00:00	1667278	1212663	2879941	0.73
2024-02-27 15:15:00	1686474	1230442	2916916	0.73
2024-02-26 09:00:00	349530	216201	565731	0.62
2024-02-26 09:30:00	571161	388314	959475	0.68
2024-02-26 10:00:00	735587	535056	1270643	0.73
2024-02-26 10:30:00	885376	652391	1537767	0.74
2024-02-26 11:00:00	1014253	744439	1758692	0.73
2024-02-26 11:30:00	1115616	834487	1950103	0.75
2024-02-26 12:00:00	1231394	912094	2143488	0.74
2024-02-26 12:30:00	1359125	1006744	2365869	0.74
2024-02-26 13:00:00	1487769	1154001	2641770	0.78
2024-02-26 13:30:00	1595105	1301952	2897057	0.82
2024-02-26 14:00:00	1684062	1406821	3090883	0.84
2024-02-26 14:30:00	1792021	1499412	3291433	0.84
2024-02-26 15:00:00	1952308	1648991	3601299	0.84
2024-02-26 15:15:00	1963854	1712835	3676689	0.87
2024-02-23 09:00:00	452089	293354	745443	0.65
2024-02-23 09:30:00	711916	481483	1193399	0.68
2024-02-23 10:00:00	1008237	642500	1650737	0.64
2024-02-23 10:30:00	1222381	840513	2062894	0.69
2024-02-23 11:00:00	1377177	964062	2341239	0.7
2024-02-23 11:30:00	1521011	1071581	2592592	0.7
2024-02-23 12:00:00	1628599	1174710	2803309	0.72
2024-02-23 12:30:00	1751988	1307216	3059204	0.75
2024-02-23 13:00:00	1876381	1398003	3274384	0.75
2024-02-23 13:30:00	2028153	1501855	3530008	0.74
2024-02-23 14:00:00	2132723	1587473	3720196	0.74
2024-02-23 14:30:00	2289842	1725545	4015387	0.75
2024-02-23 15:00:00	2502765	1909913	4412678	0.76
2024-02-23 15:15:00	2515230	1926688	4441918	0.77
2024-02-22 09:00:00	452438	336018	788456	0.74
2024-02-22 09:30:00	697932	536559	1234491	0.77
2024-02-22 10:00:00	871415	686991	1558406	0.79
2024-02-22 10:30:00	1022270	786980	1809250	0.77
2024-02-22 11:00:00	1161811	896029	2057840	0.77
2024-02-22 11:30:00	1268574	999359	2267933	0.79
2024-02-22 12:00:00	1413465	1122937	2536402	0.79
2024-02-22 12:30:00	1548740	1212034	2760774	0.78
2024-02-22 13:00:00	1664742	1321793	2986535	0.79
2024-02-22 13:30:00	1786893	1414436	3201329	0.79
2024-02-22 14:00:00	1891792	1538391	3430183	0.81
2024-02-22 14:30:00	2019845	1635423	3655268	0.81
2024-02-22 15:00:00	2213966	1779845	3993811	0.8
2024-02-22 15:15:00	2226958	1790740	4017698	0.8
2024-02-21 09:00:00	274776	219313	494089	0.8
2024-02-21 09:30:00	435674	342280	777954	0.79
2024-02-21 10:00:00	544567	427701	972268	0.79
2024-02-21 10:30:00	668293	513612	1181905	0.77
2024-02-21 11:00:00	770205	581555	1351760	0.76
2024-02-21 11:30:00	877108	658278	1535386	0.75
2024-02-21 12:00:00	843579	635053	1478632	0.75
2024-02-21 12:30:00	917185	700462	1617647	0.76
2024-02-21 13:00:00	1115744	887766	2003510	0.8
2024-02-21 13:30:00	1073188	822249	1895437	0.77
2024-02-21 14:00:00	1179469	993654	2173123	0.84
2024-02-21 14:30:00	1280013	1077332	2357345	0.84
2024-02-21 15:00:00	1441007	1206054	2647061	0.84
2024-02-21 15:15:00	1453238	1217988	2671226	0.84
2024-02-20 09:00:00	338382	242661	581043	0.72
2024-02-20 09:30:00	534339	421727	956066	0.79
2024-02-20 10:00:00	709165	532863	1242028	0.75
2024-02-20 10:30:00	818735	621145	1439880	0.76
2024-02-20 11:00:00	946325	695246	1641571	0.73
2024-02-20 11:30:00	1060795	786907	1847702	0.74
2024-02-20 12:00:00	1173404	891126	2064530	0.76
2024-02-20 12:30:00	1253289	953880	2207169	0.76
2024-02-20 13:00:00	1327582	1007427	2335009	0.76
2024-02-20 13:30:00	1393342	1058150	2451492	0.76
2024-02-20 14:00:00	1473372	1144213	2617585	0.78
2024-02-20 14:30:00	1573565	1210769	2784334	0.77
2024-02-20 15:00:00	1706460	1329170	3035630	0.78
2024-02-20 15:15:00	1714942	1338939	3053881	0.78
2024-02-16 09:00:00	422178	340211	762389	0.81
2024-02-16 09:30:00	711187	545761	1256948	0.77
2024-02-16 10:00:00	922148	694740	1616888	0.75
2024-02-16 10:30:00	1102848	824458	1927306	0.75
2024-02-16 11:00:00	1253092	938563	2191655	0.75
2024-02-16 11:30:00	1397572	1044928	2442500	0.75
2024-02-16 12:00:00	1511192	1143089	2654281	0.76
2024-02-16 12:30:00	1710064	1266605	2976669	0.74
2024-02-16 13:00:00	1826088	1345898	3171986	0.74
2024-02-16 13:30:00	1991223	1466284	3457507	0.74
2024-02-16 14:00:00	2188300	1602970	3791270	0.73
2024-02-16 14:30:00	2349310	1737110	4086420	0.74
2024-02-16 15:00:00	2585735	1948240	4533975	0.75
2024-02-16 15:15:00	2599064	1968992	4568056	0.76
2024-02-15 09:00:00	395820	236405	632225	0.6
2024-02-15 09:30:00	684105	804163	1488268	1.18
2024-02-15 10:00:00	875480	937792	1813272	1.07
2024-02-15 10:30:00	1033123	1073287	2106410	1.04
2024-02-15 11:00:00	1164979	1164754	2329733	1.0
2024-02-15 11:30:00	1302247	1246770	2549017	0.96
2024-02-15 12:00:00	1447315	1334051	2781366	0.92
2024-02-15 12:30:00	1598799	1433265	3032064	0.9
2024-02-15 13:00:00	1727827	1535954	3263781	0.89
2024-02-15 13:30:00	1649557	1421446	3071003	0.86
2024-02-15 14:00:00	1781790	1503727	3285517	0.84
2024-02-15 14:30:00	1921938	1603213	3525151	0.83
2024-02-15 15:00:00	2103607	1742400	3846007	0.83
2024-02-15 15:15:00	2116955	1753540	3870495	0.83
2024-02-14 09:00:00	346139	237329	583468	0.69
2024-02-14 09:30:00	581358	397982	979340	0.68
2024-02-14 10:00:00	761701	565843	1327544	0.74
2024-02-14 10:30:00	941640	707082	1648722	0.75
2024-02-14 11:00:00	1088379	808494	1896873	0.74
2024-02-14 11:30:00	1213588	928317	2141905	0.76
2024-02-14 12:00:00	1306039	997098	2303137	0.76
2024-02-14 12:30:00	1399459	1077208	2476667	0.77
2024-02-14 13:00:00	1532671	1153045	2685716	0.75
2024-02-14 13:30:00	1637606	1356861	2994467	0.83
2024-02-14 14:00:00	1458330	1152530	2610860	0.79
2024-02-14 14:30:00	1585648	1234903	2820551	0.78
2024-02-14 15:00:00	1901937	1409055	3310992	0.74
2024-02-14 15:15:00	1922381	1431583	3353964	0.74
2024-02-13 09:00:00	446307	407692	853999	0.91
2024-02-13 09:30:00	688686	603817	1292503	0.88
2024-02-13 10:00:00	893980	764010	1657990	0.85
2024-02-13 10:30:00	1051344	867925	1919269	0.83
2024-02-13 11:00:00	1169863	956679	2126542	0.82
2024-02-13 11:30:00	1290375	1053039	2343414	0.82
2024-02-13 12:00:00	1389287	1137911	2527198	0.82
2024-02-13 12:30:00	1480663	1213597	2694260	0.82
2024-02-13 13:00:00	1565963	1290540	2856503	0.82
2024-02-13 13:30:00	1709198	1429956	3139154	0.84
2024-02-13 14:00:00	1855137	1567275	3422412	0.84
2024-02-13 14:30:00	2054386	1819501	3873887	0.89
2024-02-13 15:00:00	2278604	2001715	4280319	0.88
2024-02-13 15:15:00	1995767	1716083	3711850	0.86
2024-02-12 09:00:00	383783	227512	611295	0.59
2024-02-12 09:30:00	619576	1028746	1648322	1.66
2024-02-12 10:00:00	836233	1181135	2017368	1.41
2024-02-12 10:30:00	1020385	1316870	2337255	1.29
2024-02-12 11:00:00	1224900	1485513	2710413	1.21
2024-02-12 11:30:00	1393052	1595204	2988256	1.15
2024-02-12 12:00:00	1528094	1674678	3202772	1.1
2024-02-12 12:30:00	1649521	1782399	3431920	1.08
2024-02-12 13:00:00	1804958	1897184	3702142	1.05
2024-02-12 13:30:00	1966693	2081162	4047855	1.06
2024-02-12 14:00:00	2137342	2183566	4320908	1.02
2024-02-12 14:30:00	2258269	2273357	4531626	1.01
2024-02-12 15:00:00	2163163	2108922	4272085	0.97
2024-02-12 15:15:00	2173160	2120139	4293299	0.98
2024-02-09 09:00:00	333671	185196	518867	0.56
2024-02-09 09:30:00	581912	323148	905060	0.56
2024-02-09 10:00:00	850885	460824	1311709	0.54
2024-02-09 10:30:00	1034572	568060	1602632	0.55
2024-02-09 11:00:00	1179957	672286	1852243	0.57
2024-02-09 11:30:00	1325655	753999	2079654	0.57
2024-02-09 12:00:00	1502860	841263	2344123	0.56
2024-02-09 12:30:00	1647696	927123	2574819	0.56
2024-02-09 13:00:00	1838281	1017302	2855583	0.55
2024-02-09 13:30:00	1960007	1175122	3135129	0.6
2024-02-09 14:00:00	2163164	1310229	3473393	0.61
2024-02-09 14:30:00	2305628	1451846	3757474	0.63
2024-02-09 15:00:00	2577213	1626720	4203933	0.63
2024-02-09 15:15:00	2589134	1702464	4291598	0.66
2024-02-08 09:00:00	346879	228465	575344	0.66
2024-02-08 09:30:00	607660	378948	986608	0.62
2024-02-08 10:00:00	825516	517110	1342626	0.63
2024-02-08 10:30:00	996383	654445	1650828	0.66
2024-02-08 11:00:00	1125991	754950	1880941	0.67
2024-02-08 11:30:00	1247255	837627	2084882	0.67
2024-02-08 12:00:00	1385805	926179	2311984	0.67
2024-02-08 12:30:00	1490546	1008909	2499455	0.68
2024-02-08 13:00:00	1608408	1102081	2710489	0.69
2024-02-08 13:30:00	1754488	1207763	2962251	0.69
2024-02-08 14:00:00	1891003	1342511	3233514	0.71
2024-02-08 14:30:00	1817473	1241743	3059216	0.68
2024-02-08 15:00:00	1987498	1354267	3341765	0.68
2024-02-08 15:15:00	1995814	1388944	3384758	0.7
2024-02-07 09:00:00	379181	263687	642868	0.7
2024-02-07 09:30:00	685079	489581	1174660	0.71
2024-02-07 10:00:00	883583	676062	1559645	0.77
2024-02-07 10:30:00	1021929	830181	1852110	0.81
2024-02-07 11:00:00	1147443	933818	2081261	0.81
2024-02-07 11:30:00	1259221	1025805	2285026	0.81
2024-02-07 12:00:00	1373338	1117389	2490727	0.81
2024-02-07 12:30:00	1574522	1219760	2794282	0.77
2024-02-07 13:00:00	1693022	1313113	3006135	0.78
2024-02-07 13:30:00	1797314	1397871	3195185	0.78
2024-02-07 14:00:00	1927958	1733498	3661456	0.9
2024-02-07 14:30:00	2057023	1862264	3919287	0.91
2024-02-07 15:00:00	2302649	2077273	4379922	0.9
2024-02-07 15:15:00	2317725	2120541	4438266	0.91
2024-02-06 09:00:00	340943	215438	556381	0.63
2024-02-06 09:30:00	592929	398703	991632	0.67
2024-02-06 10:00:00	766998	508571	1275569	0.66
2024-02-06 10:30:00	948946	634391	1583337	0.67
2024-02-06 11:00:00	1081190	733768	1814958	0.68
2024-02-06 11:30:00	1191047	811632	2002679	0.68
2024-02-06 12:00:00	1296757	878283	2175040	0.68
2024-02-06 12:30:00	1401509	976021	2377530	0.7
2024-02-06 13:00:00	1542971	1057407	2600378	0.69
2024-02-06 13:30:00	1694290	1156686	2850976	0.68
2024-02-06 14:00:00	1799593	1227749	3027342	0.68
2024-02-06 14:30:00	1971486	1326042	3297528	0.67
2024-02-06 15:00:00	1810451	1211784	3022235	0.67
2024-02-06 15:15:00	1816757	1221024	3037781	0.67
2024-02-05 09:00:00	373869	278262	652131	0.74
2024-02-05 09:30:00	635771	503530	1139301	0.79
2024-02-05 10:00:00	837337	677450	1514787	0.81
2024-02-05 10:30:00	1009662	817697	1827359	0.81
2024-02-05 11:00:00	1143121	924428	2067549	0.81
2024-02-05 11:30:00	1298968	1013691	2312659	0.78
2024-02-05 12:00:00	1429872	1109715	2539587	0.78
2024-02-05 12:30:00	1532464	1181736	2714200	0.77
2024-02-05 13:00:00	1620126	1248840	2868966	0.77
2024-02-05 13:30:00	1706558	1317002	3023560	0.77
2024-02-05 14:00:00	1828015	1407667	3235682	0.77
2024-02-05 14:30:00	1963031	1515290	3478321	0.77
2024-02-05 15:00:00	2108630	1634883	3743513	0.78
2024-02-05 15:15:00	2117959	1650736	3768695	0.78
2024-02-02 09:00:00	487619	370649	858268	0.76
2024-02-02 09:30:00	763395	631058	1394453	0.83
2024-02-02 10:00:00	1066910	830918	1897828	0.78
2024-02-02 10:30:00	1252242	994688	2246930	0.79
2024-02-02 11:00:00	1487878	1164789	2652667	0.78
2024-02-02 11:30:00	1684796	1298501	2983297	0.77
2024-02-02 12:00:00	1892249	1466550	3358799	0.78
2024-02-02 12:30:00	2020166	1574166	3594332	0.78
2024-02-02 13:00:00	2122970	1660653	3783623	0.78
2024-02-02 13:30:00	2290351	1790145	4080496	0.78
2024-02-02 14:00:00	2462112	2296517	4758629	0.93
2024-02-02 14:30:00	2621353	2438733	5060086	0.93
2024-02-02 15:00:00	2848364	2620853	5469217	0.92
2024-02-02 15:15:00	2859757	2649364	5509121	0.93
2024-02-01 09:00:00	283947	259616	543563	0.91
2024-02-01 09:30:00	508196	446592	954788	0.88
2024-02-01 10:00:00	700856	622469	1323325	0.89
2024-02-01 10:30:00	851767	761523	1613290	0.89
2024-02-01 11:00:00	957159	841847	1799006	0.88
2024-02-01 11:30:00	1087606	958809	2046415	0.88
2024-02-01 12:00:00	1224808	1059630	2284438	0.87
2024-02-01 12:30:00	1328258	1143883	2472141	0.86
2024-02-01 13:00:00	1417472	1220530	2638002	0.86
2024-02-01 13:30:00	1539759	1343424	2883183	0.87
2024-02-01 14:00:00	1657896	1442110	3100006	0.87
2024-02-01 14:30:00	1789496	1547341	3336837	0.86
2024-02-01 15:00:00	1748663	1406553	3155216	0.8
2024-02-01 15:15:00	1761725	1475024	3236749	0.84
2024-01-31 09:00:00	441313	294703	736016	0.67
2024-01-31 09:30:00	703973	532176	1236149	0.76
2024-01-31 10:00:00	895630	693295	1588925	0.77
2024-01-31 10:30:00	1054609	811094	1865703	0.77
2024-01-31 11:00:00	1174649	917290	2091939	0.78
2024-01-31 11:30:00	1290183	983313	2273496	0.76
2024-01-31 12:00:00	1395440	1047292	2442732	0.75
2024-01-31 12:30:00	1510558	1113562	2624120	0.74
2024-01-31 13:00:00	1636137	1181066	2817203	0.72
2024-01-31 13:30:00	1778580	1287352	3065932	0.72
2024-01-31 14:00:00	2005236	1451230	3456466	0.72
2024-01-31 14:30:00	2232091	1674275	3906366	0.75
2024-01-31 15:00:00	2476288	1900788	4377076	0.77
2024-01-31 15:15:00	2491752	1921249	4413001	0.77
2024-01-30 09:00:00	430348	240796	671144	0.56
2024-01-30 09:30:00	643053	441217	1084270	0.69
2024-01-30 10:00:00	856570	591655	1448225	0.69
2024-01-30 10:30:00	993053	690982	1684035	0.7
2024-01-30 11:00:00	1117289	783307	1900596	0.7
2024-01-30 11:30:00	1245373	883264	2128637	0.71
2024-01-30 12:00:00	1361730	977206	2338936	0.72
2024-01-30 12:30:00	1470289	1055208	2525497	0.72
2024-01-30 13:00:00	1377342	924314	2301656	0.67
2024-01-30 13:30:00	1728753	1232941	2961694	0.71
2024-01-30 14:00:00	1595942	1074426	2670368	0.67
2024-01-30 14:30:00	1963394	1403534	3366928	0.71
2024-01-30 15:00:00	1880472	1275970	3156442	0.68
2024-01-30 15:15:00	1891586	1286742	3178328	0.68
2024-01-29 09:00:00	355225	255848	611073	0.72
2024-01-29 09:30:00	622225	439241	1061466	0.71
2024-01-29 10:00:00	842093	641186	1483279	0.76
2024-01-29 10:30:00	994021	753440	1747461	0.76
2024-01-29 11:00:00	1140048	851267	1991315	0.75
2024-01-29 11:30:00	1292216	948298	2240514	0.73
2024-01-29 12:00:00	1419686	1058892	2478578	0.75
2024-01-29 12:30:00	1512007	1141864	2653871	0.76
2024-01-29 13:00:00	1593303	1209189	2802492	0.76
2024-01-29 13:30:00	1689785	1295174	2984959	0.77
2024-01-29 14:00:00	1795554	1387841	3183395	0.77
2024-01-29 14:30:00	2021035	1568830	3589865	0.78
2024-01-29 15:00:00	2332719	1741868	4074587	0.75
2024-01-29 15:15:00	2345448	1775570	4121018	0.76
2024-01-26 09:00:00	356851	235147	591998	0.66
2024-01-26 09:30:00	588979	381460	970439	0.65
2024-01-26 10:00:00	781123	528240	1309363	0.68
2024-01-26 10:30:00	929525	630708	1560233	0.68
2024-01-26 11:00:00	1088719	734505	1823224	0.67
2024-01-26 11:30:00	1212511	823210	2035721	0.68
2024-01-26 12:00:00	1515796	1113063	2628859	0.73
2024-01-26 12:30:00	1619176	1218943	2838119	0.75
2024-01-26 13:00:00	1718844	1315744	3034588	0.77
2024-01-26 13:30:00	1807687	1412785	3220472	0.78
2024-01-26 14:00:00	1940481	1508406	3448887	0.78
2024-01-26 14:30:00	2071779	1605814	3677593	0.78
2024-01-26 15:00:00	2273292	1787924	4061216	0.79
2024-01-26 15:15:00	2286003	1805081	4091084	0.79
2024-01-25 09:00:00	365621	256645	622266	0.7
2024-01-25 09:30:00	629593	439417	1069010	0.7
2024-01-25 10:00:00	947790	600805	1548595	0.63
2024-01-25 10:30:00	1088634	715537	1804171	0.66
2024-01-25 11:00:00	1224082	810477	2034559	0.66
2024-01-25 11:30:00	1370495	960865	2331360	0.7
2024-01-25 12:00:00	1517059	1071759	2588818	0.71
2024-01-25 12:30:00	1639490	1162829	2802319	0.71
2024-01-25 13:00:00	1746629	1256166	3002795	0.72
2024-01-25 13:30:00	1867365	1427452	3294817	0.76
2024-01-25 14:00:00	1705872	1274794	2980666	0.75
2024-01-25 14:30:00	1803804	1349688	3153492	0.75
2024-01-25 15:00:00	1970645	1492474	3463119	0.76
2024-01-25 15:15:00	1981584	1501538	3483122	0.76
2024-01-24 09:00:00	423607	268897	692504	0.63
2024-01-24 09:30:00	685596	457008	1142604	0.67
2024-01-24 10:00:00	923220	624542	1547762	0.68
2024-01-24 10:30:00	1086860	749548	1836408	0.69
2024-01-24 11:00:00	1259452	838548	2098000	0.67
2024-01-24 11:30:00	1380902	930661	2311563	0.67
2024-01-24 12:00:00	1521581	1022818	2544399	0.67
2024-01-24 12:30:00	1661687	1140268	2801955	0.69
2024-01-24 13:00:00	1527896	1019265	2547161	0.67
2024-01-24 13:30:00	1654377	1174056	2828433	0.71
2024-01-24 14:00:00	1766156	1303514	3069670	0.74
2024-01-24 14:30:00	1872592	1399371	3271963	0.75
2024-01-24 15:00:00	2066925	1537729	3604654	0.74
2024-01-24 15:15:00	2080061	1550886	3630947	0.75
2024-01-23 09:00:00	349424	193578	543002	0.55
2024-01-23 09:30:00	531281	773843	1305124	1.46
2024-01-23 10:00:00	709458	901583	1611041	1.27
2024-01-23 10:30:00	835428	992199	1827627	1.19
2024-01-23 11:00:00	937429	1061043	1998472	1.13
2024-01-23 11:30:00	1029921	1126980	2156901	1.09
2024-01-23 12:00:00	1117870	1197553	2315423	1.07
2024-01-23 12:30:00	1225388	1251378	2476766	1.02
2024-01-23 13:00:00	1328985	1360350	2689335	1.02
2024-01-23 13:30:00	1425671	1416692	2842363	0.99
2024-01-23 14:00:00	1536012	1484178	3020190	0.97
2024-01-23 14:30:00	1671177	1568736	3239913	0.94
2024-01-23 15:00:00	1844576	1697573	3542149	0.92
2024-01-23 15:15:00	1856160	1710854	3567014	0.92
2024-01-22 09:00:00	469409	345912	815321	0.74
2024-01-22 09:30:00	761359	597471	1358830	0.78
2024-01-22 10:00:00	977923	743127	1721050	0.76
2024-01-22 10:30:00	1137167	846904	1984071	0.74
2024-01-22 11:00:00	1274245	940110	2214355	0.74
2024-01-22 11:30:00	1376951	1020356	2397307	0.74
2024-01-22 12:00:00	1466079	1076711	2542790	0.73
2024-01-22 12:30:00	1563055	1151692	2714747	0.74
2024-01-22 13:00:00	1675622	1228255	2903877	0.73
2024-01-22 13:30:00	1788073	1313169	3101242	0.73
2024-01-22 14:00:00	1912848	1378171	3291019	0.72
2024-01-22 14:30:00	2044019	1457678	3501697	0.71
2024-01-22 15:00:00	2214886	1574961	3789847	0.71
2024-01-22 15:15:00	2223960	1587282	3811242	0.71
2024-01-19 09:00:00	405682	253777	659459	0.63
2024-01-19 09:30:00	649320	433843	1083163	0.67
2024-01-19 10:00:00	862210	598820	1461030	0.69
2024-01-19 10:30:00	1096070	760743	1856813	0.69
2024-01-19 11:00:00	1264865	898336	2163201	0.71
2024-01-19 11:30:00	1427866	1060002	2487868	0.74
2024-01-19 12:00:00	1645468	1210497	2855965	0.74
2024-01-19 12:30:00	1837832	1391431	3229263	0.76
2024-01-19 13:00:00	2029630	1544823	3574453	0.76
2024-01-19 13:30:00	2233794	1682074	3915868	0.75
2024-01-19 14:00:00	2412807	1806896	4219703	0.75
2024-01-19 14:30:00	2688473	1955914	4644387	0.73
2024-01-19 15:00:00	2948738	2130507	5079245	0.72
2024-01-19 15:15:00	2964456	2157895	5122351	0.73
2024-01-18 09:00:00	305378	206132	511510	0.68
2024-01-18 09:30:00	474739	347962	822701	0.73
2024-01-18 10:00:00	635834	462032	1097866	0.73
2024-01-18 10:30:00	765541	567284	1332825	0.74
2024-01-18 11:00:00	898707	673297	1572004	0.75
2024-01-18 11:30:00	1035531	783379	1818910	0.76
2024-01-18 12:00:00	1158852	859796	2018648	0.74
2024-01-18 12:30:00	1255537	941269	2196806	0.75
2024-01-18 13:00:00	1426907	1000082	2426989	0.7
2024-01-18 13:30:00	1533074	1079963	2613037	0.7
2024-01-18 14:00:00	1658303	1163291	2821594	0.7
2024-01-18 14:30:00	1783694	1256264	3039958	0.7
2024-01-18 15:00:00	1973804	1388223	3362027	0.7
2024-01-18 15:15:00	1982563	1398226	3380789	0.71
2024-01-17 09:00:00	273575	277848	551423	1.02
2024-01-17 09:30:00	436006	403201	839207	0.92
2024-01-17 10:00:00	567014	509018	1076032	0.9
2024-01-17 10:30:00	677458	587510	1264968	0.87
2024-01-17 11:00:00	761879	651133	1413012	0.85
2024-01-17 11:30:00	857891	730930	1588821	0.85
2024-01-17 12:00:00	948145	790221	1738366	0.83
2024-01-17 12:30:00	1040628	845623	1886251	0.81
2024-01-17 13:00:00	1126259	922558	2048817	0.82
2024-01-17 13:30:00	1207073	1035724	2242797	0.86
2024-01-17 14:00:00	1293966	1095439	2389405	0.85
2024-01-17 14:30:00	1404816	1211295	2616111	0.86
2024-01-17 15:00:00	1562022	1335581	2897603	0.86
2024-01-17 15:15:00	1568686	1343308	2911994	0.86
2024-01-16 09:00:00	302790	302695	605485	1.0
2024-01-16 09:30:00	522185	449097	971282	0.86
2024-01-16 10:00:00	673504	573463	1246967	0.85
2024-01-16 10:30:00	810273	689805	1500078	0.85
2024-01-16 11:00:00	930398	769682	1700080	0.83
2024-01-16 11:30:00	1024520	865104	1889624	0.84
2024-01-16 12:00:00	1137368	960952	2098320	0.84
2024-01-16 12:30:00	1236145	1027035	2263180	0.83
2024-01-16 13:00:00	1320919	1111267	2432186	0.84
2024-01-16 13:30:00	1415703	1187038	2602741	0.84
2024-01-16 14:00:00	1514087	1587737	3101824	1.05
2024-01-16 14:30:00	1617236	1670838	3288074	1.03
2024-01-16 15:00:00	1748526	1778347	3526873	1.02
2024-01-16 15:15:00	1757001	1790296	3547297	1.02
2024-01-12 09:00:00	351531	311544	663075	0.89
2024-01-12 09:30:00	586459	542024	1128483	0.92
2024-01-12 10:00:00	772670	703226	1475896	0.91
2024-01-12 10:30:00	912755	827209	1739964	0.91
2024-01-12 11:00:00	1056031	965455	2021486	0.91
2024-01-12 11:30:00	1182071	1098084	2280155	0.93
2024-01-12 12:00:00	1287630	1184240	2471870	0.92
2024-01-12 12:30:00	1398393	1273492	2671885	0.91
2024-01-12 13:00:00	1536464	1363419	2899883	0.89
2024-01-12 13:30:00	1656008	1622044	3278052	0.98
2024-01-12 14:00:00	1774860	1835848	3610708	1.03
2024-01-12 14:30:00	1904762	1985234	3889996	1.04
2024-01-12 15:00:00	2137801	2157321	4295122	1.01
2024-01-12 15:15:00	2147379	2171310	4318689	1.01
2024-01-11 09:00:00	286711	185383	472094	0.65
2024-01-11 09:30:00	511609	361158	872767	0.71
2024-01-11 10:00:00	640503	464045	1104548	0.72
2024-01-11 10:30:00	766360	605854	1372214	0.79
2024-01-11 11:00:00	883541	691118	1574659	0.78
2024-01-11 11:30:00	971594	748720	1720314	0.77
2024-01-11 12:00:00	1052650	814853	1867503	0.77
2024-01-11 12:30:00	1153613	880657	2034270	0.76
2024-01-11 13:00:00	1406976	1137106	2544082	0.81
2024-01-11 13:30:00	1484297	1212809	2697106	0.82
2024-01-11 14:00:00	1586183	1283392	2869575	0.81
2024-01-11 14:30:00	1696452	1577467	3273919	0.93
2024-01-11 15:00:00	1843983	1727440	3571423	0.94
2024-01-11 15:15:00	1848821	1737034	3585855	0.94
2024-01-11 09:00:00	328769	233814	562583	0.71
2024-01-11 09:30:00	597687	455969	1053656	0.76
2024-01-11 10:00:00	748401	587852	1336253	0.79
2024-01-11 10:30:00	900209	757696	1657905	0.84
2024-01-11 11:00:00	1036037	861255	1897292	0.83
2024-01-11 11:30:00	1139284	932580	2071864	0.82
2024-01-11 12:00:00	1237857	1016261	2254118	0.82
2024-01-11 12:30:00	1354884	1097412	2452296	0.81
2024-01-11 13:00:00	1624989	1366877	2991866	0.84
2024-01-11 13:30:00	1721617	1458359	3179976	0.85
2024-01-11 14:00:00	1840387	1544335	3384722	0.84
2024-01-11 14:30:00	1968552	1855822	3824374	0.94
2024-01-11 15:00:00	2130620	2018089	4148709	0.95
2024-01-11 15:15:00	2146326	2033234	4179560	0.95
2024-01-10 09:00:00	273023	174734	447757	0.64
2024-01-10 09:30:00	452248	320263	772511	0.71
2024-01-10 10:00:00	601048	422253	1023301	0.7
2024-01-10 10:30:00	715409	508506	1223915	0.71
2024-01-10 11:00:00	813859	583179	1397038	0.72
2024-01-10 11:30:00	894489	643433	1537922	0.72
2024-01-10 12:00:00	1010146	711962	1722108	0.7
2024-01-10 12:30:00	1134596	869537	2004133	0.77
2024-01-10 13:00:00	1216418	938365	2154783	0.77
2024-01-10 13:30:00	1345321	1036559	2381880	0.77
2024-01-10 14:00:00	1478069	1984315	3462384	1.34
2024-01-10 14:30:00	1599223	2669401	4268624	1.67
2024-01-10 15:00:00	1750637	2922142	4672779	1.67
2024-01-10 15:15:00	1763200	2961672	4724872	1.68
2024-01-05 09:00:00	296771	265347	562118	0.89
2024-01-05 09:30:00	538699	999192	1537891	1.85
2024-01-05 10:00:00	721560	1113510	1835070	1.54
2024-01-05 10:30:00	897452	1235542	2132994	1.38
2024-01-05 11:00:00	1024126	1344256	2368382	1.31
2024-01-05 11:30:00	1151455	1454763	2606218	1.26
2024-01-05 12:00:00	1249829	1537335	2787164	1.23
2024-01-05 12:30:00	1359760	1661436	3021196	1.22
2024-01-05 13:00:00	1468402	1744820	3213222	1.19
2024-01-05 13:30:00	1589154	1831710	3420864	1.15
2024-01-05 14:00:00	1703128	1949324	3652452	1.14
2024-01-05 14:30:00	1834758	2079844	3914602	1.13
2024-01-05 15:00:00	2019205	2254672	4273877	1.12
2024-01-05 15:15:00	2027804	2287358	4315162	1.13
2024-01-04 09:00:00	264136	196262	460398	0.74
2024-01-04 09:30:00	476879	342712	819591	0.72
2024-01-04 10:00:00	632179	457358	1089537	0.72
2024-01-04 10:30:00	769037	574719	1343756	0.75
2024-01-04 11:00:00	891950	667681	1559631	0.75
2024-01-04 11:30:00	986185	748479	1734664	0.76
2024-01-04 12:00:00	1095599	829667	1925266	0.76
2024-01-04 12:30:00	1002754	732912	1735666	0.73
2024-01-04 13:00:00	1072333	779167	1851500	0.73
2024-01-04 13:30:00	1329664	1020279	2349943	0.77
2024-01-04 14:00:00	1423757	1103129	2526886	0.77
2024-01-04 14:30:00	1309458	981050	2290508	0.75
2024-01-04 15:00:00	1451729	1101143	2552872	0.76
2024-01-04 15:15:00	1466980	1140826	2607806	0.78
2024-01-03 09:00:00	294827	323375	618202	1.1
2024-01-03 09:30:00	527235	506360	1033595	0.96
2024-01-03 10:00:00	711532	650214	1361746	0.91
2024-01-03 10:30:00	848711	750247	1598958	0.88
2024-01-03 11:00:00	951148	838858	1790006	0.88
2024-01-03 11:30:00	1052712	920500	1973212	0.87
2024-01-03 12:00:00	1136678	996433	2133111	0.88
2024-01-03 12:30:00	1381877	1252789	2634666	0.91
2024-01-03 13:00:00	1481005	1314696	2795701	0.89
2024-01-03 13:30:00	1416552	1221387	2637939	0.86
2024-01-03 14:00:00	1702719	1502908	3205627	0.88
2024-01-03 14:30:00	1816869	1607824	3424693	0.88
2024-01-03 15:00:00	1979338	1759460	3738798	0.89
2024-01-03 15:15:00	1760374	1600013	3360387	0.91
2024-01-02 09:00:00	340409	274909	615318	0.81
2024-01-02 09:30:00	575611	428906	1004517	0.75
2024-01-02 10:00:00	775588	555603	1331191	0.72
2024-01-02 10:30:00	914469	649867	1564336	0.71
2024-01-02 11:00:00	1049301	732229	1781530	0.7
2024-01-02 11:30:00	1135187	802987	1938174	0.71
2024-01-02 12:00:00	1235449	880427	2115876	0.71
2024-01-02 12:30:00	1353726	971401	2325127	0.72
2024-01-02 13:00:00	1431310	1042113	2473423	0.73
2024-01-02 13:30:00	1536494	1243085	2779579	0.81
2024-01-02 14:00:00	1633109	1319539	2952648	0.81
2024-01-02 14:30:00	1551018	1206446	2757464	0.78
2024-01-02 15:00:00	1681918	1320085	3002003	0.78
2024-01-02 15:15:00	1693167	1330751	3023918	0.79
