TIME	CALLS	PUTS	TOTAL	P/C RATIO
2024-07-16 09:00:00	336585	159684	496269	0.47
2024-07-16 09:30:00	614470	313373	927843	0.51
2024-07-16 10:00:00	808649	408562	1217211	0.51
2024-07-16 10:30:00	972222	512379	1484601	0.53
2024-07-16 11:00:00	1134478	577051	1711529	0.51
2024-07-16 11:30:00	1306713	661079	1967792	0.51
2024-07-16 12:00:00	1432980	722926	2155906	0.5
2024-07-16 12:30:00	1523445	785324	2308769	0.52
2024-07-16 13:00:00	1818496	1086881	2905377	0.6
2024-07-16 13:30:00	1940112	1147334	3087446	0.59
2024-07-16 14:00:00	2089548	1243336	3332884	0.6
2024-07-16 14:30:00	2280906	1314056	3594962	0.58
2024-07-16 15:00:00	2500826	1445718	3946544	0.58
2024-07-16 15:15:00	2513247	1501508	4014755	0.6
2024-07-15 09:00:00	455541	184722	640263	0.41
2024-07-15 09:30:00	699540	315882	1015422	0.45
2024-07-15 10:00:00	914081	732128	1646209	0.8
2024-07-15 10:30:00	1127338	854293	1981631	0.76
2024-07-15 11:00:00	1292785	964810	2257595	0.75
2024-07-15 11:30:00	1448580	1071845	2520425	0.74
2024-07-15 12:00:00	1593148	1167691	2760839	0.73
2024-07-15 12:30:00	1739024	1244720	2983744	0.72
2024-07-15 13:00:00	1841786	1388940	3230726	0.75
2024-07-15 13:30:00	1947431	1463150	3410581	0.75
2024-07-15 14:00:00	2052619	1533596	3586215	0.75
2024-07-15 14:30:00	2176668	1610666	3787334	0.74
2024-07-15 15:00:00	2353731	1738171	4091902	0.74
2024-07-15 15:15:00	2363499	1746130	4109629	0.74
2024-07-12 09:00:00	509157	279516	788673	0.55
2024-07-12 09:30:00	816994	498440	1315434	0.61
2024-07-12 10:00:00	1358283	934015	2292298	0.69
2024-07-12 10:30:00	1582806	1080903	2663709	0.68
2024-07-12 11:00:00	1776852	1194669	2971521	0.67
2024-07-12 11:30:00	1959179	1310802	3269981	0.67
2024-07-12 12:00:00	2123101	1397002	3520103	0.66
2024-07-12 12:30:00	2273638	1491510	3765148	0.66
2024-07-12 13:00:00	2508716	1620867	4129583	0.65
2024-07-12 13:30:00	2685297	1724580	4409877	0.64
2024-07-12 14:00:00	2846349	1852790	4699139	0.65
2024-07-12 14:30:00	3031630	1978052	5009682	0.65
2024-07-12 15:00:00	3323789	2206553	5530342	0.66
2024-07-12 15:15:00	3339197	2224733	5563930	0.67
2024-07-11 09:00:00	393224	252804	646028	0.64
2024-07-11 09:30:00	754211	448949	1203160	0.6
2024-07-11 10:00:00	976870	585361	1562231	0.6
2024-07-11 10:30:00	1186493	721407	1907900	0.61
2024-07-11 11:00:00	1388572	859381	2247953	0.62
2024-07-11 11:30:00	1558679	967867	2526546	0.62
2024-07-11 12:00:00	1683805	1043924	2727729	0.62
2024-07-11 12:30:00	1799467	1115873	2915340	0.62
2024-07-11 13:00:00	1906624	1187581	3094205	0.62
2024-07-11 13:30:00	2021041	1272375	3293416	0.63
2024-07-11 14:00:00	2156803	1469396	3626199	0.68
2024-07-11 14:30:00	2285353	1570757	3856110	0.69
2024-07-11 15:00:00	2494986	1740643	4235629	0.7
2024-07-11 15:15:00	2503525	1753218	4256743	0.7
2024-07-10 09:00:00	319405	150948	470353	0.47
2024-07-10 09:30:00	645052	296376	941428	0.46
2024-07-10 10:00:00	814956	402517	1217473	0.49
2024-07-10 10:30:00	949466	489152	1438618	0.52
2024-07-10 11:00:00	1072486	561461	1633947	0.52
2024-07-10 11:30:00	1224383	652671	1877054	0.53
2024-07-10 12:00:00	1338442	750131	2088573	0.56
2024-07-10 12:30:00	1459973	824837	2284810	0.56
2024-07-10 13:00:00	1573997	910040	2484037	0.58
2024-07-10 13:30:00	1684069	992725	2676794	0.59
2024-07-10 14:00:00	1801710	1067930	2869640	0.59
2024-07-10 14:30:00	1939577	1147514	3087091	0.59
2024-07-10 15:00:00	2145467	1288222	3433689	0.6
2024-07-10 15:15:00	2158186	1303489	3461675	0.6
2024-07-09 09:00:00	285832	162565	448397	0.57
2024-07-09 09:30:00	569808	337038	906846	0.59
2024-07-09 10:00:00	726313	420078	1146391	0.58
2024-07-09 10:30:00	860250	505158	1365408	0.59
2024-07-09 11:00:00	974085	594096	1568181	0.61
2024-07-09 11:30:00	1128190	694011	1822201	0.62
2024-07-09 12:00:00	1272419	771045	2043464	0.61
2024-07-09 12:30:00	1375005	842787	2217792	0.61
2024-07-09 13:00:00	1462285	902857	2365142	0.62
2024-07-09 13:30:00	1547267	976305	2523572	0.63
2024-07-09 14:00:00	1700810	1071520	2772330	0.63
2024-07-09 14:30:00	1785847	1136193	2922040	0.64
2024-07-09 15:00:00	1929847	1224416	3154263	0.63
2024-07-09 15:15:00	1936441	1230629	3167070	0.64
2024-07-08 09:00:00	395260	191840	587100	0.49
2024-07-08 09:30:00	625671	337853	963524	0.54
2024-07-08 10:00:00	789710	527410	1317120	0.67
2024-07-08 10:30:00	961189	613161	1574350	0.64
2024-07-08 11:00:00	1108998	698375	1807373	0.63
2024-07-08 11:30:00	1224446	767353	1991799	0.63
2024-07-08 12:00:00	1310382	823447	2133829	0.63
2024-07-08 12:30:00	1400303	876099	2276402	0.63
2024-07-08 13:00:00	1486236	943000	2429236	0.63
2024-07-08 13:30:00	1561792	1022280	2584072	0.65
2024-07-08 14:00:00	1643892	1081404	2725296	0.66
2024-07-08 14:30:00	1725326	1131439	2856765	0.66
2024-07-08 15:00:00	1871948	1222017	3093965	0.65
2024-07-08 15:15:00	1879061	1234422	3113483	0.66
2024-07-05 09:00:00	409261	255299	664560	0.62
2024-07-05 09:30:00	692667	436721	1129388	0.63
2024-07-05 10:00:00	942432	569505	1511937	0.6
2024-07-05 10:30:00	1131568	682578	1814146	0.6
2024-07-05 11:00:00	1286882	782008	2068890	0.61
2024-07-05 11:30:00	1438857	890760	2329617	0.62
2024-07-05 12:00:00	1583778	982490	2566268	0.62
2024-07-05 12:30:00	1697428	1065992	2763420	0.63
2024-07-05 13:00:00	1823848	1148404	2972252	0.63
2024-07-05 13:30:00	1975019	1233076	3208095	0.62
2024-07-05 14:00:00	2099858	1318465	3418323	0.63
2024-07-05 14:30:00	2247240	1419793	3667033	0.63
2024-07-05 15:00:00	2477820	1579240	4057060	0.64
2024-07-05 15:15:00	2486718	1593606	4080324	0.64
2024-07-03 09:00:00	331409	157130	488539	0.47
2024-07-03 09:30:00	597647	308402	906049	0.52
2024-07-03 10:00:00	827425	445407	1272832	0.54
2024-07-03 10:30:00	1019965	564571	1584536	0.55
2024-07-03 11:00:00	1166796	662756	1829552	0.57
2024-07-03 11:30:00	1346621	769812	2116433	0.57
2024-07-03 12:00:00	1592207	930450	2522657	0.58
2024-07-03 12:30:00	1601591	939304	2540895	0.59
2024-07-03 13:00:00	1601591	939304	2540895	0.59
2024-07-03 13:30:00	1601591	939304	2540895	0.59
2024-07-03 14:00:00	1601591	939304	2540895	0.59
2024-07-03 14:30:00	1601591	939304	2540895	0.59
2024-07-03 15:00:00	1601591	939304	2540895	0.59
2024-07-03 15:15:00	1601591	939304	2540895	0.59
2024-07-02 09:00:00	255132	148431	403563	0.58
2024-07-02 09:30:00	438516	284754	723270	0.65
2024-07-02 10:00:00	609459	396490	1005949	0.65
2024-07-02 10:30:00	764808	481173	1245981	0.63
2024-07-02 11:00:00	870363	554265	1424628	0.64
2024-07-02 11:30:00	949664	618045	1567709	0.65
2024-07-02 12:00:00	1023852	669135	1692987	0.65
2024-07-02 12:30:00	1150420	747887	1898307	0.65
2024-07-02 13:00:00	1246165	819090	2065255	0.66
2024-07-02 13:30:00	1335981	908722	2244703	0.68
2024-07-02 14:00:00	1431555	1078944	2510499	0.75
2024-07-02 14:30:00	1545101	1143607	2688708	0.74
2024-07-02 15:00:00	1712786	1266948	2979734	0.74
2024-07-02 15:15:00	1720378	1279007	2999385	0.74
2024-07-01 09:00:00	385488	249004	634492	0.65
2024-07-01 09:30:00	607498	389919	997417	0.64
2024-07-01 10:00:00	782420	501006	1283426	0.64
2024-07-01 10:30:00	910834	616600	1527434	0.68
2024-07-01 11:00:00	1023158	699187	1722345	0.68
2024-07-01 11:30:00	1133729	764388	1898117	0.67
2024-07-01 12:00:00	1224384	819374	2043758	0.67
2024-07-01 12:30:00	1296567	891011	2187578	0.69
2024-07-01 13:00:00	1384400	944274	2328674	0.68
2024-07-01 13:30:00	1480442	1008062	2488504	0.68
2024-07-01 14:00:00	1560612	1061743	2622355	0.68
2024-07-01 14:30:00	1652935	1131420	2784355	0.68
2024-07-01 15:00:00	1813229	1233177	3046406	0.68
2024-07-01 15:15:00	1818427	1242908	3061335	0.68
2024-06-28 09:00:00	429160	203073	632233	0.47
2024-06-28 09:30:00	767630	429620	1197250	0.56
2024-06-28 10:00:00	985306	602195	1587501	0.61
2024-06-28 10:30:00	1369515	969311	2338826	0.71
2024-06-28 11:00:00	1512518	1251956	2764474	0.83
2024-06-28 11:30:00	1674375	1384492	3058867	0.83
2024-06-28 12:00:00	1824396	1504274	3328670	0.82
2024-06-28 12:30:00	1940888	1587476	3528364	0.82
2024-06-28 13:00:00	2060251	1659515	3719766	0.81
2024-06-28 13:30:00	2187822	1751877	3939699	0.8
2024-06-28 14:00:00	2315885	1843770	4159655	0.8
2024-06-28 14:30:00	2458422	1948189	4406611	0.79
2024-06-28 15:00:00	2706690	2149909	4856599	0.79
2024-06-28 15:15:00	2719971	2156794	4876765	0.79
2024-06-27 09:00:00	292039	153366	445405	0.53
2024-06-27 09:30:00	469816	273883	743699	0.58
2024-06-27 10:00:00	615640	384639	1000279	0.62
2024-06-27 10:30:00	728003	449469	1177472	0.62
2024-06-27 11:00:00	834571	516913	1351484	0.62
2024-06-27 11:30:00	974295	572402	1546697	0.59
2024-06-27 12:00:00	1068389	629831	1698220	0.59
2024-06-27 12:30:00	1156721	677840	1834561	0.59
2024-06-27 13:00:00	1236917	731037	1967954	0.59
2024-06-27 13:30:00	1321853	807134	2128987	0.61
2024-06-27 14:00:00	1407593	858795	2266388	0.61
2024-06-27 14:30:00	1532947	1150400	2683347	0.75
2024-06-27 15:00:00	1691123	1259452	2950575	0.74
2024-06-27 15:15:00	1698136	1268084	2966220	0.75
2024-06-26 09:00:00	399006	198581	597587	0.5
2024-06-26 09:30:00	666134	344637	1010771	0.52
2024-06-26 10:00:00	866936	472845	1339781	0.55
2024-06-26 10:30:00	1097535	586745	1684280	0.53
2024-06-26 11:00:00	1244724	692622	1937346	0.56
2024-06-26 11:30:00	1364819	755801	2120620	0.55
2024-06-26 12:00:00	1488497	842157	2330654	0.57
2024-06-26 12:30:00	1571236	913144	2484380	0.58
2024-06-26 13:00:00	1675507	973702	2649209	0.58
2024-06-26 13:30:00	1809334	1034639	2843973	0.57
2024-06-26 14:00:00	1932020	1091027	3023047	0.56
2024-06-26 14:30:00	2037398	1191772	3229170	0.58
2024-06-26 15:00:00	2207044	1304981	3512025	0.59
2024-06-26 15:15:00	2214998	1314263	3529261	0.59
2024-06-25 09:00:00	265387	207240	472627	0.78
2024-06-25 09:30:00	435655	313389	749044	0.72
2024-06-25 10:00:00	571886	389160	961046	0.68
2024-06-25 10:30:00	724389	478303	1202692	0.66
2024-06-25 11:00:00	846800	555740	1402540	0.66
2024-06-25 11:30:00	947704	623234	1570938	0.66
2024-06-25 12:00:00	1042456	694150	1736606	0.67
2024-06-25 12:30:00	1136163	751047	1887210	0.66
2024-06-25 13:00:00	1208764	798777	2007541	0.66
2024-06-25 13:30:00	1294046	898681	2192727	0.69
2024-06-25 14:00:00	1382095	960264	2342359	0.69
2024-06-25 14:30:00	1479661	1028984	2508645	0.7
2024-06-25 15:00:00	1626481	1132537	2759018	0.7
2024-06-25 15:15:00	1630330	1137156	2767486	0.7
2024-06-24 09:00:00	280268	189821	470089	0.68
2024-06-24 09:30:00	467557	317299	784856	0.68
2024-06-24 10:00:00	667852	453773	1121625	0.68
2024-06-24 10:30:00	806468	552753	1359221	0.69
2024-06-24 11:00:00	907141	648785	1555926	0.72
2024-06-24 11:30:00	1005417	709926	1715343	0.71
2024-06-24 12:00:00	1096115	788716	1884831	0.72
2024-06-24 12:30:00	1197047	870491	2067538	0.73
2024-06-24 13:00:00	1277468	934054	2211522	0.73
2024-06-24 13:30:00	1360698	1000082	2360780	0.73
2024-06-24 14:00:00	1466384	1081259	2547643	0.74
2024-06-24 14:30:00	1563122	1147086	2710208	0.73
2024-06-24 15:00:00	1704331	1269726	2974057	0.74
2024-06-24 15:15:00	1713973	1282169	2996142	0.75
2024-06-21 09:00:00	423863	289633	713496	0.68
2024-06-21 09:30:00	673115	473214	1146329	0.7
2024-06-21 10:00:00	888040	617374	1505414	0.7
2024-06-21 10:30:00	1060811	729399	1790210	0.69
2024-06-21 11:00:00	1234122	854295	2088417	0.69
2024-06-21 11:30:00	1389261	954192	2343453	0.69
2024-06-21 12:00:00	1537349	1047285	2584634	0.68
2024-06-21 12:30:00	1679894	1145644	2825538	0.68
2024-06-21 13:00:00	1901253	1251493	3152746	0.66
2024-06-21 13:30:00	2041454	1344405	3385859	0.66
2024-06-21 14:00:00	2180321	1444141	3624462	0.66
2024-06-21 14:30:00	2342466	1582641	3925107	0.68
2024-06-21 15:00:00	2615650	1792357	4408007	0.69
2024-06-21 15:15:00	2626373	1805287	4431660	0.69
2024-06-20 09:00:00	445839	241586	687425	0.54
2024-06-20 09:30:00	727235	419192	1146427	0.58
2024-06-20 10:00:00	916777	561321	1478098	0.61
2024-06-20 10:30:00	1116460	701081	1817541	0.63
2024-06-20 11:00:00	1249095	797443	2046538	0.64
2024-06-20 11:30:00	1394272	884062	2278334	0.63
2024-06-20 12:00:00	1556564	1011626	2568190	0.65
2024-06-20 12:30:00	1687773	1124209	2811982	0.67
2024-06-20 13:00:00	1824786	1227573	3052359	0.67
2024-06-20 13:30:00	1930974	1324537	3255511	0.69
2024-06-20 14:00:00	2025458	1386797	3412255	0.68
2024-06-20 14:30:00	2148216	1475856	3624072	0.69
2024-06-20 15:00:00	2350482	1658066	4008548	0.71
2024-06-20 15:15:00	2355770	1666764	4022534	0.71
2024-06-18 09:00:00	344081	177580	521661	0.52
2024-06-18 09:30:00	557571	324105	881676	0.58
2024-06-18 10:00:00	756953	421274	1178227	0.56
2024-06-18 10:30:00	919464	529864	1449328	0.58
2024-06-18 11:00:00	1054053	610486	1664539	0.58
2024-06-18 11:30:00	1205649	700046	1905695	0.58
2024-06-18 12:00:00	1313284	775430	2088714	0.59
2024-06-18 12:30:00	1433464	846094	2279558	0.59
2024-06-18 13:00:00	1562198	928156	2490354	0.59
2024-06-18 13:30:00	1695705	1010474	2706179	0.6
2024-06-18 14:00:00	1799244	1091629	2890873	0.61
2024-06-18 14:30:00	1923267	1188993	3112260	0.62
2024-06-18 15:00:00	2123865	1322694	3446559	0.62
2024-06-18 15:15:00	2135156	1336195	3471351	0.63
2024-06-17 09:00:00	284219	189462	473681	0.67
2024-06-17 09:30:00	467659	306637	774296	0.66
2024-06-17 10:00:00	628520	415977	1044497	0.66
2024-06-17 10:30:00	795962	509587	1305549	0.64
2024-06-17 11:00:00	998454	599185	1597639	0.6
2024-06-17 11:30:00	1101502	705758	1807260	0.64
2024-06-17 12:00:00	1241118	812804	2053922	0.65
2024-06-17 12:30:00	1371173	900692	2271865	0.66
2024-06-17 13:00:00	1521396	1003478	2524874	0.66
2024-06-17 13:30:00	1736138	1133181	2869319	0.65
2024-06-17 14:00:00	1853731	1212992	3066723	0.65
2024-06-17 14:30:00	1966695	1422093	3388788	0.72
2024-06-17 15:00:00	2198864	1638787	3837651	0.75
2024-06-17 15:15:00	2208656	1652491	3861147	0.75
2024-06-14 09:00:00	381038	313389	694427	0.82
2024-06-14 09:30:00	767420	561997	1329417	0.73
2024-06-14 10:00:00	1038236	783514	1821750	0.75
2024-06-14 10:30:00	1221490	907246	2128736	0.74
2024-06-14 11:00:00	1396590	1286932	2683522	0.92
2024-06-14 11:30:00	1566894	1589717	3156611	1.01
2024-06-14 12:00:00	1711465	1693645	3405110	0.99
2024-06-14 12:30:00	1934460	1799874	3734334	0.93
2024-06-14 13:00:00	2101559	1890235	3991794	0.9
2024-06-14 13:30:00	2229410	1990797	4220207	0.89
2024-06-14 14:00:00	2360996	2094836	4455832	0.89
2024-06-14 14:30:00	2526425	2266644	4793069	0.9
2024-06-14 15:00:00	2824528	2453693	5278221	0.87
2024-06-14 15:15:00	2842965	2470306	5313271	0.87
2024-06-13 09:00:00	473377	292550	765927	0.62
2024-06-13 09:30:00	705682	478369	1184051	0.68
2024-06-13 10:00:00	877395	613660	1491055	0.7
2024-06-13 10:30:00	1026941	714355	1741296	0.7
2024-06-13 11:00:00	1170731	801392	1972123	0.68
2024-06-13 11:30:00	1306613	887439	2194052	0.68
2024-06-13 12:00:00	1405963	962048	2368011	0.68
2024-06-13 12:30:00	1503717	1029310	2533027	0.68
2024-06-13 13:00:00	1596587	1091040	2687627	0.68
2024-06-13 13:30:00	1693260	1150427	2843687	0.68
2024-06-13 14:00:00	1803179	1215808	3018987	0.67
2024-06-13 14:30:00	1964654	1817614	3782268	0.93
2024-06-13 15:00:00	2166721	2128905	4295626	0.98
2024-06-13 15:15:00	2174566	2138778	4313344	0.98
2024-06-12 09:00:00	578691	346663	925354	0.6
2024-06-12 09:30:00	942167	546684	1488851	0.58
2024-06-12 10:00:00	1211378	711357	1922735	0.59
2024-06-12 10:30:00	1419107	889978	2309085	0.63
2024-06-12 11:00:00	1568076	977363	2545439	0.62
2024-06-12 11:30:00	1702349	1077672	2780021	0.63
2024-06-12 12:00:00	1830628	1157896	2988524	0.63
2024-06-12 12:30:00	1937936	1232745	3170681	0.64
2024-06-12 13:00:00	2061769	1323464	3385233	0.64
2024-06-12 13:30:00	2207398	1417534	3624932	0.64
2024-06-12 14:00:00	2350990	1532327	3883317	0.65
2024-06-12 14:30:00	2534250	1661592	4195842	0.66
2024-06-12 15:00:00	2796416	1814422	4610838	0.65
2024-06-12 15:15:00	2807366	1831863	4639229	0.65
2024-06-11 09:00:00	233213	155411	388624	0.67
2024-06-11 09:30:00	408329	253409	661738	0.62
2024-06-11 10:00:00	557554	362695	920249	0.65
2024-06-11 10:30:00	688305	442623	1130928	0.64
2024-06-11 11:00:00	840421	551962	1392383	0.66
2024-06-11 11:30:00	956929	625923	1582852	0.65
2024-06-11 12:00:00	1037105	690956	1728061	0.67
2024-06-11 12:30:00	1130546	743797	1874343	0.66
2024-06-11 13:00:00	1213391	805159	2018550	0.66
2024-06-11 13:30:00	1319898	880417	2200315	0.67
2024-06-11 14:00:00	1437144	957338	2394482	0.67
2024-06-11 14:30:00	1562671	1043732	2606403	0.67
2024-06-11 15:00:00	1769510	1156690	2926200	0.65
2024-06-11 15:15:00	1784322	1170503	2954825	0.66
2024-06-10 09:00:00	302630	243670	546300	0.81
2024-06-10 09:30:00	486464	360149	846613	0.74
2024-06-10 10:00:00	646739	460902	1107641	0.71
2024-06-10 10:30:00	793091	575728	1368819	0.73
2024-06-10 11:00:00	939228	674100	1613328	0.72
2024-06-10 11:30:00	1034996	742189	1777185	0.72
2024-06-10 12:00:00	1137096	809944	1947040	0.71
2024-06-10 12:30:00	1223934	874181	2098115	0.71
2024-06-10 13:00:00	1312572	945163	2257735	0.72
2024-06-10 13:30:00	1431649	1032790	2464439	0.72
2024-06-10 14:00:00	1543898	1103529	2647427	0.71
2024-06-10 14:30:00	1660024	1192632	2852656	0.72
2024-06-10 15:00:00	1795518	1297143	3092661	0.72
2024-06-10 15:15:00	1801772	1307853	3109625	0.73
2024-06-07 09:00:00	337382	229757	567139	0.68
2024-06-07 09:30:00	569049	375608	944657	0.66
2024-06-07 10:00:00	776730	524321	1301051	0.68
2024-06-07 10:30:00	934052	643752	1577804	0.69
2024-06-07 11:00:00	1060911	737690	1798601	0.7
2024-06-07 11:30:00	1186472	829717	2016189	0.7
2024-06-07 12:00:00	1331510	932658	2264168	0.7
2024-06-07 12:30:00	1472908	1023991	2496899	0.7
2024-06-07 13:00:00	1607839	1115430	2723269	0.69
2024-06-07 13:30:00	1785851	1268451	3054302	0.71
2024-06-07 14:00:00	1916608	1370609	3287217	0.72
2024-06-07 14:30:00	2092211	1502455	3594666	0.72
2024-06-07 15:00:00	2329811	1667127	3996938	0.72
2024-06-07 15:15:00	2340667	1681706	4022373	0.72
2024-06-06 09:00:00	317262	972208	1289470	3.06
2024-06-06 09:30:00	497804	1130374	1628178	2.27
2024-06-06 10:00:00	639446	1213771	1853217	1.9
2024-06-06 10:30:00	770573	1287266	2057839	1.67
2024-06-06 11:00:00	874921	1351470	2226391	1.54
2024-06-06 11:30:00	971478	1416543	2388021	1.46
2024-06-06 12:00:00	1075484	1482092	2557576	1.38
2024-06-06 12:30:00	1188160	1546914	2735074	1.3
2024-06-06 13:00:00	1339850	1616877	2956727	1.21
2024-06-06 13:30:00	1446252	1686589	3132841	1.17
2024-06-06 14:00:00	1539992	1756429	3296421	1.14
2024-06-06 14:30:00	1674643	1818814	3493457	1.09
2024-06-06 15:00:00	1847218	1922047	3769265	1.04
2024-06-06 15:15:00	1854711	1934767	3789478	1.04
2024-06-05 09:00:00	271235	213299	484534	0.79
2024-06-05 09:30:00	444726	322513	767239	0.73
2024-06-05 10:00:00	584267	434078	1018345	0.74
2024-06-05 10:30:00	726771	538712	1265483	0.74
2024-06-05 11:00:00	830510	622260	1452770	0.75
2024-06-05 11:30:00	922850	694400	1617250	0.75
2024-06-05 12:00:00	1018108	762581	1780689	0.75
2024-06-05 12:30:00	1110113	848160	1958273	0.76
2024-06-05 13:00:00	1194390	911107	2105497	0.76
2024-06-05 13:30:00	1305136	983741	2288877	0.75
2024-06-05 14:00:00	1395078	1066086	2461164	0.76
2024-06-05 14:30:00	1509917	1197355	2707272	0.79
2024-06-05 15:00:00	1681544	1321095	3002639	0.79
2024-06-05 15:15:00	1694223	1335318	3029541	0.79
2024-06-04 09:00:00	231162	145371	376533	0.63
2024-06-04 09:30:00	388446	246991	635437	0.64
2024-06-04 10:00:00	578921	339970	918891	0.59
2024-06-04 10:30:00	679119	401058	1080177	0.59
2024-06-04 11:00:00	758924	457660	1216584	0.6
2024-06-04 11:30:00	834656	514962	1349618	0.62
2024-06-04 12:00:00	908241	576640	1484881	0.63
2024-06-04 12:30:00	988691	619490	1608181	0.63
2024-06-04 13:00:00	1086312	669607	1755919	0.62
2024-06-04 13:30:00	1191054	748788	1939842	0.63
2024-06-04 14:00:00	1289801	819589	2109390	0.64
2024-06-04 14:30:00	1378309	893829	2272138	0.65
2024-06-04 15:00:00	1505391	980722	2486113	0.65
2024-06-04 15:15:00	1514500	988879	2503379	0.65
2024-06-03 09:00:00	411564	279476	691040	0.68
2024-06-03 09:30:00	625795	436658	1062453	0.7
2024-06-03 10:00:00	834919	590509	1425428	0.71
2024-06-03 10:30:00	975077	710914	1685991	0.73
2024-06-03 11:00:00	1077799	785319	1863118	0.73
2024-06-03 11:30:00	1213481	918269	2131750	0.76
2024-06-03 12:00:00	1329025	1015319	2344344	0.76
2024-06-03 12:30:00	1451997	1148038	2600035	0.79
2024-06-03 13:00:00	1566985	1226571	2793556	0.78
2024-06-03 13:30:00	1675669	1309747	2985416	0.78
2024-06-03 14:00:00	1766963	1381849	3148812	0.78
2024-06-03 14:30:00	1869862	1447543	3317405	0.77
2024-06-03 15:00:00	2040975	1581552	3622527	0.77
2024-06-03 15:15:00	2059873	1593509	3653382	0.77
2024-05-31 09:00:00	326127	247167	573294	0.76
2024-05-31 09:30:00	587153	478841	1065994	0.82
2024-05-31 10:00:00	807194	681655	1488849	0.84
2024-05-31 10:30:00	969588	795847	1765435	0.82
2024-05-31 11:00:00	1141125	900915	2042040	0.79
2024-05-31 11:30:00	1340213	1090695	2430908	0.81
2024-05-31 12:00:00	1452077	1196558	2648635	0.82
2024-05-31 12:30:00	1546788	1297451	2844239	0.84
2024-05-31 13:00:00	1651204	1383256	3034460	0.84
2024-05-31 13:30:00	1751006	1469640	3220646	0.84
2024-05-31 14:00:00	1851823	1558800	3410623	0.84
2024-05-31 14:30:00	1992838	1680000	3672838	0.84
2024-05-31 15:00:00	2292372	1869508	4161880	0.82
2024-05-31 15:15:00	2321868	1890310	4212178	0.81
2024-05-30 09:00:00	295196	178177	473373	0.6
2024-05-30 09:30:00	498337	298189	796526	0.6
2024-05-30 10:00:00	660015	446710	1106725	0.68
2024-05-30 10:30:00	785979	538429	1324408	0.69
2024-05-30 11:00:00	908438	622557	1530995	0.69
2024-05-30 11:30:00	1002635	687545	1690180	0.69
2024-05-30 12:00:00	1087965	742071	1830036	0.68
2024-05-30 12:30:00	1173439	808238	1981677	0.69
2024-05-30 13:00:00	1264903	871038	2135941	0.69
2024-05-30 13:30:00	1360034	937488	2297522	0.69
2024-05-30 14:00:00	1452701	996846	2449547	0.69
2024-05-30 14:30:00	1573995	1381625	2955620	0.88
2024-05-30 15:00:00	1786973	1651120	3438093	0.92
2024-05-30 15:15:00	1800873	1668207	3469080	0.93
2024-05-29 09:00:00	273542	173164	446706	0.63
2024-05-29 09:30:00	415981	280681	696662	0.67
2024-05-29 10:00:00	540968	361958	902926	0.67
2024-05-29 10:30:00	630278	439388	1069666	0.7
2024-05-29 11:00:00	707257	495287	1202544	0.7
2024-05-29 11:30:00	777917	547884	1325801	0.7
2024-05-29 12:00:00	861623	608578	1470201	0.71
2024-05-29 12:30:00	925252	663041	1588293	0.72
2024-05-29 13:00:00	994941	748164	1743105	0.75
2024-05-29 13:30:00	1065118	798348	1863466	0.75
2024-05-29 14:00:00	1136997	857870	1994867	0.75
2024-05-29 14:30:00	1214202	938506	2152708	0.77
2024-05-29 15:00:00	1341690	1045773	2387463	0.78
2024-05-29 15:15:00	1350090	1056105	2406195	0.78
2024-05-28 09:00:00	340654	194265	534919	0.57
2024-05-28 09:30:00	514578	303666	818244	0.59
2024-05-28 10:00:00	670316	418285	1088601	0.62
2024-05-28 10:30:00	784260	508520	1292780	0.65
2024-05-28 11:00:00	880466	579394	1459860	0.66
2024-05-28 11:30:00	998138	649663	1647801	0.65
2024-05-28 12:00:00	1086648	708273	1794921	0.65
2024-05-28 12:30:00	1175094	769735	1944829	0.66
2024-05-28 13:00:00	1267473	837925	2105398	0.66
2024-05-28 13:30:00	1356876	904616	2261492	0.67
2024-05-28 14:00:00	1467283	1016696	2483979	0.69
2024-05-28 14:30:00	1551372	1077807	2629179	0.69
2024-05-28 15:00:00	1692405	1176381	2868786	0.7
2024-05-28 15:15:00	1699069	1187287	2886356	0.7
2024-05-24 09:00:00	293051	228393	521444	0.78
2024-05-24 09:30:00	496192	393136	889328	0.79
2024-05-24 10:00:00	686712	565382	1252094	0.82
2024-05-24 10:30:00	863086	744745	1607831	0.86
2024-05-24 11:00:00	988653	858258	1846911	0.87
2024-05-24 11:30:00	1096286	946172	2042458	0.86
2024-05-24 12:00:00	1192248	1035279	2227527	0.87
2024-05-24 12:30:00	1303237	1118502	2421739	0.86
2024-05-24 13:00:00	1385948	1197830	2583778	0.86
2024-05-24 13:30:00	1506910	1296038	2802948	0.86
2024-05-24 14:00:00	1627676	1392477	3020153	0.86
2024-05-24 14:30:00	1758708	1518816	3277524	0.86
2024-05-24 15:00:00	1946771	1677408	3624179	0.86
2024-05-24 15:15:00	1956993	1722013	3679006	0.88
2024-05-23 09:00:00	318770	227311	546081	0.71
2024-05-23 09:30:00	534547	357408	891955	0.67
2024-05-23 10:00:00	709616	477601	1187217	0.67
2024-05-23 10:30:00	840905	613136	1454041	0.73
2024-05-23 11:00:00	945143	690868	1636011	0.73
2024-05-23 11:30:00	1030069	748368	1778437	0.73
2024-05-23 12:00:00	1118326	823291	1941617	0.74
2024-05-23 12:30:00	1203640	894245	2097885	0.74
2024-05-23 13:00:00	1334261	1073321	2407582	0.8
2024-05-23 13:30:00	1461933	1188924	2650857	0.81
2024-05-23 14:00:00	1582888	1296428	2879316	0.82
2024-05-23 14:30:00	1696535	1403147	3099682	0.83
2024-05-23 15:00:00	1829378	1520853	3350231	0.83
2024-05-23 15:15:00	1838264	1529982	3368246	0.83
2024-05-22 09:00:00	245316	140112	385428	0.57
2024-05-22 09:30:00	411194	228025	639219	0.55
2024-05-22 10:00:00	528796	316206	845002	0.6
2024-05-22 10:30:00	637632	378772	1016404	0.59
2024-05-22 11:00:00	738023	436927	1174950	0.59
2024-05-22 11:30:00	830491	490141	1320632	0.59
2024-05-22 12:00:00	938302	553602	1491904	0.59
2024-05-22 12:30:00	1013006	601273	1614279	0.59
2024-05-22 13:00:00	1113440	676332	1789772	0.61
2024-05-22 13:30:00	1238111	761130	1999241	0.61
2024-05-22 14:00:00	1355025	834040	2189065	0.62
2024-05-22 14:30:00	1464050	921439	2385489	0.63
2024-05-22 15:00:00	1629503	1052399	2681902	0.65
2024-05-22 15:15:00	1636101	1063148	2699249	0.65
2024-05-21 09:00:00	210619	120280	330899	0.57
2024-05-21 09:30:00	334244	199771	534015	0.6
2024-05-21 10:00:00	435870	262222	698092	0.6
2024-05-21 10:30:00	539854	333943	873797	0.62
2024-05-21 11:00:00	625459	395973	1021432	0.63
2024-05-21 11:30:00	700005	452054	1152059	0.65
2024-05-21 12:00:00	843863	515015	1358878	0.61
2024-05-21 12:30:00	900760	568743	1469503	0.63
2024-05-21 13:00:00	975571	617038	1592609	0.63
2024-05-21 13:30:00	1052688	673076	1725764	0.64
2024-05-21 14:00:00	1125536	735801	1861337	0.65
2024-05-21 14:30:00	1246322	803162	2049484	0.64
2024-05-21 15:00:00	1397305	904700	2302005	0.65
2024-05-21 15:15:00	1403802	912617	2316419	0.65
2024-05-20 09:00:00	305903	193892	499795	0.63
2024-05-20 09:30:00	487491	319849	807340	0.66
2024-05-20 10:00:00	617568	424189	1041757	0.69
2024-05-20 10:30:00	751362	909080	1660442	1.21
2024-05-20 11:00:00	883179	988349	1871528	1.12
2024-05-20 11:30:00	988078	1067813	2055891	1.08
2024-05-20 12:00:00	1091391	1128001	2219392	1.03
2024-05-20 12:30:00	1221080	1214691	2435771	0.99
2024-05-20 13:00:00	1309442	1277588	2587030	0.98
2024-05-20 13:30:00	1409848	1344218	2754066	0.95
2024-05-20 14:00:00	1495772	1405915	2901687	0.94
2024-05-20 14:30:00	1597428	1478707	3076135	0.93
2024-05-20 15:00:00	1745693	1590469	3336162	0.91
2024-05-20 15:15:00	1759754	1604460	3364214	0.91
2024-05-17 09:00:00	352062	219856	571918	0.62
2024-05-17 09:30:00	668874	444108	1112982	0.66
2024-05-17 10:00:00	883822	581101	1464923	0.66
2024-05-17 10:30:00	1072937	697193	1770130	0.65
2024-05-17 11:00:00	1230574	809919	2040493	0.66
2024-05-17 11:30:00	1369282	899484	2268766	0.66
2024-05-17 12:00:00	1509933	989514	2499447	0.66
2024-05-17 12:30:00	1623020	1067694	2690714	0.66
2024-05-17 13:00:00	1843311	1163855	3007166	0.63
2024-05-17 13:30:00	2018386	1309692	3328078	0.65
2024-05-17 14:00:00	2179426	1407893	3587319	0.65
2024-05-17 14:30:00	2353586	1535831	3889417	0.65
2024-05-17 15:00:00	2647229	1725303	4372532	0.65
2024-05-17 15:15:00	2652931	1748926	4401857	0.66
2024-05-16 09:00:00	285388	160165	445553	0.56
2024-05-16 09:30:00	539463	345174	884637	0.64
2024-05-16 10:00:00	712521	443053	1155574	0.62
2024-05-16 10:30:00	886470	559182	1445652	0.63
2024-05-16 11:00:00	1022970	632037	1655007	0.62
2024-05-16 11:30:00	1127939	700413	1828352	0.62
2024-05-16 12:00:00	1249114	775763	2024877	0.62
2024-05-16 12:30:00	1360501	839448	2199949	0.62
2024-05-16 13:00:00	1456010	892609	2348619	0.61
2024-05-16 13:30:00	1547093	950694	2497787	0.61
2024-05-16 14:00:00	1628865	1019788	2648653	0.63
2024-05-16 14:30:00	1746594	1080223	2826817	0.62
2024-05-16 15:00:00	1901402	1198181	3099583	0.63
2024-05-16 15:15:00	1908983	1207626	3116609	0.63
2024-05-15 09:00:00	405772	262003	667775	0.65
2024-05-15 09:30:00	651652	824191	1475843	1.26
2024-05-15 10:00:00	850535	967918	1818453	1.14
2024-05-15 10:30:00	1045307	1095730	2141037	1.05
2024-05-15 11:00:00	1258023	1289107	2547130	1.02
2024-05-15 11:30:00	1396716	1360914	2757630	0.97
2024-05-15 12:00:00	1509727	1428717	2938444	0.95
2024-05-15 12:30:00	1628529	1500145	3128674	0.92
2024-05-15 13:00:00	1766516	1581849	3348365	0.9
2024-05-15 13:30:00	1944910	1659932	3604842	0.85
2024-05-15 14:00:00	2074722	1740400	3815122	0.84
2024-05-15 14:30:00	2211979	1823950	4035929	0.82
2024-05-15 15:00:00	2414666	1954181	4368847	0.81
2024-05-15 15:15:00	2422976	1972699	4395675	0.81
2024-05-14 09:00:00	369189	155788	524977	0.42
2024-05-14 09:30:00	620799	291148	911947	0.47
2024-05-14 10:00:00	806007	484304	1290311	0.6
2024-05-14 10:30:00	953110	577261	1530371	0.61
2024-05-14 11:00:00	1071981	651139	1723120	0.61
2024-05-14 11:30:00	1192633	708314	1900947	0.59
2024-05-14 12:00:00	1308589	767544	2076133	0.59
2024-05-14 12:30:00	1400849	822109	2222958	0.59
2024-05-14 13:00:00	1487477	887505	2374982	0.6
2024-05-14 13:30:00	1584135	956687	2540822	0.6
2024-05-14 14:00:00	1712363	1049630	2761993	0.61
2024-05-14 14:30:00	1821890	1134098	2955988	0.62
2024-05-14 15:00:00	2025034	1272493	3297527	0.63
2024-05-14 15:15:00	2034367	1285367	3319734	0.63
2024-05-13 09:00:00	329330	188527	517857	0.57
2024-05-13 09:30:00	525481	486021	1011502	0.92
2024-05-13 10:00:00	691542	584620	1276162	0.85
2024-05-13 10:30:00	830754	690918	1521672	0.83
2024-05-13 11:00:00	931636	758623	1690259	0.81
2024-05-13 11:30:00	1030445	812590	1843035	0.79
2024-05-13 12:00:00	1115673	862531	1978204	0.77
2024-05-13 12:30:00	1219985	929612	2149597	0.76
2024-05-13 13:00:00	1310938	978911	2289849	0.75
2024-05-13 13:30:00	1394764	1028519	2423283	0.74
2024-05-13 14:00:00	1491040	1091131	2582171	0.73
2024-05-13 14:30:00	1587934	1155283	2743217	0.73
2024-05-13 15:00:00	1731667	1252587	2984254	0.72
2024-05-13 15:15:00	1749199	1352486	3101685	0.77
2024-05-10 09:00:00	414160	257552	671712	0.62
2024-05-10 09:30:00	686611	477432	1164043	0.7
2024-05-10 10:00:00	901139	672521	1573660	0.75
2024-05-10 10:30:00	1043045	791063	1834108	0.76
2024-05-10 11:00:00	1187196	906645	2093841	0.76
2024-05-10 11:30:00	1330486	1015779	2346265	0.76
2024-05-10 12:00:00	1495854	1175075	2670929	0.79
2024-05-10 12:30:00	1604892	1246326	2851218	0.78
2024-05-10 13:00:00	1716479	1326885	3043364	0.77
2024-05-10 13:30:00	1816768	1404619	3221387	0.77
2024-05-10 14:00:00	1934985	1501827	3436812	0.78
2024-05-10 14:30:00	2083243	1617991	3701234	0.78
2024-05-10 15:00:00	2300279	1783493	4083772	0.78
2024-05-10 15:15:00	2312069	1797965	4110034	0.78
2024-05-09 09:00:00	323185	197117	520302	0.61
2024-05-09 09:30:00	536149	331893	868042	0.62
2024-05-09 10:00:00	700556	455324	1155880	0.65
2024-05-09 10:30:00	907535	559395	1466930	0.62
2024-05-09 11:00:00	1018337	674676	1693013	0.66
2024-05-09 11:30:00	1116601	743298	1859899	0.67
2024-05-09 12:00:00	1211156	815296	2026452	0.67
2024-05-09 12:30:00	1321528	885467	2206995	0.67
2024-05-09 13:00:00	1400823	953477	2354300	0.68
2024-05-09 13:30:00	1486245	1016535	2502780	0.68
2024-05-09 14:00:00	1593960	1092698	2686658	0.69
2024-05-09 14:30:00	1734497	1178937	2913434	0.68
2024-05-09 15:00:00	1914846	1335164	3250010	0.7
2024-05-09 15:15:00	1925412	1390410	3315822	0.72
2024-05-08 09:00:00	245852	192475	438327	0.78
2024-05-08 09:30:00	386032	300794	686826	0.78
2024-05-08 10:00:00	537307	403741	941048	0.75
2024-05-08 10:30:00	641942	476263	1118205	0.74
2024-05-08 11:00:00	733368	590378	1323746	0.81
2024-05-08 11:30:00	803044	649345	1452389	0.81
2024-05-08 12:00:00	875315	711732	1587047	0.81
2024-05-08 12:30:00	961900	764902	1726802	0.8
2024-05-08 13:00:00	1027494	820541	1848035	0.8
2024-05-08 13:30:00	1111602	875371	1986973	0.79
2024-05-08 14:00:00	1194476	932576	2127052	0.78
2024-05-08 14:30:00	1286985	1005311	2292296	0.78
2024-05-08 15:00:00	1425521	1120655	2546176	0.79
2024-05-08 15:15:00	1431221	1129366	2560587	0.79
2024-05-07 09:00:00	331473	214150	545623	0.65
2024-05-07 09:30:00	491696	336812	828508	0.69
2024-05-07 10:00:00	650017	449527	1099544	0.69
2024-05-07 10:30:00	802983	535329	1338312	0.67
2024-05-07 11:00:00	903155	634286	1537441	0.7
2024-05-07 11:30:00	991882	697611	1689493	0.7
2024-05-07 12:00:00	1072476	781480	1853956	0.73
2024-05-07 12:30:00	1151888	841468	1993356	0.73
2024-05-07 13:00:00	1245231	928980	2174211	0.75
2024-05-07 13:30:00	1340526	1052129	2392655	0.78
2024-05-07 14:00:00	1424692	1129718	2554410	0.79
2024-05-07 14:30:00	1524222	1196009	2720231	0.78
2024-05-07 15:00:00	1656953	1311168	2968121	0.79
2024-05-07 15:15:00	1662348	1319746	2982094	0.79
2024-05-06 09:00:00	367164	916907	1284071	2.5
2024-05-06 09:30:00	582919	1448255	2031174	2.48
2024-05-06 10:00:00	738469	1600344	2338813	2.17
2024-05-06 10:30:00	869285	1704335	2573620	1.96
2024-05-06 11:00:00	970048	1779035	2749083	1.83
2024-05-06 11:30:00	1075641	1852505	2928146	1.72
2024-05-06 12:00:00	1159515	1913901	3073416	1.65
2024-05-06 12:30:00	1251346	2016832	3268178	1.61
2024-05-06 13:00:00	1357735	2085530	3443265	1.54
2024-05-06 13:30:00	1454545	2167116	3621661	1.49
2024-05-06 14:00:00	1546485	2290555	3837040	1.48
2024-05-06 14:30:00	1648851	2368869	4017720	1.44
2024-05-06 15:00:00	1823059	2512839	4335898	1.38
2024-05-06 15:15:00	1832237	2532837	4365074	1.38
2024-05-03 09:00:00	558123	326185	884308	0.58
2024-05-03 09:30:00	864162	595605	1459767	0.69
2024-05-03 10:00:00	1287253	988162	2275415	0.77
2024-05-03 10:30:00	1465862	1124250	2590112	0.77
2024-05-03 11:00:00	1633206	1255542	2888748	0.77
2024-05-03 11:30:00	1773736	1361416	3135152	0.77
2024-05-03 12:00:00	1903256	1472016	3375272	0.77
2024-05-03 12:30:00	2027296	1568022	3595318	0.77
2024-05-03 13:00:00	2151577	1655096	3806673	0.77
2024-05-03 13:30:00	2311540	1759351	4070891	0.76
2024-05-03 14:00:00	2452804	1857584	4310388	0.76
2024-05-03 14:30:00	2641219	2024967	4666186	0.77
2024-05-03 15:00:00	2875213	2185853	5061066	0.76
2024-05-03 15:15:00	2892305	2227949	5120254	0.77
2024-05-02 09:00:00	286662	193244	479906	0.67
2024-05-02 09:30:00	498274	426314	924588	0.86
2024-05-02 10:00:00	650593	563009	1213602	0.87
2024-05-02 10:30:00	771586	643091	1414677	0.83
2024-05-02 11:00:00	878016	704144	1582160	0.8
2024-05-02 11:30:00	964427	771987	1736414	0.8
2024-05-02 12:00:00	1045660	834198	1879858	0.8
2024-05-02 12:30:00	1156341	920281	2076622	0.8
2024-05-02 13:00:00	1278623	988225	2266848	0.77
2024-05-02 13:30:00	1398432	1093038	2491470	0.78
2024-05-02 14:00:00	1537534	1267032	2804566	0.82
2024-05-02 14:30:00	1675512	1370929	3046441	0.82
2024-05-02 15:00:00	1863934	1539153	3403087	0.83
2024-05-02 15:15:00	1872811	1551938	3424749	0.83
2024-05-01 09:00:00	294541	201405	495946	0.68
2024-05-01 09:30:00	478452	356617	835069	0.75
2024-05-01 10:00:00	622073	458869	1080942	0.74
2024-05-01 10:30:00	747484	559499	1306983	0.75
2024-05-01 11:00:00	851377	638412	1489789	0.75
2024-05-01 11:30:00	940265	736598	1676863	0.78
2024-05-01 12:00:00	1010482	790322	1800804	0.78
2024-05-01 12:30:00	1106225	867569	1973794	0.78
2024-05-01 13:00:00	1191545	934787	2126332	0.78
2024-05-01 13:30:00	1306067	1019539	2325606	0.78
2024-05-01 14:00:00	1521079	1161232	2682311	0.76
2024-05-01 14:30:00	1692054	1297478	2989532	0.77
2024-05-01 15:00:00	1895942	1794376	3690318	0.95
2024-05-01 15:15:00	1906159	1808290	3714449	0.95
2024-04-30 09:00:00	239085	161677	400762	0.68
2024-04-30 09:30:00	420452	276191	696643	0.66
2024-04-30 10:00:00	568687	372159	940846	0.65
2024-04-30 10:30:00	731762	487915	1219677	0.67
2024-04-30 11:00:00	853549	583799	1437348	0.68
2024-04-30 11:30:00	944022	712609	1656631	0.75
2024-04-30 12:00:00	1089643	802239	1891882	0.74
2024-04-30 12:30:00	1197746	881837	2079583	0.74
2024-04-30 13:00:00	1292321	931318	2223639	0.72
2024-04-30 13:30:00	1371973	989749	2361722	0.72
2024-04-30 14:00:00	1459480	1053955	2513435	0.72
2024-04-30 14:30:00	1567925	1139592	2707517	0.73
2024-04-30 15:00:00	1756776	1279593	3036369	0.73
2024-04-30 15:15:00	1769731	1294555	3064286	0.73
2024-04-29 09:00:00	335957	257172	593129	0.77
2024-04-29 09:30:00	534204	380898	915102	0.71
2024-04-29 10:00:00	737983	467908	1205891	0.63
2024-04-29 10:30:00	848602	546225	1394827	0.64
2024-04-29 11:00:00	961236	646171	1607407	0.67
2024-04-29 11:30:00	1079673	711063	1790736	0.66
2024-04-29 12:00:00	1167092	776898	1943990	0.67
2024-04-29 12:30:00	1245239	834502	2079741	0.67
2024-04-29 13:00:00	1325313	882365	2207678	0.67
2024-04-29 13:30:00	1404913	937175	2342088	0.67
2024-04-29 14:00:00	1496216	1007089	2503305	0.67
2024-04-29 14:30:00	1596830	1101848	2698678	0.69
2024-04-29 15:00:00	1729399	1187601	2917000	0.69
2024-04-29 15:15:00	1739511	1196416	2935927	0.69
2024-04-26 09:00:00	449877	306183	756060	0.68
2024-04-26 09:30:00	723951	518353	1242304	0.72
2024-04-26 10:00:00	901531	647103	1548634	0.72
2024-04-26 10:30:00	1110039	789449	1899488	0.71
2024-04-26 11:00:00	1261254	895750	2157004	0.71
2024-04-26 11:30:00	1388300	982146	2370446	0.71
2024-04-26 12:00:00	1520431	1074673	2595104	0.71
2024-04-26 12:30:00	1660757	1166363	2827120	0.7
2024-04-26 13:00:00	1794925	1431131	3226056	0.8
2024-04-26 13:30:00	1921583	1524133	3445716	0.79
2024-04-26 14:00:00	2047165	1632211	3679376	0.8
2024-04-26 14:30:00	2211544	1738375	3949919	0.79
2024-04-26 15:00:00	2456529	1896718	4353247	0.77
2024-04-26 15:15:00	2470189	1914326	4384515	0.77
2024-04-25 09:00:00	335677	253986	589663	0.76
2024-04-25 09:30:00	542043	432155	974198	0.8
2024-04-25 10:00:00	687880	561518	1249398	0.82
2024-04-25 10:30:00	800181	648942	1449123	0.81
2024-04-25 11:00:00	922315	709129	1631444	0.77
2024-04-25 11:30:00	1014505	772862	1787367	0.76
2024-04-25 12:00:00	1109311	843370	1952681	0.76
2024-04-25 12:30:00	1192473	904882	2097355	0.76
2024-04-25 13:00:00	1297480	981568	2279048	0.76
2024-04-25 13:30:00	1398883	1062276	2461159	0.76
2024-04-25 14:00:00	1504495	1148556	2653051	0.76
2024-04-25 14:30:00	1654746	1248955	2903701	0.75
2024-04-25 15:00:00	1834277	1424723	3259000	0.78
2024-04-25 15:15:00	1851811	1443701	3295512	0.78
2024-04-24 09:00:00	339935	272380	612315	0.8
2024-04-24 09:30:00	535627	412901	948528	0.77
2024-04-24 10:00:00	670369	523672	1194041	0.78
2024-04-24 10:30:00	781462	625832	1407294	0.8
2024-04-24 11:00:00	888729	704401	1593130	0.79
2024-04-24 11:30:00	984022	793270	1777292	0.81
2024-04-24 12:00:00	1060775	867327	1928102	0.82
2024-04-24 12:30:00	1147356	932170	2079526	0.81
2024-04-24 13:00:00	1237991	995961	2233952	0.8
2024-04-24 13:30:00	1313378	1056263	2369641	0.8
2024-04-24 14:00:00	1412375	1141392	2553767	0.81
2024-04-24 14:30:00	1528288	1222628	2750916	0.8
2024-04-24 15:00:00	1699870	1334202	3034072	0.78
2024-04-24 15:15:00	1717526	1351934	3069460	0.79
2024-04-23 09:00:00	279766	201466	481232	0.72
2024-04-23 09:30:00	503645	330318	833963	0.66
2024-04-23 10:00:00	681020	470594	1151614	0.69
2024-04-23 10:30:00	809967	588289	1398256	0.73
2024-04-23 11:00:00	941031	660619	1601650	0.7
2024-04-23 11:30:00	1039052	731535	1770587	0.7
2024-04-23 12:00:00	1136305	807665	1943970	0.71
2024-04-23 12:30:00	1225080	906927	2132007	0.74
2024-04-23 13:00:00	1306663	1000638	2307301	0.77
2024-04-23 13:30:00	1402089	1085993	2488082	0.77
2024-04-23 14:00:00	1484699	1163740	2648439	0.78
2024-04-23 14:30:00	1578660	1247363	2826023	0.79
2024-04-23 15:00:00	1758539	1379084	3137623	0.78
2024-04-23 15:15:00	1766073	1402410	3168483	0.79
2024-04-22 09:00:00	312797	222239	535036	0.71
2024-04-22 09:30:00	511831	366124	877955	0.72
2024-04-22 10:00:00	671711	472748	1144459	0.7
2024-04-22 10:30:00	859279	659952	1519231	0.77
2024-04-22 11:00:00	979730	738751	1718481	0.75
2024-04-22 11:30:00	1092701	811799	1904500	0.74
2024-04-22 12:00:00	1188476	908363	2096839	0.76
2024-04-22 12:30:00	1311697	989325	2301022	0.75
2024-04-22 13:00:00	1448085	1099116	2547201	0.76
2024-04-22 13:30:00	1568412	1175034	2743446	0.75
2024-04-22 14:00:00	1682457	1253666	2936123	0.75
2024-04-22 14:30:00	1780609	1325122	3105731	0.74
2024-04-22 15:00:00	1925910	1436827	3362737	0.75
2024-04-22 15:15:00	1934970	1448343	3383313	0.75
2024-04-19 09:00:00	305519	270343	575862	0.88
2024-04-19 09:30:00	628519	508035	1136554	0.81
2024-04-19 10:00:00	825314	674892	1500206	0.82
2024-04-19 10:30:00	975725	793054	1768779	0.81
2024-04-19 11:00:00	1107079	911342	2018421	0.82
2024-04-19 11:30:00	1337227	1162157	2499384	0.87
2024-04-19 12:00:00	1500081	1319359	2819440	0.88
2024-04-19 12:30:00	1638425	1428219	3066644	0.87
2024-04-19 13:00:00	1799401	1547136	3346537	0.86
2024-04-19 13:30:00	1925808	1687221	3613029	0.88
2024-04-19 14:00:00	2108161	1857713	3965874	0.88
2024-04-19 14:30:00	2280027	2025808	4305835	0.89
2024-04-19 15:00:00	2493372	2277520	4770892	0.91
2024-04-19 15:15:00	2514815	2325430	4840245	0.92
2024-04-18 09:00:00	282398	199831	482229	0.71
2024-04-18 09:30:00	456310	366075	822385	0.8
2024-04-18 10:00:00	625232	498345	1123577	0.8
2024-04-18 10:30:00	760208	593979	1354187	0.78
2024-04-18 11:00:00	1096805	911264	2008069	0.83
2024-04-18 11:30:00	1187284	980936	2168220	0.83
2024-04-18 12:00:00	1298842	1071391	2370233	0.82
2024-04-18 12:30:00	1414627	1174882	2589509	0.83
2024-04-18 13:00:00	1504193	1249443	2753636	0.83
2024-04-18 13:30:00	1598351	1324903	2923254	0.83
2024-04-18 14:00:00	1688968	1408346	3097314	0.83
2024-04-18 14:30:00	1786656	1480897	3267553	0.83
2024-04-18 15:00:00	1938694	1608752	3547446	0.83
2024-04-18 15:15:00	1961373	1628796	3590169	0.83
2024-04-17 09:00:00	238365	162843	401208	0.68
2024-04-17 09:30:00	395884	300356	696240	0.76
2024-04-17 10:00:00	522304	408937	931241	0.78
2024-04-17 10:30:00	634007	509811	1143818	0.8
2024-04-17 11:00:00	750517	641177	1391694	0.85
2024-04-17 11:30:00	889568	792834	1682402	0.89
2024-04-17 12:00:00	1015711	957565	1973276	0.94
2024-04-17 12:30:00	1137187	1071484	2208671	0.94
2024-04-17 13:00:00	1231682	1150493	2382175	0.93
2024-04-17 13:30:00	1334528	1215781	2550309	0.91
2024-04-17 14:00:00	1424534	1301653	2726187	0.91
2024-04-17 14:30:00	1543807	1386154	2929961	0.9
2024-04-17 15:00:00	1679711	2180544	3860255	1.3
2024-04-17 15:15:00	1693106	2551664	4244770	1.51
2024-04-16 09:00:00	723627	253659	977286	0.35
2024-04-16 09:30:00	915365	391595	1306960	0.43
2024-04-16 10:00:00	1051566	505350	1556916	0.48
2024-04-16 10:30:00	1158927	596159	1755086	0.51
2024-04-16 11:00:00	1255067	686254	1941321	0.55
2024-04-16 11:30:00	1336202	749915	2086117	0.56
2024-04-16 12:00:00	1407757	818159	2225916	0.58
2024-04-16 12:30:00	1503274	887426	2390700	0.59
2024-04-16 13:00:00	1601107	972452	2573559	0.61
2024-04-16 13:30:00	1692402	1067858	2760260	0.63
2024-04-16 14:00:00	1769119	1139960	2909079	0.64
2024-04-16 14:30:00	1857600	1208800	3066400	0.65
2024-04-16 15:00:00	1978697	1331273	3309970	0.67
2024-04-16 15:15:00	1990465	1344653	3335118	0.68
2024-04-15 09:00:00	316437	221534	537971	0.7
2024-04-15 09:30:00	517898	392132	910030	0.76
2024-04-15 10:00:00	648935	495150	1144085	0.76
2024-04-15 10:30:00	756260	575995	1332255	0.76
2024-04-15 11:00:00	851425	631664	1483089	0.74
2024-04-15 11:30:00	924309	684274	1608583	0.74
2024-04-15 12:00:00	1019785	764815	1784600	0.75
2024-04-15 12:30:00	1136659	867016	2003675	0.76
2024-04-15 13:00:00	1301755	1032002	2333757	0.79
2024-04-15 13:30:00	1404041	1131536	2535577	0.81
2024-04-15 14:00:00	1502911	1222004	2724915	0.81
2024-04-15 14:30:00	1632903	1345184	2978087	0.82
2024-04-15 15:00:00	1795958	1498240	3294198	0.83
2024-04-15 15:15:00	1805449	1515625	3321074	0.84
2024-04-12 09:00:00	471079	306073	777152	0.65
2024-04-12 09:30:00	752043	516536	1268579	0.69
2024-04-12 10:00:00	969577	716559	1686136	0.74
2024-04-12 10:30:00	1168078	844985	2013063	0.72
2024-04-12 11:00:00	1326351	953208	2279559	0.72
2024-04-12 11:30:00	1511386	1071647	2583033	0.71
2024-04-12 12:00:00	1701417	1239156	2940573	0.73
2024-04-12 12:30:00	1899264	1399063	3298327	0.74
2024-04-12 13:00:00	2055939	1536423	3592362	0.75
2024-04-12 13:30:00	2178861	1645807	3824668	0.76
2024-04-12 14:00:00	2327956	1767632	4095588	0.76
2024-04-12 14:30:00	2506574	1963486	4470060	0.78
2024-04-12 15:00:00	2766616	2211528	4978144	0.8
2024-04-12 15:15:00	2791569	2234927	5026496	0.8
2024-04-11 09:00:00	255678	153509	409187	0.6
2024-04-11 09:30:00	422508	294216	716724	0.7
2024-04-11 10:00:00	557790	406212	964002	0.73
2024-04-11 10:30:00	656332	486403	1142735	0.74
2024-04-11 11:00:00	755230	563056	1318286	0.75
2024-04-11 11:30:00	843372	639119	1482491	0.76
2024-04-11 12:00:00	921720	710870	1632590	0.77
2024-04-11 12:30:00	1037835	810143	1847978	0.78
2024-04-11 13:00:00	1152494	906412	2058906	0.79
2024-04-11 13:30:00	1296711	1011687	2308398	0.78
2024-04-11 14:00:00	1430305	1114322	2544627	0.78
2024-04-11 14:30:00	1544621	1230406	2775027	0.8
2024-04-11 15:00:00	1729207	1370032	3099239	0.79
2024-04-11 15:15:00	1739944	1383657	3123601	0.8
2024-04-10 09:00:00	356033	311316	667349	0.87
2024-04-10 09:30:00	567044	480661	1047705	0.85
2024-04-10 10:00:00	719803	629152	1348955	0.87
2024-04-10 10:30:00	828996	733314	1562310	0.88
2024-04-10 11:00:00	1156826	1048919	2205745	0.91
2024-04-10 11:30:00	1261444	1118092	2379536	0.89
2024-04-10 12:00:00	1343779	1209851	2553630	0.9
2024-04-10 12:30:00	1482417	1405757	2888174	0.95
2024-04-10 13:00:00	1608887	1539569	3148456	0.96
2024-04-10 13:30:00	1697245	1612405	3309650	0.95
2024-04-10 14:00:00	1781680	1692425	3474105	0.95
2024-04-10 14:30:00	1903262	1832058	3735320	0.96
2024-04-10 15:00:00	2045084	1958785	4003869	0.96
2024-04-10 15:15:00	2066628	1984991	4051619	0.96
2024-04-09 09:00:00	274841	162690	437531	0.59
2024-04-09 09:30:00	452521	264545	717066	0.58
2024-04-09 10:00:00	622432	403378	1025810	0.65
2024-04-09 10:30:00	728479	475992	1204471	0.65
2024-04-09 11:00:00	842761	549174	1391935	0.65
2024-04-09 11:30:00	913373	598777	1512150	0.66
2024-04-09 12:00:00	969576	646106	1615682	0.67
2024-04-09 12:30:00	1028868	693883	1722751	0.67
2024-04-09 13:00:00	1081667	739444	1821111	0.68
2024-04-09 13:30:00	1151106	785657	1936763	0.68
2024-04-09 14:00:00	1217062	840728	2057790	0.69
2024-04-09 14:30:00	1328332	1002411	2330743	0.75
2024-04-09 15:00:00	1457919	1147557	2605476	0.79
2024-04-09 15:15:00	1475408	1182381	2657789	0.8
2024-04-08 09:00:00	319994	212976	532970	0.67
2024-04-08 09:30:00	472174	314599	786773	0.67
2024-04-08 10:00:00	607844	402990	1010834	0.66
2024-04-08 10:30:00	708975	476053	1185028	0.67
2024-04-08 11:00:00	805472	554336	1359808	0.69
2024-04-08 11:30:00	892148	679981	1572129	0.76
2024-04-08 12:00:00	960081	751679	1711760	0.78
2024-04-08 12:30:00	1020345	789402	1809747	0.77
2024-04-08 13:00:00	1087670	834456	1922126	0.77
2024-04-08 13:30:00	1151558	890438	2041996	0.77
2024-04-08 14:00:00	1212761	940367	2153128	0.78
2024-04-08 14:30:00	1286876	989225	2276101	0.77
2024-04-08 15:00:00	1392664	1083508	2476172	0.78
2024-04-08 15:15:00	1401543	1094343	2495886	0.78
2024-04-05 09:00:00	383687	270866	654553	0.71
2024-04-05 09:30:00	624984	479925	1104909	0.77
2024-04-05 10:00:00	799364	635483	1434847	0.79
2024-04-05 10:30:00	988188	798833	1787021	0.81
2024-04-05 11:00:00	1163113	938067	2101180	0.81
2024-04-05 11:30:00	1313671	1066005	2379676	0.81
2024-04-05 12:00:00	1432901	1164970	2597871	0.81
2024-04-05 12:30:00	1587401	1296041	2883442	0.82
2024-04-05 13:00:00	1705016	1552349	3257365	0.91
2024-04-05 13:30:00	1812965	1679928	3492893	0.93
2024-04-05 14:00:00	1923198	1797098	3720296	0.93
2024-04-05 14:30:00	2032971	1916756	3949727	0.94
2024-04-05 15:00:00	2232793	2097886	4330679	0.94
2024-04-05 15:15:00	2249602	2121677	4371279	0.94
2024-04-04 09:00:00	336081	190985	527066	0.57
2024-04-04 09:30:00	507588	307505	815093	0.61
2024-04-04 10:00:00	638794	414574	1053368	0.65
2024-04-04 10:30:00	741695	505042	1246737	0.68
2024-04-04 11:00:00	853086	598011	1451097	0.7
2024-04-04 11:30:00	971931	678501	1650432	0.7
2024-04-04 12:00:00	1063546	746790	1810336	0.7
2024-04-04 12:30:00	1144270	802927	1947197	0.7
2024-04-04 13:00:00	1234459	873479	2107938	0.71
2024-04-04 13:30:00	1389395	1008744	2398139	0.73
2024-04-04 14:00:00	1603608	1195459	2799067	0.75
2024-04-04 14:30:00	1808119	1429439	3237558	0.79
2024-04-04 15:00:00	2082399	1724734	3807133	0.83
2024-04-04 15:15:00	2095655	1745721	3841376	0.83
2024-04-03 09:00:00	231086	164543	395629	0.71
2024-04-03 09:30:00	425714	295381	721095	0.69
2024-04-03 10:00:00	575057	403810	978867	0.7
2024-04-03 10:30:00	724560	481369	1205929	0.66
2024-04-03 11:00:00	831275	547604	1378879	0.66
2024-04-03 11:30:00	923530	615169	1538699	0.67
2024-04-03 12:00:00	1011675	682404	1694079	0.67
2024-04-03 12:30:00	1088478	728502	1816980	0.67
2024-04-03 13:00:00	1216296	774005	1990301	0.64
2024-04-03 13:30:00	1311936	836037	2147973	0.64
2024-04-03 14:00:00	1401161	901086	2302247	0.64
2024-04-03 14:30:00	1553701	1004901	2558602	0.65
2024-04-03 15:00:00	1703713	1437807	3141520	0.84
2024-04-03 15:15:00	1714505	1450312	3164817	0.85
2024-04-02 09:00:00	364672	262768	627440	0.72
2024-04-02 09:30:00	571356	408354	979710	0.71
2024-04-02 10:00:00	726101	494032	1220133	0.68
2024-04-02 10:30:00	827394	572058	1399452	0.69
2024-04-02 11:00:00	917701	636420	1554121	0.69
2024-04-02 11:30:00	1000201	701001	1701202	0.7
2024-04-02 12:00:00	1086342	757016	1843358	0.7
2024-04-02 12:30:00	1171941	817749	1989690	0.7
2024-04-02 13:00:00	1232895	869406	2102301	0.71
2024-04-02 13:30:00	1331444	909729	2241173	0.68
2024-04-02 14:00:00	1406132	966722	2372854	0.69
2024-04-02 14:30:00	1496607	1036338	2532945	0.69
2024-04-02 15:00:00	1654058	1143265	2797323	0.69
2024-04-02 15:15:00	1668744	1157950	2826694	0.69
2024-04-01 09:00:00	310932	197314	508246	0.63
2024-04-01 09:30:00	506235	348559	854794	0.69
2024-04-01 10:00:00	651425	495795	1147220	0.76
2024-04-01 10:30:00	773244	611314	1384558	0.79
2024-04-01 11:00:00	887606	703522	1591128	0.79
2024-04-01 11:30:00	972887	764528	1737415	0.79
2024-04-01 12:00:00	1068593	822323	1890916	0.77
2024-04-01 12:30:00	1145427	892792	2038219	0.78
2024-04-01 13:00:00	1211990	937959	2149949	0.77
2024-04-01 13:30:00	1277296	982333	2259629	0.77
2024-04-01 14:00:00	1345278	1029622	2374900	0.77
2024-04-01 14:30:00	1424336	1092307	2516643	0.77
2024-04-01 15:00:00	1544390	1184561	2728951	0.77
2024-04-01 15:15:00	1554184	1195644	2749828	0.77
2024-03-28 09:00:00	193425	176663	370088	0.91
2024-03-28 09:30:00	375447	312403	687850	0.83
2024-03-28 10:00:00	490840	476113	966953	0.97
2024-03-28 10:30:00	614790	865350	1480140	1.41
2024-03-28 11:00:00	698458	1239259	1937717	1.77
2024-03-28 11:30:00	783439	1463665	2247104	1.87
2024-03-28 12:00:00	859735	1822074	2681809	2.12
2024-03-28 12:30:00	934384	1869992	2804376	2.0
2024-03-28 13:00:00	1051496	2122209	3173705	2.02
2024-03-28 13:30:00	1135627	2179168	3314795	1.92
2024-03-28 14:00:00	1217207	2234352	3451559	1.84
2024-03-28 14:30:00	1332513	2312834	3645347	1.74
2024-03-28 15:00:00	1494408	2458051	3952459	1.64
2024-03-28 15:15:00	1508788	2524011	4032799	1.67
2024-03-28 09:00:00	342264	278148	620412	0.81
2024-03-28 09:30:00	610977	482364	1093341	0.79
2024-03-28 10:00:00	784707	685610	1470317	0.87
2024-03-28 10:30:00	964724	1106921	2071645	1.15
2024-03-28 11:00:00	1092975	1508429	2601404	1.38
2024-03-28 11:30:00	1211688	1757843	2969531	1.45
2024-03-28 12:00:00	1325234	2138793	3464027	1.61
2024-03-28 12:30:00	1434766	2207790	3642556	1.54
2024-03-28 13:00:00	1621495	2479752	4101247	1.53
2024-03-28 13:30:00	1738213	2558048	4296261	1.47
2024-03-28 14:00:00	1865832	2650943	4516775	1.42
2024-03-28 14:30:00	2040765	2776651	4817416	1.36
2024-03-28 15:00:00	2268290	2971644	5239934	1.31
2024-03-28 15:15:00	2286159	3041201	5327360	1.33
2024-03-27 09:00:00	305384	196100	501484	0.64
2024-03-27 09:30:00	499337	373573	872910	0.75
2024-03-27 10:00:00	626825	486083	1112908	0.78
2024-03-27 10:30:00	745788	583431	1329219	0.78
2024-03-27 11:00:00	842008	650432	1492440	0.77
2024-03-27 11:30:00	941871	719025	1660896	0.76
2024-03-27 12:00:00	1064528	866430	1930958	0.81
2024-03-27 12:30:00	1136729	923189	2059918	0.81
2024-03-27 13:00:00	1224814	982248	2207062	0.8
2024-03-27 13:30:00	1315685	1046158	2361843	0.8
2024-03-27 14:00:00	1407211	1106985	2514196	0.79
2024-03-27 14:30:00	1511063	1189428	2700491	0.79
2024-03-27 15:00:00	1699044	1331120	3030164	0.78
2024-03-27 15:15:00	1718936	1350572	3069508	0.79
2024-03-26 09:00:00	260964	161843	422807	0.62
2024-03-26 09:30:00	421554	272267	693821	0.65
2024-03-26 10:00:00	544113	351755	895868	0.65
2024-03-26 10:30:00	653759	420135	1073894	0.64
2024-03-26 11:00:00	747179	483403	1230582	0.65
2024-03-26 11:30:00	845198	548207	1393405	0.65
2024-03-26 12:00:00	946275	601593	1547868	0.64
2024-03-26 12:30:00	1022049	681657	1703706	0.67
2024-03-26 13:00:00	1097630	734609	1832239	0.67
2024-03-26 13:30:00	1167480	850485	2017965	0.73
2024-03-26 14:00:00	1241209	903275	2144484	0.73
2024-03-26 14:30:00	1328488	972540	2301028	0.73
2024-03-26 15:00:00	1532328	1123141	2655469	0.73
2024-03-26 15:15:00	1545597	1138612	2684209	0.74
2024-03-25 09:00:00	303120	205189	508309	0.68
2024-03-25 09:30:00	500717	342845	843562	0.68
2024-03-25 10:00:00	617793	442142	1059935	0.72
2024-03-25 10:30:00	736137	534144	1270281	0.73
2024-03-25 11:00:00	824589	620191	1444780	0.75
2024-03-25 11:30:00	905131	679162	1584293	0.75
2024-03-25 12:00:00	981016	733250	1714266	0.75
2024-03-25 12:30:00	1048343	781720	1830063	0.75
2024-03-25 13:00:00	1104945	841867	1946812	0.76
2024-03-25 13:30:00	1172067	902794	2074861	0.77
2024-03-25 14:00:00	1239676	963402	2203078	0.78
2024-03-25 14:30:00	1318596	1025890	2344486	0.78
2024-03-25 15:00:00	1446176	1155721	2601897	0.8
2024-03-25 15:15:00	1459180	1173907	2633087	0.8
2024-03-22 09:00:00	348475	259966	608441	0.75
2024-03-22 09:30:00	566402	435726	1002128	0.77
2024-03-22 10:00:00	706459	561591	1268050	0.79
2024-03-22 10:30:00	838868	747637	1586505	0.89
2024-03-22 11:00:00	959426	1739556	2698982	1.81
2024-03-22 11:30:00	1077309	1835785	2913094	1.7
2024-03-22 12:00:00	1182791	1923065	3105856	1.63
2024-03-22 12:30:00	1302199	2019542	3321741	1.55
2024-03-22 13:00:00	1407041	2109898	3516939	1.5
2024-03-22 13:30:00	1604197	2201174	3805371	1.37
2024-03-22 14:00:00	1711882	2295115	4006997	1.34
2024-03-22 14:30:00	1864448	2456378	4320826	1.32
2024-03-22 15:00:00	2081000	2616193	4697193	1.26
2024-03-22 15:15:00	2108052	2647256	4755308	1.26
2024-03-21 09:00:00	407647	324007	731654	0.79
2024-03-21 09:30:00	661398	474682	1136080	0.72
2024-03-21 10:00:00	859164	604884	1464048	0.7
2024-03-21 10:30:00	1030808	788806	1819614	0.77
2024-03-21 11:00:00	1171726	895622	2067348	0.76
2024-03-21 11:30:00	1288304	994363	2282667	0.77
2024-03-21 12:00:00	1378006	1077551	2455557	0.78
2024-03-21 12:30:00	1474057	1172206	2646263	0.8
2024-03-21 13:00:00	1610526	1254181	2864707	0.78
2024-03-21 13:30:00	1714139	1324005	3038144	0.77
2024-03-21 14:00:00	1811744	1429049	3240793	0.79
2024-03-21 14:30:00	1913230	1503439	3416669	0.79
2024-03-21 15:00:00	2059208	1677281	3736489	0.81
2024-03-21 15:15:00	2068014	1696613	3764627	0.82
2024-03-20 09:00:00	188572	117823	306395	0.62
2024-03-20 09:30:00	339160	205143	544303	0.6
2024-03-20 10:00:00	446681	275407	722088	0.62
2024-03-20 10:30:00	555568	340757	896325	0.61
2024-03-20 11:00:00	623231	398075	1021306	0.64
2024-03-20 11:30:00	694651	446301	1140952	0.64
2024-03-20 12:00:00	754929	492239	1247168	0.65
2024-03-20 12:30:00	817716	537779	1355495	0.66
2024-03-20 13:00:00	885152	590146	1475298	0.67
2024-03-20 13:30:00	1026447	752850	1779297	0.73
2024-03-20 14:00:00	1201615	1003183	2204798	0.83
2024-03-20 14:30:00	1386978	1160605	2547583	0.84
2024-03-20 15:00:00	1622385	1443358	3065743	0.89
2024-03-20 15:15:00	1640909	1469391	3110300	0.9
2024-03-19 09:00:00	249572	189538	439110	0.76
2024-03-19 09:30:00	391997	288459	680456	0.74
2024-03-19 10:00:00	507370	373176	880546	0.74
2024-03-19 10:30:00	585572	435412	1020984	0.74
2024-03-19 11:00:00	679542	525253	1204795	0.77
2024-03-19 11:30:00	772358	586590	1358948	0.76
2024-03-19 12:00:00	865257	655590	1520847	0.76
2024-03-19 12:30:00	936839	722799	1659638	0.77
2024-03-19 13:00:00	1003732	780365	1784097	0.78
2024-03-19 13:30:00	1066357	833745	1900102	0.78
2024-03-19 14:00:00	1135390	879943	2015333	0.78
2024-03-19 14:30:00	1203855	939295	2143150	0.78
2024-03-19 15:00:00	1310271	1025972	2336243	0.78
2024-03-19 15:15:00	1322015	1057666	2379681	0.8
2024-03-18 09:00:00	329993	235795	565788	0.71
2024-03-18 09:30:00	532547	386949	919496	0.73
2024-03-18 10:00:00	671168	489788	1160956	0.73
2024-03-18 10:30:00	794217	571507	1365724	0.72
2024-03-18 11:00:00	891542	643236	1534778	0.72
2024-03-18 11:30:00	973770	721588	1695358	0.74
2024-03-18 12:00:00	1049139	780753	1829892	0.74
2024-03-18 12:30:00	1116044	839414	1955458	0.75
2024-03-18 13:00:00	1181934	894430	2076364	0.76
2024-03-18 13:30:00	1264466	941957	2206423	0.74
2024-03-18 14:00:00	1338590	1003984	2342574	0.75
2024-03-18 14:30:00	1429465	1056672	2486137	0.74
2024-03-18 15:00:00	1551315	1151956	2703271	0.74
2024-03-18 15:15:00	1564109	1167017	2731126	0.75
2024-03-15 09:00:00	328535	262953	591488	0.8
2024-03-15 09:30:00	561429	473922	1035351	0.84
2024-03-15 10:00:00	766015	616242	1382257	0.8
2024-03-15 10:30:00	954876	723020	1677896	0.76
2024-03-15 11:00:00	1091368	815717	1907085	0.75
2024-03-15 11:30:00	1243567	983715	2227282	0.79
2024-03-15 12:00:00	1379272	1093431	2472703	0.79
2024-03-15 12:30:00	1514300	1192813	2707113	0.79
2024-03-15 13:00:00	1697092	1279334	2976426	0.75
2024-03-15 13:30:00	1820986	1416106	3237092	0.78
2024-03-15 14:00:00	2018413	1523289	3541702	0.75
2024-03-15 14:30:00	2219046	1673156	3892202	0.75
2024-03-15 15:00:00	2463118	1862152	4325270	0.76
2024-03-15 15:15:00	2478801	1881542	4360343	0.76
2024-03-14 09:00:00	326160	199778	525938	0.61
2024-03-14 09:30:00	526761	343301	870062	0.65
2024-03-14 10:00:00	672600	461871	1134471	0.69
2024-03-14 10:30:00	814632	550694	1365326	0.68
2024-03-14 11:00:00	919783	632001	1551784	0.69
2024-03-14 11:30:00	1047935	719906	1767841	0.69
2024-03-14 12:00:00	1137307	782270	1919577	0.69
2024-03-14 12:30:00	1243721	862263	2105984	0.69
2024-03-14 13:00:00	1345722	959687	2305409	0.71
2024-03-14 13:30:00	1436152	1022500	2458652	0.71
2024-03-14 14:00:00	1535436	1096540	2631976	0.71
2024-03-14 14:30:00	1679657	1214941	2894598	0.72
2024-03-14 15:00:00	1868309	1361977	3230286	0.73
2024-03-14 15:15:00	1877374	1392027	3269401	0.74
2024-03-13 09:00:00	285425	184616	470041	0.65
2024-03-13 09:30:00	519268	310540	829808	0.6
2024-03-13 10:00:00	658688	420870	1079558	0.64
2024-03-13 10:30:00	783315	497105	1280420	0.63
2024-03-13 11:00:00	881085	586496	1467581	0.67
2024-03-13 11:30:00	965306	633284	1598590	0.66
2024-03-13 12:00:00	1049543	685823	1735366	0.65
2024-03-13 12:30:00	1146266	741792	1888058	0.65
2024-03-13 13:00:00	1231820	824051	2055871	0.67
2024-03-13 13:30:00	1315210	870782	2185992	0.66
2024-03-13 14:00:00	1413610	928846	2342456	0.66
2024-03-13 14:30:00	1536336	1025660	2561996	0.67
2024-03-13 15:00:00	1704701	1135070	2839771	0.67
2024-03-13 15:15:00	1711718	1142582	2854300	0.67
2024-03-12 09:00:00	257531	284190	541721	1.1
2024-03-12 09:30:00	443278	426331	869609	0.96
2024-03-12 10:00:00	611127	552899	1164026	0.9
2024-03-12 10:30:00	749534	690368	1439902	0.92
2024-03-12 11:00:00	882418	776110	1658528	0.88
2024-03-12 11:30:00	974939	845351	1820290	0.87
2024-03-12 12:00:00	1069620	918044	1987664	0.86
2024-03-12 12:30:00	1170038	995301	2165339	0.85
2024-03-12 13:00:00	1244396	1048089	2292485	0.84
2024-03-12 13:30:00	1313560	1116439	2429999	0.85
2024-03-12 14:00:00	1396326	1291953	2688279	0.93
2024-03-12 14:30:00	1551665	1367623	2919288	0.88
2024-03-12 15:00:00	1680025	1463599	3143624	0.87
2024-03-12 15:15:00	1687310	1499147	3186457	0.89
2024-03-11 09:00:00	325039	232957	557996	0.72
2024-03-11 09:30:00	498873	373755	872628	0.75
2024-03-11 10:00:00	677725	488648	1166373	0.72
2024-03-11 10:30:00	818664	569067	1387731	0.7
2024-03-11 11:00:00	913786	644432	1558218	0.71
2024-03-11 11:30:00	1001771	714441	1716212	0.71
2024-03-11 12:00:00	1082622	768984	1851606	0.71
2024-03-11 12:30:00	1173310	838144	2011454	0.71
2024-03-11 13:00:00	1261427	886110	2147537	0.7
2024-03-11 13:30:00	1338257	944209	2282466	0.71
2024-03-11 14:00:00	1409827	1013902	2423729	0.72
2024-03-11 14:30:00	1510651	1176407	2687058	0.78
2024-03-11 15:00:00	1657316	1310226	2967542	0.79
2024-03-11 15:15:00	1667615	1321416	2989031	0.79
2024-03-08 09:00:00	463097	272376	735473	0.59
2024-03-08 09:30:00	807171	481466	1288637	0.6
2024-03-08 10:00:00	1138183	656369	1794552	0.58
2024-03-08 10:30:00	1413427	855891	2269318	0.61
2024-03-08 11:00:00	1634597	1057617	2692214	0.65
2024-03-08 11:30:00	1793489	1167320	2960809	0.65
2024-03-08 12:00:00	1948432	1273128	3221560	0.65
2024-03-08 12:30:00	2131479	1387985	3519464	0.65
2024-03-08 13:00:00	2289000	1518975	3807975	0.66
2024-03-08 13:30:00	2446731	1621193	4067924	0.66
2024-03-08 14:00:00	2606306	1727879	4334185	0.66
2024-03-08 14:30:00	2767865	1851741	4619606	0.67
2024-03-08 15:00:00	2978353	2122536	5100889	0.71
2024-03-08 15:15:00	2992887	2151511	5144398	0.72
2024-03-07 09:00:00	392002	255430	647432	0.65
2024-03-07 09:30:00	638352	436378	1074730	0.68
2024-03-07 10:00:00	850909	591323	1442232	0.69
2024-03-07 10:30:00	1004130	704657	1708787	0.7
2024-03-07 11:00:00	1144175	797419	1941594	0.7
2024-03-07 11:30:00	1144155	738268	1882423	0.65
2024-03-07 12:00:00	1243727	810665	2054392	0.65
2024-03-07 12:30:00	1359581	884999	2244580	0.65
2024-03-07 13:00:00	1489192	959955	2449147	0.64
2024-03-07 13:30:00	1616308	1033836	2650144	0.64
2024-03-07 14:00:00	1727609	1100253	2827862	0.64
2024-03-07 14:30:00	1835005	1180418	3015423	0.64
2024-03-07 15:00:00	2010138	1419198	3429336	0.71
2024-03-07 15:15:00	2020384	1461451	3481835	0.72
2024-03-06 09:00:00	392188	243571	635759	0.62
2024-03-06 09:30:00	620649	430925	1051574	0.69
2024-03-06 10:00:00	791393	549734	1341127	0.69
2024-03-06 10:30:00	958504	658729	1617233	0.69
2024-03-06 11:00:00	1099477	758992	1858469	0.69
2024-03-06 11:30:00	1233869	853469	2087338	0.69
2024-03-06 12:00:00	1346862	945673	2292535	0.7
2024-03-06 12:30:00	1459541	1018611	2478152	0.7
2024-03-06 13:00:00	1613820	1152307	2766127	0.71
2024-03-06 13:30:00	1504602	977763	2482365	0.65
2024-03-06 14:00:00	1583799	1039202	2623001	0.66
2024-03-06 14:30:00	1668221	1447623	3115844	0.87
2024-03-06 15:00:00	1811122	1685910	3497032	0.93
2024-03-06 15:15:00	1817891	1696340	3514231	0.93
2024-03-05 09:00:00	332339	280762	613101	0.84
2024-03-05 09:30:00	588415	516864	1105279	0.88
2024-03-05 10:00:00	789097	677654	1466751	0.86
2024-03-05 10:30:00	931030	783565	1714595	0.84
2024-03-05 11:00:00	1060326	886183	1946509	0.84
2024-03-05 11:30:00	1183124	977117	2160241	0.83
2024-03-05 12:00:00	1280889	1045964	2326853	0.82
2024-03-05 12:30:00	1377769	1109771	2487540	0.81
2024-03-05 13:00:00	1510371	1239892	2750263	0.82
2024-03-05 13:30:00	1607809	1338713	2946522	0.83
2024-03-05 14:00:00	1763021	1472494	3235515	0.84
2024-03-05 14:30:00	1902369	1608672	3511041	0.85
2024-03-05 15:00:00	2134952	1857952	3992904	0.87
2024-03-05 15:15:00	2153086	1874690	4027776	0.87
2024-03-04 09:00:00	436396	285589	721985	0.65
2024-03-04 09:30:00	686340	487344	1173684	0.71
2024-03-04 10:00:00	888761	636275	1525036	0.72
2024-03-04 10:30:00	1117402	769029	1886431	0.69
2024-03-04 11:00:00	1279908	883099	2163007	0.69
2024-03-04 11:30:00	1412924	974979	2387903	0.69
2024-03-04 12:00:00	1734864	1263770	2998634	0.73
2024-03-04 12:30:00	1851640	1375818	3227458	0.74
2024-03-04 13:00:00	2140481	1450634	3591115	0.68
2024-03-04 13:30:00	2241910	1535884	3777794	0.69
2024-03-04 14:00:00	2408816	1647881	4056697	0.68
2024-03-04 14:30:00	2531601	1750238	4281839	0.69
2024-03-04 15:00:00	2734778	1913104	4647882	0.7
2024-03-04 15:15:00	2748293	1932954	4681247	0.7
2024-03-01 09:00:00	419740	259885	679625	0.62
2024-03-01 09:30:00	700144	467737	1167881	0.67
2024-03-01 10:00:00	921586	644059	1565645	0.7
2024-03-01 10:30:00	1167722	827211	1994933	0.71
2024-03-01 11:00:00	1326865	963744	2290609	0.73
2024-03-01 11:30:00	1478689	1088022	2566711	0.74
2024-03-01 12:00:00	1630888	1212880	2843768	0.74
2024-03-01 12:30:00	1782422	1329102	3111524	0.75
2024-03-01 13:00:00	1966225	1447198	3413423	0.74
2024-03-01 13:30:00	2142799	1880709	4023508	0.88
2024-03-01 14:00:00	2347688	2017576	4365264	0.86
2024-03-01 14:30:00	2530742	2150104	4680846	0.85
2024-03-01 15:00:00	2756952	2373063	5130015	0.86
2024-03-01 15:15:00	2778197	2400486	5178683	0.86
2024-02-29 09:00:00	373772	280900	654672	0.75
2024-02-29 09:30:00	650666	481093	1131759	0.74
2024-02-29 10:00:00	851293	654086	1505379	0.77
2024-02-29 10:30:00	981162	748564	1729726	0.76
2024-02-29 11:00:00	1192395	892590	2084985	0.75
2024-02-29 11:30:00	1292899	968806	2261705	0.75
2024-02-29 12:00:00	1393186	1037265	2430451	0.74
2024-02-29 12:30:00	1514687	1119587	2634274	0.74
2024-02-29 13:00:00	1614551	1186547	2801098	0.73
2024-02-29 13:30:00	1512920	1058952	2571872	0.7
2024-02-29 14:00:00	1607914	1131916	2739830	0.7
2024-02-29 14:30:00	1716006	1206681	2922687	0.7
2024-02-29 15:00:00	1916940	1377599	3294539	0.72
2024-02-29 15:15:00	1935228	1389910	3325138	0.72
2024-02-28 09:00:00	335500	213911	549411	0.64
2024-02-28 09:30:00	537914	370896	908810	0.69
2024-02-28 10:00:00	965606	479690	1445296	0.5
2024-02-28 10:30:00	1112314	597766	1710080	0.54
2024-02-28 11:00:00	1231937	672818	1904755	0.55
2024-02-28 11:30:00	1343201	746083	2089284	0.56
2024-02-28 12:00:00	1456963	835468	2292431	0.57
2024-02-28 12:30:00	1419887	743152	2163039	0.52
2024-02-28 13:00:00	1511713	792304	2304017	0.52
2024-02-28 13:30:00	1583333	857090	2440423	0.54
2024-02-28 14:00:00	1668950	925280	2594230	0.55
2024-02-28 14:30:00	1788418	994429	2782847	0.56
2024-02-28 15:00:00	1928653	1117750	3046403	0.58
2024-02-28 15:15:00	1936912	1132044	3068956	0.58
2024-02-27 09:00:00	339565	256569	596134	0.76
2024-02-27 09:30:00	542745	417566	960311	0.77
2024-02-27 10:00:00	712793	553416	1266209	0.78
2024-02-27 10:30:00	835908	667311	1503219	0.8
2024-02-27 11:00:00	946687	744057	1690744	0.79
2024-02-27 11:30:00	1054980	819863	1874843	0.78
2024-02-27 12:00:00	1177923	905010	2082933	0.77
2024-02-27 12:30:00	1278536	982369	2260905	0.77
2024-02-27 13:00:00	1377991	1049512	2427503	0.76
2024-02-27 13:30:00	1500113	1131399	2631512	0.75
2024-02-27 14:00:00	1612682	1243505	2856187	0.77
2024-02-27 14:30:00	1724509	1333612	3058121	0.77
2024-02-27 15:00:00	1667278	1212663	2879941	0.73
2024-02-27 15:15:00	1686474	1230442	2916916	0.73
2024-02-26 09:00:00	349530	216201	565731	0.62
2024-02-26 09:30:00	571161	388314	959475	0.68
2024-02-26 10:00:00	735587	535056	1270643	0.73
2024-02-26 10:30:00	885376	652391	1537767	0.74
2024-02-26 11:00:00	1014253	744439	1758692	0.73
2024-02-26 11:30:00	1115616	834487	1950103	0.75
2024-02-26 12:00:00	1231394	912094	2143488	0.74
2024-02-26 12:30:00	1359125	1006744	2365869	0.74
2024-02-26 13:00:00	1487769	1154001	2641770	0.78
2024-02-26 13:30:00	1595105	1301952	2897057	0.82
2024-02-26 14:00:00	1684062	1406821	3090883	0.84
2024-02-26 14:30:00	1792021	1499412	3291433	0.84
2024-02-26 15:00:00	1952308	1648991	3601299	0.84
2024-02-26 15:15:00	1963854	1712835	3676689	0.87
2024-02-23 09:00:00	452089	293354	745443	0.65
2024-02-23 09:30:00	711916	481483	1193399	0.68
2024-02-23 10:00:00	1008237	642500	1650737	0.64
2024-02-23 10:30:00	1222381	840513	2062894	0.69
2024-02-23 11:00:00	1377177	964062	2341239	0.7
2024-02-23 11:30:00	1521011	1071581	2592592	0.7
2024-02-23 12:00:00	1628599	1174710	2803309	0.72
2024-02-23 12:30:00	1751988	1307216	3059204	0.75
2024-02-23 13:00:00	1876381	1398003	3274384	0.75
2024-02-23 13:30:00	2028153	1501855	3530008	0.74
2024-02-23 14:00:00	2132723	1587473	3720196	0.74
2024-02-23 14:30:00	2289842	1725545	4015387	0.75
2024-02-23 15:00:00	2502765	1909913	4412678	0.76
2024-02-23 15:15:00	2515230	1926688	4441918	0.77
2024-02-22 09:00:00	452438	336018	788456	0.74
2024-02-22 09:30:00	697932	536559	1234491	0.77
2024-02-22 10:00:00	871415	686991	1558406	0.79
2024-02-22 10:30:00	1022270	786980	1809250	0.77
2024-02-22 11:00:00	1161811	896029	2057840	0.77
2024-02-22 11:30:00	1268574	999359	2267933	0.79
2024-02-22 12:00:00	1413465	1122937	2536402	0.79
2024-02-22 12:30:00	1548740	1212034	2760774	0.78
2024-02-22 13:00:00	1664742	1321793	2986535	0.79
2024-02-22 13:30:00	1786893	1414436	3201329	0.79
2024-02-22 14:00:00	1891792	1538391	3430183	0.81
2024-02-22 14:30:00	2019845	1635423	3655268	0.81
2024-02-22 15:00:00	2213966	1779845	3993811	0.8
2024-02-22 15:15:00	2226958	1790740	4017698	0.8
2024-02-21 09:00:00	274776	219313	494089	0.8
2024-02-21 09:30:00	435674	342280	777954	0.79
2024-02-21 10:00:00	544567	427701	972268	0.79
2024-02-21 10:30:00	668293	513612	1181905	0.77
2024-02-21 11:00:00	770205	581555	1351760	0.76
2024-02-21 11:30:00	877108	658278	1535386	0.75
2024-02-21 12:00:00	843579	635053	1478632	0.75
2024-02-21 12:30:00	917185	700462	1617647	0.76
2024-02-21 13:00:00	1115744	887766	2003510	0.8
2024-02-21 13:30:00	1073188	822249	1895437	0.77
2024-02-21 14:00:00	1179469	993654	2173123	0.84
2024-02-21 14:30:00	1280013	1077332	2357345	0.84
2024-02-21 15:00:00	1441007	1206054	2647061	0.84
2024-02-21 15:15:00	1453238	1217988	2671226	0.84
2024-02-20 09:00:00	338382	242661	581043	0.72
2024-02-20 09:30:00	534339	421727	956066	0.79
2024-02-20 10:00:00	709165	532863	1242028	0.75
2024-02-20 10:30:00	818735	621145	1439880	0.76
2024-02-20 11:00:00	946325	695246	1641571	0.73
2024-02-20 11:30:00	1060795	786907	1847702	0.74
2024-02-20 12:00:00	1173404	891126	2064530	0.76
2024-02-20 12:30:00	1253289	953880	2207169	0.76
2024-02-20 13:00:00	1327582	1007427	2335009	0.76
2024-02-20 13:30:00	1393342	1058150	2451492	0.76
2024-02-20 14:00:00	1473372	1144213	2617585	0.78
2024-02-20 14:30:00	1573565	1210769	2784334	0.77
2024-02-20 15:00:00	1706460	1329170	3035630	0.78
2024-02-20 15:15:00	1714942	1338939	3053881	0.78
2024-02-16 09:00:00	422178	340211	762389	0.81
2024-02-16 09:30:00	711187	545761	1256948	0.77
2024-02-16 10:00:00	922148	694740	1616888	0.75
2024-02-16 10:30:00	1102848	824458	1927306	0.75
2024-02-16 11:00:00	1253092	938563	2191655	0.75
2024-02-16 11:30:00	1397572	1044928	2442500	0.75
2024-02-16 12:00:00	1511192	1143089	2654281	0.76
2024-02-16 12:30:00	1710064	1266605	2976669	0.74
2024-02-16 13:00:00	1826088	1345898	3171986	0.74
2024-02-16 13:30:00	1991223	1466284	3457507	0.74
2024-02-16 14:00:00	2188300	1602970	3791270	0.73
2024-02-16 14:30:00	2349310	1737110	4086420	0.74
2024-02-16 15:00:00	2585735	1948240	4533975	0.75
2024-02-16 15:15:00	2599064	1968992	4568056	0.76
2024-02-15 09:00:00	395820	236405	632225	0.6
2024-02-15 09:30:00	684105	804163	1488268	1.18
2024-02-15 10:00:00	875480	937792	1813272	1.07
2024-02-15 10:30:00	1033123	1073287	2106410	1.04
2024-02-15 11:00:00	1164979	1164754	2329733	1.0
2024-02-15 11:30:00	1302247	1246770	2549017	0.96
2024-02-15 12:00:00	1447315	1334051	2781366	0.92
2024-02-15 12:30:00	1598799	1433265	3032064	0.9
2024-02-15 13:00:00	1727827	1535954	3263781	0.89
2024-02-15 13:30:00	1649557	1421446	3071003	0.86
2024-02-15 14:00:00	1781790	1503727	3285517	0.84
2024-02-15 14:30:00	1921938	1603213	3525151	0.83
2024-02-15 15:00:00	2103607	1742400	3846007	0.83
2024-02-15 15:15:00	2116955	1753540	3870495	0.83
2024-02-14 09:00:00	346139	237329	583468	0.69
2024-02-14 09:30:00	581358	397982	979340	0.68
2024-02-14 10:00:00	761701	565843	1327544	0.74
2024-02-14 10:30:00	941640	707082	1648722	0.75
2024-02-14 11:00:00	1088379	808494	1896873	0.74
2024-02-14 11:30:00	1213588	928317	2141905	0.76
2024-02-14 12:00:00	1306039	997098	2303137	0.76
2024-02-14 12:30:00	1399459	1077208	2476667	0.77
2024-02-14 13:00:00	1532671	1153045	2685716	0.75
2024-02-14 13:30:00	1637606	1356861	2994467	0.83
2024-02-14 14:00:00	1458330	1152530	2610860	0.79
2024-02-14 14:30:00	1585648	1234903	2820551	0.78
2024-02-14 15:00:00	1901937	1409055	3310992	0.74
2024-02-14 15:15:00	1922381	1431583	3353964	0.74
2024-02-13 09:00:00	446307	407692	853999	0.91
2024-02-13 09:30:00	688686	603817	1292503	0.88
2024-02-13 10:00:00	893980	764010	1657990	0.85
2024-02-13 10:30:00	1051344	867925	1919269	0.83
2024-02-13 11:00:00	1169863	956679	2126542	0.82
2024-02-13 11:30:00	1290375	1053039	2343414	0.82
2024-02-13 12:00:00	1389287	1137911	2527198	0.82
2024-02-13 12:30:00	1480663	1213597	2694260	0.82
2024-02-13 13:00:00	1565963	1290540	2856503	0.82
2024-02-13 13:30:00	1709198	1429956	3139154	0.84
2024-02-13 14:00:00	1855137	1567275	3422412	0.84
2024-02-13 14:30:00	2054386	1819501	3873887	0.89
2024-02-13 15:00:00	2278604	2001715	4280319	0.88
2024-02-13 15:15:00	1995767	1716083	3711850	0.86
2024-02-12 09:00:00	383783	227512	611295	0.59
2024-02-12 09:30:00	619576	1028746	1648322	1.66
2024-02-12 10:00:00	836233	1181135	2017368	1.41
2024-02-12 10:30:00	1020385	1316870	2337255	1.29
2024-02-12 11:00:00	1224900	1485513	2710413	1.21
2024-02-12 11:30:00	1393052	1595204	2988256	1.15
2024-02-12 12:00:00	1528094	1674678	3202772	1.1
2024-02-12 12:30:00	1649521	1782399	3431920	1.08
2024-02-12 13:00:00	1804958	1897184	3702142	1.05
2024-02-12 13:30:00	1966693	2081162	4047855	1.06
2024-02-12 14:00:00	2137342	2183566	4320908	1.02
2024-02-12 14:30:00	2258269	2273357	4531626	1.01
2024-02-12 15:00:00	2163163	2108922	4272085	0.97
2024-02-12 15:15:00	2173160	2120139	4293299	0.98
2024-02-09 09:00:00	333671	185196	518867	0.56
2024-02-09 09:30:00	581912	323148	905060	0.56
2024-02-09 10:00:00	850885	460824	1311709	0.54
2024-02-09 10:30:00	1034572	568060	1602632	0.55
2024-02-09 11:00:00	1179957	672286	1852243	0.57
2024-02-09 11:30:00	1325655	753999	2079654	0.57
2024-02-09 12:00:00	1502860	841263	2344123	0.56
2024-02-09 12:30:00	1647696	927123	2574819	0.56
2024-02-09 13:00:00	1838281	1017302	2855583	0.55
2024-02-09 13:30:00	1960007	1175122	3135129	0.6
2024-02-09 14:00:00	2163164	1310229	3473393	0.61
2024-02-09 14:30:00	2305628	1451846	3757474	0.63
2024-02-09 15:00:00	2577213	1626720	4203933	0.63
2024-02-09 15:15:00	2589134	1702464	4291598	0.66
2024-02-08 09:00:00	346879	228465	575344	0.66
2024-02-08 09:30:00	607660	378948	986608	0.62
2024-02-08 10:00:00	825516	517110	1342626	0.63
2024-02-08 10:30:00	996383	654445	1650828	0.66
2024-02-08 11:00:00	1125991	754950	1880941	0.67
2024-02-08 11:30:00	1247255	837627	2084882	0.67
2024-02-08 12:00:00	1385805	926179	2311984	0.67
2024-02-08 12:30:00	1490546	1008909	2499455	0.68
2024-02-08 13:00:00	1608408	1102081	2710489	0.69
2024-02-08 13:30:00	1754488	1207763	2962251	0.69
2024-02-08 14:00:00	1891003	1342511	3233514	0.71
2024-02-08 14:30:00	1817473	1241743	3059216	0.68
2024-02-08 15:00:00	1987498	1354267	3341765	0.68
2024-02-08 15:15:00	1995814	1388944	3384758	0.7
2024-02-07 09:00:00	379181	263687	642868	0.7
2024-02-07 09:30:00	685079	489581	1174660	0.71
2024-02-07 10:00:00	883583	676062	1559645	0.77
2024-02-07 10:30:00	1021929	830181	1852110	0.81
2024-02-07 11:00:00	1147443	933818	2081261	0.81
2024-02-07 11:30:00	1259221	1025805	2285026	0.81
2024-02-07 12:00:00	1373338	1117389	2490727	0.81
2024-02-07 12:30:00	1574522	1219760	2794282	0.77
2024-02-07 13:00:00	1693022	1313113	3006135	0.78
2024-02-07 13:30:00	1797314	1397871	3195185	0.78
2024-02-07 14:00:00	1927958	1733498	3661456	0.9
2024-02-07 14:30:00	2057023	1862264	3919287	0.91
2024-02-07 15:00:00	2302649	2077273	4379922	0.9
2024-02-07 15:15:00	2317725	2120541	4438266	0.91
2024-02-06 09:00:00	340943	215438	556381	0.63
2024-02-06 09:30:00	592929	398703	991632	0.67
2024-02-06 10:00:00	766998	508571	1275569	0.66
2024-02-06 10:30:00	948946	634391	1583337	0.67
2024-02-06 11:00:00	1081190	733768	1814958	0.68
2024-02-06 11:30:00	1191047	811632	2002679	0.68
2024-02-06 12:00:00	1296757	878283	2175040	0.68
2024-02-06 12:30:00	1401509	976021	2377530	0.7
2024-02-06 13:00:00	1542971	1057407	2600378	0.69
2024-02-06 13:30:00	1694290	1156686	2850976	0.68
2024-02-06 14:00:00	1799593	1227749	3027342	0.68
2024-02-06 14:30:00	1971486	1326042	3297528	0.67
2024-02-06 15:00:00	1810451	1211784	3022235	0.67
2024-02-06 15:15:00	1816757	1221024	3037781	0.67
2024-02-05 09:00:00	373869	278262	652131	0.74
2024-02-05 09:30:00	635771	503530	1139301	0.79
2024-02-05 10:00:00	837337	677450	1514787	0.81
2024-02-05 10:30:00	1009662	817697	1827359	0.81
2024-02-05 11:00:00	1143121	924428	2067549	0.81
2024-02-05 11:30:00	1298968	1013691	2312659	0.78
2024-02-05 12:00:00	1429872	1109715	2539587	0.78
2024-02-05 12:30:00	1532464	1181736	2714200	0.77
2024-02-05 13:00:00	1620126	1248840	2868966	0.77
2024-02-05 13:30:00	1706558	1317002	3023560	0.77
2024-02-05 14:00:00	1828015	1407667	3235682	0.77
2024-02-05 14:30:00	1963031	1515290	3478321	0.77
2024-02-05 15:00:00	2108630	1634883	3743513	0.78
2024-02-05 15:15:00	2117959	1650736	3768695	0.78
2024-02-02 09:00:00	487619	370649	858268	0.76
2024-02-02 09:30:00	763395	631058	1394453	0.83
2024-02-02 10:00:00	1066910	830918	1897828	0.78
2024-02-02 10:30:00	1252242	994688	2246930	0.79
2024-02-02 11:00:00	1487878	1164789	2652667	0.78
2024-02-02 11:30:00	1684796	1298501	2983297	0.77
2024-02-02 12:00:00	1892249	1466550	3358799	0.78
2024-02-02 12:30:00	2020166	1574166	3594332	0.78
2024-02-02 13:00:00	2122970	1660653	3783623	0.78
2024-02-02 13:30:00	2290351	1790145	4080496	0.78
2024-02-02 14:00:00	2462112	2296517	4758629	0.93
2024-02-02 14:30:00	2621353	2438733	5060086	0.93
2024-02-02 15:00:00	2848364	2620853	5469217	0.92
2024-02-02 15:15:00	2859757	2649364	5509121	0.93
2024-02-01 09:00:00	283947	259616	543563	0.91
2024-02-01 09:30:00	508196	446592	954788	0.88
2024-02-01 10:00:00	700856	622469	1323325	0.89
2024-02-01 10:30:00	851767	761523	1613290	0.89
2024-02-01 11:00:00	957159	841847	1799006	0.88
2024-02-01 11:30:00	1087606	958809	2046415	0.88
2024-02-01 12:00:00	1224808	1059630	2284438	0.87
2024-02-01 12:30:00	1328258	1143883	2472141	0.86
2024-02-01 13:00:00	1417472	1220530	2638002	0.86
2024-02-01 13:30:00	1539759	1343424	2883183	0.87
2024-02-01 14:00:00	1657896	1442110	3100006	0.87
2024-02-01 14:30:00	1789496	1547341	3336837	0.86
2024-02-01 15:00:00	1748663	1406553	3155216	0.8
2024-02-01 15:15:00	1761725	1475024	3236749	0.84
2024-01-31 09:00:00	441313	294703	736016	0.67
2024-01-31 09:30:00	703973	532176	1236149	0.76
2024-01-31 10:00:00	895630	693295	1588925	0.77
2024-01-31 10:30:00	1054609	811094	1865703	0.77
2024-01-31 11:00:00	1174649	917290	2091939	0.78
2024-01-31 11:30:00	1290183	983313	2273496	0.76
2024-01-31 12:00:00	1395440	1047292	2442732	0.75
2024-01-31 12:30:00	1510558	1113562	2624120	0.74
2024-01-31 13:00:00	1636137	1181066	2817203	0.72
2024-01-31 13:30:00	1778580	1287352	3065932	0.72
2024-01-31 14:00:00	2005236	1451230	3456466	0.72
2024-01-31 14:30:00	2232091	1674275	3906366	0.75
2024-01-31 15:00:00	2476288	1900788	4377076	0.77
2024-01-31 15:15:00	2491752	1921249	4413001	0.77
2024-01-30 09:00:00	430348	240796	671144	0.56
2024-01-30 09:30:00	643053	441217	1084270	0.69
2024-01-30 10:00:00	856570	591655	1448225	0.69
2024-01-30 10:30:00	993053	690982	1684035	0.7
2024-01-30 11:00:00	1117289	783307	1900596	0.7
2024-01-30 11:30:00	1245373	883264	2128637	0.71
2024-01-30 12:00:00	1361730	977206	2338936	0.72
2024-01-30 12:30:00	1470289	1055208	2525497	0.72
2024-01-30 13:00:00	1377342	924314	2301656	0.67
2024-01-30 13:30:00	1728753	1232941	2961694	0.71
2024-01-30 14:00:00	1595942	1074426	2670368	0.67
2024-01-30 14:30:00	1963394	1403534	3366928	0.71
2024-01-30 15:00:00	1880472	1275970	3156442	0.68
2024-01-30 15:15:00	1891586	1286742	3178328	0.68
2024-01-29 09:00:00	355225	255848	611073	0.72
2024-01-29 09:30:00	622225	439241	1061466	0.71
2024-01-29 10:00:00	842093	641186	1483279	0.76
2024-01-29 10:30:00	994021	753440	1747461	0.76
2024-01-29 11:00:00	1140048	851267	1991315	0.75
2024-01-29 11:30:00	1292216	948298	2240514	0.73
2024-01-29 12:00:00	1419686	1058892	2478578	0.75
2024-01-29 12:30:00	1512007	1141864	2653871	0.76
2024-01-29 13:00:00	1593303	1209189	2802492	0.76
2024-01-29 13:30:00	1689785	1295174	2984959	0.77
2024-01-29 14:00:00	1795554	1387841	3183395	0.77
2024-01-29 14:30:00	2021035	1568830	3589865	0.78
2024-01-29 15:00:00	2332719	1741868	4074587	0.75
2024-01-29 15:15:00	2345448	1775570	4121018	0.76
2024-01-26 09:00:00	356851	235147	591998	0.66
2024-01-26 09:30:00	588979	381460	970439	0.65
2024-01-26 10:00:00	781123	528240	1309363	0.68
2024-01-26 10:30:00	929525	630708	1560233	0.68
2024-01-26 11:00:00	1088719	734505	1823224	0.67
2024-01-26 11:30:00	1212511	823210	2035721	0.68
2024-01-26 12:00:00	1515796	1113063	2628859	0.73
2024-01-26 12:30:00	1619176	1218943	2838119	0.75
2024-01-26 13:00:00	1718844	1315744	3034588	0.77
2024-01-26 13:30:00	1807687	1412785	3220472	0.78
2024-01-26 14:00:00	1940481	1508406	3448887	0.78
2024-01-26 14:30:00	2071779	1605814	3677593	0.78
2024-01-26 15:00:00	2273292	1787924	4061216	0.79
2024-01-26 15:15:00	2286003	1805081	4091084	0.79
2024-01-25 09:00:00	365621	256645	622266	0.7
2024-01-25 09:30:00	629593	439417	1069010	0.7
2024-01-25 10:00:00	947790	600805	1548595	0.63
2024-01-25 10:30:00	1088634	715537	1804171	0.66
2024-01-25 11:00:00	1224082	810477	2034559	0.66
2024-01-25 11:30:00	1370495	960865	2331360	0.7
2024-01-25 12:00:00	1517059	1071759	2588818	0.71
2024-01-25 12:30:00	1639490	1162829	2802319	0.71
2024-01-25 13:00:00	1746629	1256166	3002795	0.72
2024-01-25 13:30:00	1867365	1427452	3294817	0.76
2024-01-25 14:00:00	1705872	1274794	2980666	0.75
2024-01-25 14:30:00	1803804	1349688	3153492	0.75
2024-01-25 15:00:00	1970645	1492474	3463119	0.76
2024-01-25 15:15:00	1981584	1501538	3483122	0.76
2024-01-24 09:00:00	423607	268897	692504	0.63
2024-01-24 09:30:00	685596	457008	1142604	0.67
2024-01-24 10:00:00	923220	624542	1547762	0.68
2024-01-24 10:30:00	1086860	749548	1836408	0.69
2024-01-24 11:00:00	1259452	838548	2098000	0.67
2024-01-24 11:30:00	1380902	930661	2311563	0.67
2024-01-24 12:00:00	1521581	1022818	2544399	0.67
2024-01-24 12:30:00	1661687	1140268	2801955	0.69
2024-01-24 13:00:00	1527896	1019265	2547161	0.67
2024-01-24 13:30:00	1654377	1174056	2828433	0.71
2024-01-24 14:00:00	1766156	1303514	3069670	0.74
2024-01-24 14:30:00	1872592	1399371	3271963	0.75
2024-01-24 15:00:00	2066925	1537729	3604654	0.74
2024-01-24 15:15:00	2080061	1550886	3630947	0.75
2024-01-23 09:00:00	349424	193578	543002	0.55
2024-01-23 09:30:00	531281	773843	1305124	1.46
2024-01-23 10:00:00	709458	901583	1611041	1.27
2024-01-23 10:30:00	835428	992199	1827627	1.19
2024-01-23 11:00:00	937429	1061043	1998472	1.13
2024-01-23 11:30:00	1029921	1126980	2156901	1.09
2024-01-23 12:00:00	1117870	1197553	2315423	1.07
2024-01-23 12:30:00	1225388	1251378	2476766	1.02
2024-01-23 13:00:00	1328985	1360350	2689335	1.02
2024-01-23 13:30:00	1425671	1416692	2842363	0.99
2024-01-23 14:00:00	1536012	1484178	3020190	0.97
2024-01-23 14:30:00	1671177	1568736	3239913	0.94
2024-01-23 15:00:00	1844576	1697573	3542149	0.92
2024-01-23 15:15:00	1856160	1710854	3567014	0.92
2024-01-22 09:00:00	469409	345912	815321	0.74
2024-01-22 09:30:00	761359	597471	1358830	0.78
2024-01-22 10:00:00	977923	743127	1721050	0.76
2024-01-22 10:30:00	1137167	846904	1984071	0.74
2024-01-22 11:00:00	1274245	940110	2214355	0.74
2024-01-22 11:30:00	1376951	1020356	2397307	0.74
2024-01-22 12:00:00	1466079	1076711	2542790	0.73
2024-01-22 12:30:00	1563055	1151692	2714747	0.74
2024-01-22 13:00:00	1675622	1228255	2903877	0.73
2024-01-22 13:30:00	1788073	1313169	3101242	0.73
2024-01-22 14:00:00	1912848	1378171	3291019	0.72
2024-01-22 14:30:00	2044019	1457678	3501697	0.71
2024-01-22 15:00:00	2214886	1574961	3789847	0.71
2024-01-22 15:15:00	2223960	1587282	3811242	0.71
2024-01-19 09:00:00	405682	253777	659459	0.63
2024-01-19 09:30:00	649320	433843	1083163	0.67
2024-01-19 10:00:00	862210	598820	1461030	0.69
2024-01-19 10:30:00	1096070	760743	1856813	0.69
2024-01-19 11:00:00	1264865	898336	2163201	0.71
2024-01-19 11:30:00	1427866	1060002	2487868	0.74
2024-01-19 12:00:00	1645468	1210497	2855965	0.74
2024-01-19 12:30:00	1837832	1391431	3229263	0.76
2024-01-19 13:00:00	2029630	1544823	3574453	0.76
2024-01-19 13:30:00	2233794	1682074	3915868	0.75
2024-01-19 14:00:00	2412807	1806896	4219703	0.75
2024-01-19 14:30:00	2688473	1955914	4644387	0.73
2024-01-19 15:00:00	2948738	2130507	5079245	0.72
2024-01-19 15:15:00	2964456	2157895	5122351	0.73
2024-01-18 09:00:00	305378	206132	511510	0.68
2024-01-18 09:30:00	474739	347962	822701	0.73
2024-01-18 10:00:00	635834	462032	1097866	0.73
2024-01-18 10:30:00	765541	567284	1332825	0.74
2024-01-18 11:00:00	898707	673297	1572004	0.75
2024-01-18 11:30:00	1035531	783379	1818910	0.76
2024-01-18 12:00:00	1158852	859796	2018648	0.74
2024-01-18 12:30:00	1255537	941269	2196806	0.75
2024-01-18 13:00:00	1426907	1000082	2426989	0.7
2024-01-18 13:30:00	1533074	1079963	2613037	0.7
2024-01-18 14:00:00	1658303	1163291	2821594	0.7
2024-01-18 14:30:00	1783694	1256264	3039958	0.7
2024-01-18 15:00:00	1973804	1388223	3362027	0.7
2024-01-18 15:15:00	1982563	1398226	3380789	0.71
2024-01-17 09:00:00	273575	277848	551423	1.02
2024-01-17 09:30:00	436006	403201	839207	0.92
2024-01-17 10:00:00	567014	509018	1076032	0.9
2024-01-17 10:30:00	677458	587510	1264968	0.87
2024-01-17 11:00:00	761879	651133	1413012	0.85
2024-01-17 11:30:00	857891	730930	1588821	0.85
2024-01-17 12:00:00	948145	790221	1738366	0.83
2024-01-17 12:30:00	1040628	845623	1886251	0.81
2024-01-17 13:00:00	1126259	922558	2048817	0.82
2024-01-17 13:30:00	1207073	1035724	2242797	0.86
2024-01-17 14:00:00	1293966	1095439	2389405	0.85
2024-01-17 14:30:00	1404816	1211295	2616111	0.86
2024-01-17 15:00:00	1562022	1335581	2897603	0.86
2024-01-17 15:15:00	1568686	1343308	2911994	0.86
2024-01-16 09:00:00	302790	302695	605485	1.0
2024-01-16 09:30:00	522185	449097	971282	0.86
2024-01-16 10:00:00	673504	573463	1246967	0.85
2024-01-16 10:30:00	810273	689805	1500078	0.85
2024-01-16 11:00:00	930398	769682	1700080	0.83
2024-01-16 11:30:00	1024520	865104	1889624	0.84
2024-01-16 12:00:00	1137368	960952	2098320	0.84
2024-01-16 12:30:00	1236145	1027035	2263180	0.83
2024-01-16 13:00:00	1320919	1111267	2432186	0.84
2024-01-16 13:30:00	1415703	1187038	2602741	0.84
2024-01-16 14:00:00	1514087	1587737	3101824	1.05
2024-01-16 14:30:00	1617236	1670838	3288074	1.03
2024-01-16 15:00:00	1748526	1778347	3526873	1.02
2024-01-16 15:15:00	1757001	1790296	3547297	1.02
2024-01-12 09:00:00	351531	311544	663075	0.89
2024-01-12 09:30:00	586459	542024	1128483	0.92
2024-01-12 10:00:00	772670	703226	1475896	0.91
2024-01-12 10:30:00	912755	827209	1739964	0.91
2024-01-12 11:00:00	1056031	965455	2021486	0.91
2024-01-12 11:30:00	1182071	1098084	2280155	0.93
2024-01-12 12:00:00	1287630	1184240	2471870	0.92
2024-01-12 12:30:00	1398393	1273492	2671885	0.91
2024-01-12 13:00:00	1536464	1363419	2899883	0.89
2024-01-12 13:30:00	1656008	1622044	3278052	0.98
2024-01-12 14:00:00	1774860	1835848	3610708	1.03
2024-01-12 14:30:00	1904762	1985234	3889996	1.04
2024-01-12 15:00:00	2137801	2157321	4295122	1.01
2024-01-12 15:15:00	2147379	2171310	4318689	1.01
2024-01-11 09:00:00	286711	185383	472094	0.65
2024-01-11 09:30:00	511609	361158	872767	0.71
2024-01-11 10:00:00	640503	464045	1104548	0.72
2024-01-11 10:30:00	766360	605854	1372214	0.79
2024-01-11 11:00:00	883541	691118	1574659	0.78
2024-01-11 11:30:00	971594	748720	1720314	0.77
2024-01-11 12:00:00	1052650	814853	1867503	0.77
2024-01-11 12:30:00	1153613	880657	2034270	0.76
2024-01-11 13:00:00	1406976	1137106	2544082	0.81
2024-01-11 13:30:00	1484297	1212809	2697106	0.82
2024-01-11 14:00:00	1586183	1283392	2869575	0.81
2024-01-11 14:30:00	1696452	1577467	3273919	0.93
2024-01-11 15:00:00	1843983	1727440	3571423	0.94
2024-01-11 15:15:00	1848821	1737034	3585855	0.94
2024-01-11 09:00:00	328769	233814	562583	0.71
2024-01-11 09:30:00	597687	455969	1053656	0.76
2024-01-11 10:00:00	748401	587852	1336253	0.79
2024-01-11 10:30:00	900209	757696	1657905	0.84
2024-01-11 11:00:00	1036037	861255	1897292	0.83
2024-01-11 11:30:00	1139284	932580	2071864	0.82
2024-01-11 12:00:00	1237857	1016261	2254118	0.82
2024-01-11 12:30:00	1354884	1097412	2452296	0.81
2024-01-11 13:00:00	1624989	1366877	2991866	0.84
2024-01-11 13:30:00	1721617	1458359	3179976	0.85
2024-01-11 14:00:00	1840387	1544335	3384722	0.84
2024-01-11 14:30:00	1968552	1855822	3824374	0.94
2024-01-11 15:00:00	2130620	2018089	4148709	0.95
2024-01-11 15:15:00	2146326	2033234	4179560	0.95
2024-01-10 09:00:00	273023	174734	447757	0.64
2024-01-10 09:30:00	452248	320263	772511	0.71
2024-01-10 10:00:00	601048	422253	1023301	0.7
2024-01-10 10:30:00	715409	508506	1223915	0.71
2024-01-10 11:00:00	813859	583179	1397038	0.72
2024-01-10 11:30:00	894489	643433	1537922	0.72
2024-01-10 12:00:00	1010146	711962	1722108	0.7
2024-01-10 12:30:00	1134596	869537	2004133	0.77
2024-01-10 13:00:00	1216418	938365	2154783	0.77
2024-01-10 13:30:00	1345321	1036559	2381880	0.77
2024-01-10 14:00:00	1478069	1984315	3462384	1.34
2024-01-10 14:30:00	1599223	2669401	4268624	1.67
2024-01-10 15:00:00	1750637	2922142	4672779	1.67
2024-01-10 15:15:00	1763200	2961672	4724872	1.68
2024-01-05 09:00:00	296771	265347	562118	0.89
2024-01-05 09:30:00	538699	999192	1537891	1.85
2024-01-05 10:00:00	721560	1113510	1835070	1.54
2024-01-05 10:30:00	897452	1235542	2132994	1.38
2024-01-05 11:00:00	1024126	1344256	2368382	1.31
2024-01-05 11:30:00	1151455	1454763	2606218	1.26
2024-01-05 12:00:00	1249829	1537335	2787164	1.23
2024-01-05 12:30:00	1359760	1661436	3021196	1.22
2024-01-05 13:00:00	1468402	1744820	3213222	1.19
2024-01-05 13:30:00	1589154	1831710	3420864	1.15
2024-01-05 14:00:00	1703128	1949324	3652452	1.14
2024-01-05 14:30:00	1834758	2079844	3914602	1.13
2024-01-05 15:00:00	2019205	2254672	4273877	1.12
2024-01-05 15:15:00	2027804	2287358	4315162	1.13
2024-01-04 09:00:00	264136	196262	460398	0.74
2024-01-04 09:30:00	476879	342712	819591	0.72
2024-01-04 10:00:00	632179	457358	1089537	0.72
2024-01-04 10:30:00	769037	574719	1343756	0.75
2024-01-04 11:00:00	891950	667681	1559631	0.75
2024-01-04 11:30:00	986185	748479	1734664	0.76
2024-01-04 12:00:00	1095599	829667	1925266	0.76
2024-01-04 12:30:00	1002754	732912	1735666	0.73
2024-01-04 13:00:00	1072333	779167	1851500	0.73
2024-01-04 13:30:00	1329664	1020279	2349943	0.77
2024-01-04 14:00:00	1423757	1103129	2526886	0.77
2024-01-04 14:30:00	1309458	981050	2290508	0.75
2024-01-04 15:00:00	1451729	1101143	2552872	0.76
2024-01-04 15:15:00	1466980	1140826	2607806	0.78
2024-01-03 09:00:00	294827	323375	618202	1.1
2024-01-03 09:30:00	527235	506360	1033595	0.96
2024-01-03 10:00:00	711532	650214	1361746	0.91
2024-01-03 10:30:00	848711	750247	1598958	0.88
2024-01-03 11:00:00	951148	838858	1790006	0.88
2024-01-03 11:30:00	1052712	920500	1973212	0.87
2024-01-03 12:00:00	1136678	996433	2133111	0.88
2024-01-03 12:30:00	1381877	1252789	2634666	0.91
2024-01-03 13:00:00	1481005	1314696	2795701	0.89
2024-01-03 13:30:00	1416552	1221387	2637939	0.86
2024-01-03 14:00:00	1702719	1502908	3205627	0.88
2024-01-03 14:30:00	1816869	1607824	3424693	0.88
2024-01-03 15:00:00	1979338	1759460	3738798	0.89
2024-01-03 15:15:00	1760374	1600013	3360387	0.91
2024-01-02 09:00:00	340409	274909	615318	0.81
2024-01-02 09:30:00	575611	428906	1004517	0.75
2024-01-02 10:00:00	775588	555603	1331191	0.72
2024-01-02 10:30:00	914469	649867	1564336	0.71
2024-01-02 11:00:00	1049301	732229	1781530	0.7
2024-01-02 11:30:00	1135187	802987	1938174	0.71
2024-01-02 12:00:00	1235449	880427	2115876	0.71
2024-01-02 12:30:00	1353726	971401	2325127	0.72
2024-01-02 13:00:00	1431310	1042113	2473423	0.73
2024-01-02 13:30:00	1536494	1243085	2779579	0.81
2024-01-02 14:00:00	1633109	1319539	2952648	0.81
2024-01-02 14:30:00	1551018	1206446	2757464	0.78
2024-01-02 15:00:00	1681918	1320085	3002003	0.78
2024-01-02 15:15:00	1693167	1330751	3023918	0.79
