TIME	CALLS	PUTS	TOTAL	P/C RATIO
2024-10-23 09:00:00	78516	155795	234311	1.98
2024-10-23 09:30:00	123476	226155	349631	1.83
2024-10-23 10:00:00	158801	269010	427811	1.69
2024-10-23 10:30:00	220827	388800	609627	1.76
2024-10-23 11:00:00	270142	465406	735548	1.72
2024-10-23 11:30:00	326973	548248	875221	1.68
2024-10-23 12:00:00	385971	626467	1012438	1.62
2024-10-23 12:30:00	451435	705978	1157413	1.56
2024-10-23 13:00:00	502642	783414	1286056	1.56
2024-10-23 13:30:00	577913	958932	1536845	1.66
2024-10-23 14:00:00	633460	1023698	1657158	1.62
2024-10-23 14:30:00	674358	1096918	1771276	1.63
2024-10-23 15:00:00	772667	1291461	2064128	1.67
2024-10-23 15:15:00	838992	1354534	2193526	1.61
2024-10-22 09:00:00	88257	300563	388820	3.41
2024-10-22 09:30:00	193447	540176	733623	2.79
2024-10-22 10:00:00	262558	621203	883761	2.37
2024-10-22 10:30:00	289634	657064	946698	2.27
2024-10-22 11:00:00	330930	703545	1034475	2.13
2024-10-22 11:30:00	344626	738891	1083517	2.14
2024-10-22 12:00:00	438087	832684	1270771	1.9
2024-10-22 12:30:00	454630	854928	1309558	1.88
2024-10-22 13:00:00	539846	910367	1450213	1.69
2024-10-22 13:30:00	578507	957541	1536048	1.66
2024-10-22 14:00:00	601935	1009575	1611510	1.68
2024-10-22 14:30:00	632503	1065461	1697964	1.68
2024-10-22 15:00:00	773667	1172920	1946587	1.52
2024-10-22 15:15:00	807285	1205065	2012350	1.49
2024-10-21 09:00:00	100510	152939	253449	1.52
2024-10-21 09:30:00	198362	210263	408625	1.06
2024-10-21 10:00:00	258751	275979	534730	1.07
2024-10-21 10:30:00	317396	361479	678875	1.14
2024-10-21 11:00:00	376823	444107	820930	1.18
2024-10-21 11:30:00	409777	486050	895827	1.19
2024-10-21 12:00:00	450994	532568	983562	1.18
2024-10-21 12:30:00	479711	564300	1044011	1.18
2024-10-21 13:00:00	522218	607223	1129441	1.16
2024-10-21 13:30:00	548771	674183	1222954	1.23
2024-10-21 14:00:00	573410	720268	1293678	1.26
2024-10-21 14:30:00	616865	787378	1404243	1.28
2024-10-21 15:00:00	704079	917832	1621911	1.3
2024-10-21 15:15:00	748971	973987	1722958	1.3
2024-10-18 09:00:00	188812	233846	422658	1.24
2024-10-18 09:30:00	324261	387105	711366	1.19
2024-10-18 10:00:00	444805	548729	993534	1.23
2024-10-18 10:30:00	546597	670359	1216956	1.23
2024-10-18 11:00:00	638968	893543	1532511	1.4
2024-10-18 11:30:00	704231	993777	1698008	1.41
2024-10-18 12:00:00	831938	1104112	1936050	1.33
2024-10-18 12:30:00	909010	1212349	2121359	1.33
2024-10-18 13:00:00	962073	1293879	2255952	1.34
2024-10-18 13:30:00	1063612	1425611	2489223	1.34
2024-10-18 14:00:00	1141452	1534782	2676234	1.34
2024-10-18 14:30:00	1232922	1716281	2949203	1.39
2024-10-18 15:00:00	1372222	1895935	3268157	1.38
2024-10-18 15:15:00	1416510	1951746	3368256	1.38
2024-10-17 09:00:00	106069	131555	237624	1.24
2024-10-17 09:30:00	213634	303027	516661	1.42
2024-10-17 10:00:00	290835	401498	692333	1.38
2024-10-17 10:30:00	407711	492258	899969	1.21
2024-10-17 11:00:00	471549	604852	1076401	1.28
2024-10-17 11:30:00	512937	669130	1182067	1.3
2024-10-17 12:00:00	570742	722685	1293427	1.27
2024-10-17 12:30:00	672247	789752	1461999	1.17
2024-10-17 13:00:00	755956	856577	1612533	1.13
2024-10-17 13:30:00	828641	995692	1824333	1.2
2024-10-17 14:00:00	893607	1048744	1942351	1.17
2024-10-17 14:30:00	940866	1147819	2088685	1.22
2024-10-17 15:00:00	1040090	1304838	2344928	1.25
2024-10-17 15:15:00	1084161	1360979	2445140	1.26
2024-10-16 09:00:00	208268	225598	433866	1.08
2024-10-16 09:30:00	291190	290388	581578	1.0
2024-10-16 10:00:00	413743	379062	792805	0.92
2024-10-16 10:30:00	478157	423342	901499	0.89
2024-10-16 11:00:00	669622	492654	1162276	0.74
2024-10-16 11:30:00	751775	636474	1388249	0.85
2024-10-16 12:00:00	792104	736789	1528893	0.93
2024-10-16 12:30:00	838441	800125	1638566	0.95
2024-10-16 13:00:00	889459	857488	1746947	0.96
2024-10-16 13:30:00	939096	914778	1853874	0.97
2024-10-16 14:00:00	988190	985747	1973937	1.0
2024-10-16 14:30:00	1067926	1140232	2208158	1.07
2024-10-16 15:00:00	1192128	1350270	2542398	1.13
2024-10-16 15:15:00	1224239	1412469	2636708	1.15
2024-10-15 09:00:00	113111	179241	292352	1.58
2024-10-15 09:30:00	225487	322155	547642	1.43
2024-10-15 10:00:00	348514	448138	796652	1.29
2024-10-15 10:30:00	405893	551767	957660	1.36
2024-10-15 11:00:00	486792	637834	1124626	1.31
2024-10-15 11:30:00	542748	705706	1248454	1.3
2024-10-15 12:00:00	601910	780890	1382800	1.3
2024-10-15 12:30:00	647711	867875	1515586	1.34
2024-10-15 13:00:00	712431	936186	1648617	1.31
2024-10-15 13:30:00	770939	1035192	1806131	1.34
2024-10-15 14:00:00	833475	1086062	1919537	1.3
2024-10-15 14:30:00	951942	1227502	2179444	1.29
2024-10-15 15:00:00	1143850	1354751	2498601	1.18
2024-10-15 15:15:00	1324296	1483970	2808266	1.12
2024-10-14 09:00:00	127745	158714	286459	1.24
2024-10-14 09:30:00	224610	297165	521775	1.32
2024-10-14 10:00:00	314880	411556	726436	1.31
2024-10-14 10:30:00	393251	471263	864514	1.2
2024-10-14 11:00:00	430013	539809	969822	1.26
2024-10-14 11:30:00	475974	596713	1072687	1.25
2024-10-14 12:00:00	574180	674657	1248837	1.17
2024-10-14 12:30:00	617867	717364	1335231	1.16
2024-10-14 13:00:00	663064	775893	1438957	1.17
2024-10-14 13:30:00	711168	832040	1543208	1.17
2024-10-14 14:00:00	789468	912918	1702386	1.16
2024-10-14 14:30:00	824363	1021904	1846267	1.24
2024-10-14 15:00:00	988588	1158122	2146710	1.17
2024-10-14 15:15:00	1057231	1228400	2285631	1.16
2024-10-11 09:00:00	157204	230704	387908	1.47
2024-10-11 09:30:00	412144	461599	873743	1.12
2024-10-11 10:00:00	572278	627164	1199442	1.1
2024-10-11 10:30:00	680135	745117	1425252	1.1
2024-10-11 11:00:00	780573	851310	1631883	1.09
2024-10-11 11:30:00	920380	965161	1885541	1.05
2024-10-11 12:00:00	1030453	1092693	2123146	1.06
2024-10-11 12:30:00	1096528	1194439	2290967	1.09
2024-10-11 13:00:00	1166682	1275480	2442162	1.09
2024-10-11 13:30:00	1289318	1392603	2681921	1.08
2024-10-11 14:00:00	1448017	1581446	3029463	1.09
2024-10-11 14:30:00	1638541	1806602	3445143	1.1
2024-10-11 15:00:00	1790996	2054385	3845381	1.15
2024-10-11 15:15:00	1857570	2134737	3992307	1.15
2024-10-10 09:00:00	177593	181191	358784	1.02
2024-10-10 09:30:00	284810	405269	690079	1.42
2024-10-10 10:00:00	397316	514629	911945	1.3
2024-10-10 10:30:00	448423	586718	1035141	1.31
2024-10-10 11:00:00	476569	638009	1114578	1.34
2024-10-10 11:30:00	519483	692425	1211908	1.33
2024-10-10 12:00:00	581380	754600	1335980	1.3
2024-10-10 12:30:00	660590	823140	1483730	1.25
2024-10-10 13:00:00	686834	865070	1551904	1.26
2024-10-10 13:30:00	811636	943861	1755497	1.16
2024-10-10 14:00:00	839992	1000358	1840350	1.19
2024-10-10 14:30:00	984067	1141841	2125908	1.16
2024-10-10 15:00:00	1052022	1260628	2312650	1.2
2024-10-10 15:15:00	1106919	1312756	2419675	1.19
2024-10-09 09:00:00	90533	130395	220928	1.44
2024-10-09 09:30:00	268062	213991	482053	0.8
2024-10-09 10:00:00	351346	290000	641346	0.83
2024-10-09 10:30:00	480308	454385	934693	0.95
2024-10-09 11:00:00	549767	516648	1066415	0.94
2024-10-09 11:30:00	589286	612888	1202174	1.04
2024-10-09 12:00:00	652047	647398	1299445	0.99
2024-10-09 12:30:00	703480	692599	1396079	0.98
2024-10-09 13:00:00	746921	746014	1492935	1.0
2024-10-09 13:30:00	788634	789932	1578566	1.0
2024-10-09 14:00:00	828145	886193	1714338	1.07
2024-10-09 14:30:00	882470	966441	1848911	1.1
2024-10-09 15:00:00	972872	1122075	2094947	1.15
2024-10-09 15:15:00	1077752	1252844	2330596	1.16
2024-10-08 09:00:00	104935	127472	232407	1.21
2024-10-08 09:30:00	223109	299182	522291	1.34
2024-10-08 10:00:00	339124	368503	707627	1.09
2024-10-08 10:30:00	391251	444405	835656	1.14
2024-10-08 11:00:00	431959	514533	946492	1.19
2024-10-08 11:30:00	451218	567400	1018618	1.26
2024-10-08 12:00:00	480446	613541	1093987	1.28
2024-10-08 12:30:00	531485	692064	1223549	1.3
2024-10-08 13:00:00	558154	722118	1280272	1.29
2024-10-08 13:30:00	596149	797958	1394107	1.34
2024-10-08 14:00:00	648785	878831	1527616	1.35
2024-10-08 14:30:00	700676	962327	1663003	1.37
2024-10-08 15:00:00	841131	1098644	1939775	1.31
2024-10-08 15:15:00	896648	1158796	2055444	1.29
2024-10-07 09:00:00	115498	140902	256400	1.22
2024-10-07 09:30:00	171197	193894	365091	1.13
2024-10-07 10:00:00	221223	258462	479685	1.17
2024-10-07 10:30:00	382678	332885	715563	0.87
2024-10-07 11:00:00	420750	407038	827788	0.97
2024-10-07 11:30:00	464051	460831	924882	0.99
2024-10-07 12:00:00	487189	502412	989601	1.03
2024-10-07 12:30:00	545078	557537	1102615	1.02
2024-10-07 13:00:00	578850	587879	1166729	1.02
2024-10-07 13:30:00	624254	655712	1279966	1.05
2024-10-07 14:00:00	784589	809268	1593857	1.03
2024-10-07 14:30:00	1349941	917892	2267833	0.68
2024-10-07 15:00:00	1549297	1081563	2630860	0.7
2024-10-07 15:15:00	1585125	1164942	2750067	0.73
2024-10-04 09:00:00	239186	334503	573689	1.4
2024-10-04 09:30:00	404786	524354	929140	1.3
2024-10-04 10:00:00	550380	672858	1223238	1.22
2024-10-04 10:30:00	646121	816094	1462215	1.26
2024-10-04 11:00:00	756359	911347	1667706	1.2
2024-10-04 11:30:00	833249	997507	1830756	1.2
2024-10-04 12:00:00	958547	1154688	2113235	1.2
2024-10-04 12:30:00	1005355	1239619	2244974	1.23
2024-10-04 13:00:00	1093308	1395119	2488427	1.28
2024-10-04 13:30:00	1173314	1510490	2683804	1.29
2024-10-04 14:00:00	1331161	1647448	2978609	1.24
2024-10-04 14:30:00	1450552	1807709	3258261	1.25
2024-10-04 15:00:00	1643888	2039095	3682983	1.24
2024-10-04 15:15:00	1677442	2129016	3806458	1.27
2024-10-03 09:00:00	71242	152524	223766	2.14
2024-10-03 09:30:00	494907	254274	749181	0.51
2024-10-03 10:00:00	583401	313080	896481	0.54
2024-10-03 10:30:00	873167	431974	1305141	0.49
2024-10-03 11:00:00	929297	497119	1426416	0.53
2024-10-03 11:30:00	1037255	557856	1595111	0.54
2024-10-03 12:00:00	1092412	618540	1710952	0.57
2024-10-03 12:30:00	1136130	710722	1846852	0.63
2024-10-03 13:00:00	1173390	748882	1922272	0.64
2024-10-03 13:30:00	1202929	787436	1990365	0.65
2024-10-03 14:00:00	1243948	819722	2063670	0.66
2024-10-03 14:30:00	1315012	905937	2220949	0.69
2024-10-03 15:00:00	1410217	1085651	2495868	0.77
2024-10-03 15:15:00	1442571	1149773	2592344	0.8
2024-10-02 09:00:00	82206	147913	230119	1.8
2024-10-02 09:30:00	131879	347017	478896	2.63
2024-10-02 10:00:00	226305	479811	706116	2.12
2024-10-02 10:30:00	273006	538112	811118	1.97
2024-10-02 11:00:00	308423	579368	887791	1.88
2024-10-02 11:30:00	344795	636389	981184	1.85
2024-10-02 12:00:00	383629	673430	1057059	1.76
2024-10-02 12:30:00	413411	703647	1117058	1.7
2024-10-02 13:00:00	443526	754440	1197966	1.7
2024-10-02 13:30:00	475728	819763	1295491	1.72
2024-10-02 14:00:00	494982	863827	1358809	1.75
2024-10-02 14:30:00	551242	947209	1498451	1.72
2024-10-02 15:00:00	644741	1109233	1753974	1.72
2024-10-02 15:15:00	672643	1164694	1837337	1.73
2024-10-01 09:00:00	143291	156871	300162	1.09
2024-10-01 09:30:00	275330	315004	590334	1.14
2024-10-01 10:00:00	669256	556147	1225403	0.83
2024-10-01 10:30:00	756943	704268	1461211	0.93
2024-10-01 11:00:00	847044	764757	1611801	0.9
2024-10-01 11:30:00	889995	846508	1736503	0.95
2024-10-01 12:00:00	946370	903816	1850186	0.96
2024-10-01 12:30:00	1011013	967817	1978830	0.96
2024-10-01 13:00:00	1088738	1064312	2153050	0.98
2024-10-01 13:30:00	1165138	1113303	2278441	0.96
2024-10-01 14:00:00	1235189	1178139	2413328	0.95
2024-10-01 14:30:00	1277295	1253564	2530859	0.98
2024-10-01 15:00:00	1372870	1380861	2753731	1.01
2024-10-01 15:15:00	1453687	1431965	2885652	0.99
2024-09-30 09:00:00	101228	119081	220309	1.18
2024-09-30 09:30:00	186678	188189	374867	1.01
2024-09-30 10:00:00	293760	271449	565209	0.92
2024-09-30 10:30:00	336309	323945	660254	0.96
2024-09-30 11:00:00	370923	387382	758305	1.04
2024-09-30 11:30:00	405940	432949	838889	1.07
2024-09-30 12:00:00	425204	460599	885803	1.08
2024-09-30 12:30:00	445461	492425	937886	1.11
2024-09-30 13:00:00	466956	528811	995767	1.13
2024-09-30 13:30:00	555900	682403	1238303	1.23
2024-09-30 14:00:00	597933	752514	1350447	1.26
2024-09-30 14:30:00	650068	816988	1467056	1.26
2024-09-30 15:00:00	750582	976104	1726686	1.3
2024-09-30 15:15:00	884977	1201420	2086397	1.36
2024-09-27 09:00:00	149823	225149	374972	1.5
2024-09-27 09:30:00	288792	371613	660405	1.29
2024-09-27 10:00:00	381452	540945	922397	1.42
2024-09-27 10:30:00	476374	640561	1116935	1.34
2024-09-27 11:00:00	587378	778011	1365389	1.32
2024-09-27 11:30:00	684589	895832	1580421	1.31
2024-09-27 12:00:00	775803	959079	1734882	1.24
2024-09-27 12:30:00	856442	1071561	1928003	1.25
2024-09-27 13:00:00	956991	1180959	2137950	1.23
2024-09-27 13:30:00	1056615	1301936	2358551	1.23
2024-09-27 14:00:00	1686410	1491763	3178173	0.88
2024-09-27 14:30:00	1840793	1641395	3482188	0.89
2024-09-27 15:00:00	2040983	1845048	3886031	0.9
2024-09-27 15:15:00	2073892	1903193	3977085	0.92
2024-09-26 09:00:00	105096	154153	259249	1.47
2024-09-26 09:30:00	234217	250461	484678	1.07
2024-09-26 10:00:00	292840	357599	650439	1.22
2024-09-26 10:30:00	350696	439774	790470	1.25
2024-09-26 11:00:00	386822	475099	861921	1.23
2024-09-26 11:30:00	418140	505003	923143	1.21
2024-09-26 12:00:00	445479	543949	989428	1.22
2024-09-26 12:30:00	483966	599807	1083773	1.24
2024-09-26 13:00:00	530155	634969	1165124	1.2
2024-09-26 13:30:00	576405	679078	1255483	1.18
2024-09-26 14:00:00	614184	726176	1340360	1.18
2024-09-26 14:30:00	662077	795340	1457417	1.2
2024-09-26 15:00:00	733942	976825	1710767	1.33
2024-09-26 15:15:00	772476	1037945	1810421	1.34
2024-09-25 09:00:00	141545	152498	294043	1.08
2024-09-25 09:30:00	249956	218114	468070	0.87
2024-09-25 10:00:00	316485	311977	628462	0.99
2024-09-25 10:30:00	360780	343429	704209	0.95
2024-09-25 11:00:00	406987	419445	826432	1.03
2024-09-25 11:30:00	713696	480769	1194465	0.67
2024-09-25 12:00:00	764731	541012	1305743	0.71
2024-09-25 12:30:00	803686	605379	1409065	0.75
2024-09-25 13:00:00	859278	668314	1527592	0.78
2024-09-25 13:30:00	909370	720308	1629678	0.79
2024-09-25 14:00:00	957011	771277	1728288	0.81
2024-09-25 14:30:00	989553	837806	1827359	0.85
2024-09-25 15:00:00	1066434	955139	2021573	0.9
2024-09-25 15:15:00	1104664	985958	2090622	0.89
2024-09-24 09:00:00	82431	101450	183881	1.23
2024-09-24 09:30:00	161666	198981	360647	1.23
2024-09-24 10:00:00	212477	331706	544183	1.56
2024-09-24 10:30:00	237497	383217	620714	1.61
2024-09-24 11:00:00	282293	434808	717101	1.54
2024-09-24 11:30:00	312179	496961	809140	1.59
2024-09-24 12:00:00	337338	584298	921636	1.73
2024-09-24 12:30:00	358971	617270	976241	1.72
2024-09-24 13:00:00	401754	670558	1072312	1.67
2024-09-24 13:30:00	427109	725471	1152580	1.7
2024-09-24 14:00:00	479740	788758	1268498	1.64
2024-09-24 14:30:00	538456	858374	1396830	1.59
2024-09-24 15:00:00	599224	961686	1560910	1.6
2024-09-24 15:15:00	631512	1003375	1634887	1.59
2024-09-23 09:00:00	225320	245508	470828	1.09
2024-09-23 09:30:00	405581	325264	730845	0.8
2024-09-23 10:00:00	472553	401437	873990	0.85
2024-09-23 10:30:00	491873	469196	961069	0.95
2024-09-23 11:00:00	547123	572734	1119857	1.05
2024-09-23 11:30:00	585087	726776	1311863	1.24
2024-09-23 12:00:00	622067	823026	1445093	1.32
2024-09-23 12:30:00	752916	885441	1638357	1.18
2024-09-23 13:00:00	782296	919054	1701350	1.17
2024-09-23 13:30:00	810745	949385	1760130	1.17
2024-09-23 14:00:00	831960	986886	1818846	1.19
2024-09-23 14:30:00	868726	1055204	1923930	1.21
2024-09-23 15:00:00	954940	1154021	2108961	1.21
2024-09-23 15:15:00	1010518	1213043	2223561	1.2
2024-09-20 09:00:00	203669	428471	632140	2.1
2024-09-20 09:30:00	357024	576985	934009	1.62
2024-09-20 10:00:00	484031	713537	1197568	1.47
2024-09-20 10:30:00	588918	877129	1466047	1.49
2024-09-20 11:00:00	719777	1010744	1730521	1.4
2024-09-20 11:30:00	818227	1115908	1934135	1.36
2024-09-20 12:00:00	949780	1196304	2146084	1.26
2024-09-20 12:30:00	1041817	1325684	2367501	1.27
2024-09-20 13:00:00	1151736	1446991	2598727	1.26
2024-09-20 13:30:00	1253047	1612437	2865484	1.29
2024-09-20 14:00:00	1396930	1804552	3201482	1.29
2024-09-20 14:30:00	1547032	1964671	3511703	1.27
2024-09-20 15:00:00	1736959	2200453	3937412	1.27
2024-09-20 15:15:00	1763594	2242267	4005861	1.27
2024-09-19 09:00:00	172600	255929	428529	1.48
2024-09-19 09:30:00	355534	401034	756568	1.13
2024-09-19 10:00:00	508964	497915	1006879	0.98
2024-09-19 10:30:00	573368	616987	1190355	1.08
2024-09-19 11:00:00	640880	725215	1366095	1.13
2024-09-19 11:30:00	721656	824035	1545691	1.14
2024-09-19 12:00:00	765965	898703	1664668	1.17
2024-09-19 12:30:00	830217	983627	1813844	1.18
2024-09-19 13:00:00	880370	1068472	1948842	1.21
2024-09-19 13:30:00	956886	1148497	2105383	1.2
2024-09-19 14:00:00	1019971	1314230	2334201	1.29
2024-09-19 14:30:00	1227846	1465943	2693789	1.19
2024-09-19 15:00:00	1376208	1594061	2970269	1.16
2024-09-19 15:15:00	1423292	1657854	3081146	1.16
2024-09-18 09:00:00	96171	274659	370830	2.86
2024-09-18 09:30:00	220505	341909	562414	1.55
2024-09-18 10:00:00	311558	421868	733426	1.35
2024-09-18 10:30:00	364197	477605	841802	1.31
2024-09-18 11:00:00	437952	573929	1011881	1.31
2024-09-18 11:30:00	472889	620137	1093026	1.31
2024-09-18 12:00:00	517951	669659	1187610	1.29
2024-09-18 12:30:00	570720	708431	1279151	1.24
2024-09-18 13:00:00	609358	754483	1363841	1.24
2024-09-18 13:30:00	700055	836586	1536641	1.2
2024-09-18 14:00:00	762770	919291	1682061	1.21
2024-09-18 14:30:00	855662	1031933	1887595	1.21
2024-09-18 15:00:00	1021808	1277351	2299159	1.25
2024-09-18 15:15:00	1062316	1369927	2432243	1.29
2024-09-17 09:00:00	87307	154852	242159	1.77
2024-09-17 09:30:00	177174	279110	456284	1.58
2024-09-17 10:00:00	271623	366756	638379	1.35
2024-09-17 10:30:00	455553	474205	929758	1.04
2024-09-17 11:00:00	503528	554679	1058207	1.1
2024-09-17 11:30:00	560809	637409	1198218	1.14
2024-09-17 12:00:00	695616	713365	1408981	1.03
2024-09-17 12:30:00	779095	772891	1551986	0.99
2024-09-17 13:00:00	863293	845776	1709069	0.98
2024-09-17 13:30:00	906681	896161	1802842	0.99
2024-09-17 14:00:00	965413	982803	1948216	1.02
2024-09-17 14:30:00	1039276	1066966	2106242	1.03
2024-09-17 15:00:00	1172620	1203153	2375773	1.03
2024-09-17 15:15:00	1262654	1261198	2523852	1.0
2024-09-16 09:00:00	111475	131387	242862	1.18
2024-09-16 09:30:00	214854	269443	484297	1.25
2024-09-16 10:00:00	323504	353868	677372	1.09
2024-09-16 10:30:00	363554	400391	763945	1.1
2024-09-16 11:00:00	427761	499159	926920	1.17
2024-09-16 11:30:00	486914	556007	1042921	1.14
2024-09-16 12:00:00	542974	595367	1138341	1.1
2024-09-16 12:30:00	591476	630404	1221880	1.07
2024-09-16 13:00:00	634159	699072	1333231	1.1
2024-09-16 13:30:00	708507	742495	1451002	1.05
2024-09-16 14:00:00	815769	805158	1620927	0.99
2024-09-16 14:30:00	873286	868445	1741731	0.99
2024-09-16 15:00:00	967025	987457	1954482	1.02
2024-09-16 15:15:00	998464	1033348	2031812	1.03
2024-09-13 09:00:00	220936	245884	466820	1.11
2024-09-13 09:30:00	378855	491845	870700	1.3
2024-09-13 10:00:00	640137	749606	1389743	1.17
2024-09-13 10:30:00	730029	885523	1615552	1.21
2024-09-13 11:00:00	850782	1045621	1896403	1.23
2024-09-13 11:30:00	940802	1199531	2140333	1.28
2024-09-13 12:00:00	1026698	1282568	2309266	1.25
2024-09-13 12:30:00	1128045	1409141	2537186	1.25
2024-09-13 13:00:00	1213737	1522007	2735744	1.25
2024-09-13 13:30:00	1346175	1696879	3043054	1.26
2024-09-13 14:00:00	1492159	1852007	3344166	1.24
2024-09-13 14:30:00	1605626	1975945	3581571	1.23
2024-09-13 15:00:00	1789992	2190160	3980152	1.22
2024-09-13 15:15:00	1858826	2278210	4137036	1.23
2024-09-12 09:00:00	192751	237152	429903	1.23
2024-09-12 09:30:00	342008	351637	693645	1.03
2024-09-12 10:00:00	430499	504994	935493	1.17
2024-09-12 10:30:00	513518	559058	1072576	1.09
2024-09-12 11:00:00	609980	648550	1258530	1.06
2024-09-12 11:30:00	647875	708817	1356692	1.09
2024-09-12 12:00:00	701157	781697	1482854	1.11
2024-09-12 12:30:00	736304	849150	1585454	1.15
2024-09-12 13:00:00	843946	952437	1796383	1.13
2024-09-12 13:30:00	921424	1037094	1958518	1.13
2024-09-12 14:00:00	987279	1110651	2097930	1.12
2024-09-12 14:30:00	1048377	1198650	2247027	1.14
2024-09-12 15:00:00	1188886	1342541	2531427	1.13
2024-09-12 15:15:00	1229480	1390955	2620435	1.13
2024-09-11 09:00:00	213078	129300	342378	0.61
2024-09-11 09:30:00	355896	296904	652800	0.83
2024-09-11 10:00:00	440741	387846	828587	0.88
2024-09-11 10:30:00	532996	468910	1001906	0.88
2024-09-11 11:00:00	631973	566503	1198476	0.9
2024-09-11 11:30:00	694526	621954	1316480	0.9
2024-09-11 12:00:00	764706	715300	1480006	0.94
2024-09-11 12:30:00	909223	827794	1737017	0.91
2024-09-11 13:00:00	983167	907601	1890768	0.92
2024-09-11 13:30:00	1036223	974761	2010984	0.94
2024-09-11 14:00:00	1108348	1053458	2161806	0.95
2024-09-11 14:30:00	1206304	1154479	2360783	0.96
2024-09-11 15:00:00	1402629	1330631	2733260	0.95
2024-09-11 15:15:00	1465984	1436496	2902480	0.98
2024-09-10 09:00:00	57882	91949	149831	1.59
2024-09-10 09:30:00	185228	214678	399906	1.16
2024-09-10 10:00:00	245286	286343	531629	1.17
2024-09-10 10:30:00	278037	368105	646142	1.32
2024-09-10 11:00:00	334683	445417	780100	1.33
2024-09-10 11:30:00	407801	536920	944721	1.32
2024-09-10 12:00:00	463108	592406	1055514	1.28
2024-09-10 12:30:00	507332	647745	1155077	1.28
2024-09-10 13:00:00	535196	682697	1217893	1.28
2024-09-10 13:30:00	614211	740196	1354407	1.21
2024-09-10 14:00:00	671705	803415	1475120	1.2
2024-09-10 14:30:00	811185	883782	1694967	1.09
2024-09-10 15:00:00	939307	1003044	1942351	1.07
2024-09-10 15:15:00	977313	1052118	2029431	1.08
2024-09-09 09:00:00	107970	125421	233391	1.16
2024-09-09 09:30:00	171143	270275	441418	1.58
2024-09-09 10:00:00	225295	335717	561012	1.49
2024-09-09 10:30:00	282732	429478	712210	1.52
2024-09-09 11:00:00	322795	505473	828268	1.57
2024-09-09 11:30:00	374456	568062	942518	1.52
2024-09-09 12:00:00	475107	740739	1215846	1.56
2024-09-09 12:30:00	502222	772673	1274895	1.54
2024-09-09 13:00:00	554833	827813	1382646	1.49
2024-09-09 13:30:00	604630	893227	1497857	1.48
2024-09-09 14:00:00	648048	985993	1634041	1.52
2024-09-09 14:30:00	704615	1082261	1786876	1.54
2024-09-09 15:00:00	809844	1217445	2027289	1.5
2024-09-09 15:15:00	862608	1279098	2141706	1.48
2024-09-06 09:00:00	218433	295848	514281	1.35
2024-09-06 09:30:00	401013	465527	866540	1.16
2024-09-06 10:00:00	611481	725659	1337140	1.19
2024-09-06 10:30:00	785498	1093685	1879183	1.39
2024-09-06 11:00:00	931321	1279476	2210797	1.37
2024-09-06 11:30:00	1078266	1455350	2533616	1.35
2024-09-06 12:00:00	1208732	1685883	2894615	1.39
2024-09-06 12:30:00	1317281	1838539	3155820	1.4
2024-09-06 13:00:00	1422472	1977624	3400096	1.39
2024-09-06 13:30:00	1544536	2130107	3674643	1.38
2024-09-06 14:00:00	1656004	2240385	3896389	1.35
2024-09-06 14:30:00	1829169	2483978	4313147	1.36
2024-09-06 15:00:00	2040218	2770122	4810340	1.36
2024-09-06 15:15:00	2086263	2850258	4936521	1.37
2024-09-05 09:00:00	152846	169750	322596	1.11
2024-09-05 09:30:00	472589	272816	745405	0.58
2024-09-05 10:00:00	518560	363924	882484	0.7
2024-09-05 10:30:00	633529	439421	1072950	0.69
2024-09-05 11:00:00	1627069	521986	2149055	0.32
2024-09-05 11:30:00	1699647	624744	2324391	0.37
2024-09-05 12:00:00	1732749	655800	2388549	0.38
2024-09-05 12:30:00	1785500	707056	2492556	0.4
2024-09-05 13:00:00	1846100	778909	2625009	0.42
2024-09-05 13:30:00	1885295	837018	2722313	0.44
2024-09-05 14:00:00	1933829	914232	2848061	0.47
2024-09-05 14:30:00	2009311	1023276	3032587	0.51
2024-09-05 15:00:00	2124302	1176159	3300461	0.55
2024-09-05 15:15:00	2161380	1238729	3400109	0.57
2024-09-04 09:00:00	264956	334015	598971	1.26
2024-09-04 09:30:00	448483	459440	907923	1.02
2024-09-04 10:00:00	569402	585728	1155130	1.03
2024-09-04 10:30:00	643758	648520	1292278	1.01
2024-09-04 11:00:00	718778	712727	1431505	0.99
2024-09-04 11:30:00	745422	781771	1527193	1.05
2024-09-04 12:00:00	775366	829165	1604531	1.07
2024-09-04 12:30:00	825965	895495	1721460	1.08
2024-09-04 13:00:00	891950	977385	1869335	1.1
2024-09-04 13:30:00	933971	1029068	1963039	1.1
2024-09-04 14:00:00	983829	1089248	2073077	1.11
2024-09-04 14:30:00	1185209	1220358	2405567	1.03
2024-09-04 15:00:00	1396808	1418866	2815674	1.02
2024-09-04 15:15:00	1452007	1473296	2925303	1.01
2024-09-03 09:00:00	106415	144660	251075	1.36
2024-09-03 09:30:00	246515	389874	636389	1.58
2024-09-03 10:00:00	336773	498334	835107	1.48
2024-09-03 10:30:00	387804	564349	952153	1.46
2024-09-03 11:00:00	535996	645648	1181644	1.2
2024-09-03 11:30:00	600892	697740	1298632	1.16
2024-09-03 12:00:00	649052	762665	1411717	1.18
2024-09-03 12:30:00	720772	820911	1541683	1.14
2024-09-03 13:00:00	761897	876463	1638360	1.15
2024-09-03 13:30:00	994519	1041469	2035988	1.05
2024-09-03 14:00:00	1111446	1157483	2268929	1.04
2024-09-03 14:30:00	1270166	1332805	2602971	1.05
2024-09-03 15:00:00	2184261	1656848	3841109	0.76
2024-09-03 15:15:00	2333883	1842056	4175939	0.79
2024-08-30 09:00:00	158640	165956	324596	1.05
2024-08-30 09:30:00	277751	306789	584540	1.1
2024-08-30 10:00:00	402309	455341	857650	1.13
2024-08-30 10:30:00	522675	570426	1093101	1.09
2024-08-30 11:00:00	623162	703765	1326927	1.13
2024-08-30 11:30:00	895519	812643	1708162	0.91
2024-08-30 12:00:00	985700	957446	1943146	0.97
2024-08-30 12:30:00	1321296	1050960	2372256	0.8
2024-08-30 13:00:00	1650934	1126634	2777568	0.68
2024-08-30 13:30:00	1756064	1244981	3001045	0.71
2024-08-30 14:00:00	1964401	1352181	3316582	0.69
2024-08-30 14:30:00	2091831	1477649	3569480	0.71
2024-08-30 15:00:00	2331297	1723668	4054965	0.74
2024-08-30 15:15:00	2403942	1810620	4214562	0.75
2024-08-29 09:00:00	131788	200344	332132	1.52
2024-08-29 09:30:00	216019	322592	538611	1.49
2024-08-29 10:00:00	298550	400325	698875	1.34
2024-08-29 10:30:00	342763	458533	801296	1.34
2024-08-29 11:00:00	368652	533993	902645	1.45
2024-08-29 11:30:00	422559	577417	999976	1.37
2024-08-29 12:00:00	458819	611770	1070589	1.33
2024-08-29 12:30:00	481081	652514	1133595	1.36
2024-08-29 13:00:00	507320	695016	1202336	1.37
2024-08-29 13:30:00	539319	745050	1284369	1.38
2024-08-29 14:00:00	641102	851061	1492163	1.33
2024-08-29 14:30:00	702618	938748	1641366	1.34
2024-08-29 15:00:00	783529	1043627	1827156	1.33
2024-08-29 15:15:00	807206	1073881	1881087	1.33
2024-08-28 09:00:00	74125	77141	151266	1.04
2024-08-28 09:30:00	130734	133598	264332	1.02
2024-08-28 10:00:00	182262	193480	375742	1.06
2024-08-28 10:30:00	240093	310038	550131	1.29
2024-08-28 11:00:00	277044	388784	665828	1.4
2024-08-28 11:30:00	324237	457583	781820	1.41
2024-08-28 12:00:00	357898	495246	853144	1.38
2024-08-28 12:30:00	382866	548515	931381	1.43
2024-08-28 13:00:00	436494	605861	1042355	1.39
2024-08-28 13:30:00	496515	664217	1160732	1.34
2024-08-28 14:00:00	618739	721098	1339837	1.17
2024-08-28 14:30:00	689808	818808	1508616	1.19
2024-08-28 15:00:00	810250	948259	1758509	1.17
2024-08-28 15:15:00	838399	983325	1821724	1.17
2024-08-27 09:00:00	59991	140850	200841	2.35
2024-08-27 09:30:00	127182	236254	363436	1.86
2024-08-27 10:00:00	221139	312443	533582	1.41
2024-08-27 10:30:00	271886	371898	643784	1.37
2024-08-27 11:00:00	318742	414141	732883	1.3
2024-08-27 11:30:00	349438	442655	792093	1.27
2024-08-27 12:00:00	406339	490071	896410	1.21
2024-08-27 12:30:00	438165	521453	959618	1.19
2024-08-27 13:00:00	512518	577606	1090124	1.13
2024-08-27 13:30:00	536576	614101	1150677	1.14
2024-08-27 14:00:00	585612	655867	1241479	1.12
2024-08-27 14:30:00	608141	725594	1333735	1.19
2024-08-27 15:00:00	678259	880448	1558707	1.3
2024-08-27 15:15:00	713596	909429	1623025	1.27
2024-08-26 09:00:00	94756	95830	190586	1.01
2024-08-26 09:30:00	152179	173117	325296	1.14
2024-08-26 10:00:00	199055	219067	418122	1.1
2024-08-26 10:30:00	230584	265420	496004	1.15
2024-08-26 11:00:00	255222	315958	571180	1.24
2024-08-26 11:30:00	284742	352467	637209	1.24
2024-08-26 12:00:00	309999	380682	690681	1.23
2024-08-26 12:30:00	332169	401446	733615	1.21
2024-08-26 13:00:00	400064	457315	857379	1.14
2024-08-26 13:30:00	467996	503172	971168	1.08
2024-08-26 14:00:00	517198	554600	1071798	1.07
2024-08-26 14:30:00	582302	656717	1239019	1.13
2024-08-26 15:00:00	685175	747770	1432945	1.09
2024-08-26 15:15:00	705822	785790	1491612	1.11
2024-08-23 09:00:00	117095	170424	287519	1.46
2024-08-23 09:30:00	311943	345528	657471	1.11
2024-08-23 10:00:00	469243	606110	1075353	1.29
2024-08-23 10:30:00	591311	717820	1309131	1.21
2024-08-23 11:00:00	687876	860497	1548373	1.25
2024-08-23 11:30:00	802311	977188	1779499	1.22
2024-08-23 12:00:00	913350	1108739	2022089	1.21
2024-08-23 12:30:00	969040	1210387	2179427	1.25
2024-08-23 13:00:00	1033064	1397058	2430122	1.35
2024-08-23 13:30:00	1096550	1540717	2637267	1.41
2024-08-23 14:00:00	1205092	1639193	2844285	1.36
2024-08-23 14:30:00	1360352	1778098	3138450	1.31
2024-08-23 15:00:00	1542957	1975645	3518602	1.28
2024-08-23 15:15:00	1595764	2061612	3657376	1.29
2024-08-22 09:00:00	120532	98118	218650	0.81
2024-08-22 09:30:00	185179	178139	363318	0.96
2024-08-22 10:00:00	260660	251794	512454	0.97
2024-08-22 10:30:00	297417	299779	597196	1.01
2024-08-22 11:00:00	353156	392285	745441	1.11
2024-08-22 11:30:00	400222	472129	872351	1.18
2024-08-22 12:00:00	446794	549588	996382	1.23
2024-08-22 12:30:00	496845	609835	1106680	1.23
2024-08-22 13:00:00	552969	684743	1237712	1.24
2024-08-22 13:30:00	610001	748422	1358423	1.23
2024-08-22 14:00:00	661807	792795	1454602	1.2
2024-08-22 14:30:00	737795	853801	1591596	1.16
2024-08-22 15:00:00	831014	970774	1801788	1.17
2024-08-22 15:15:00	865124	1013314	1878438	1.17
2024-08-21 09:00:00	96393	152660	249053	1.58
2024-08-21 09:30:00	209158	259408	468566	1.24
2024-08-21 10:00:00	287148	340056	627204	1.18
2024-08-21 10:30:00	428565	430079	858644	1.0
2024-08-21 11:00:00	478562	483378	961940	1.01
2024-08-21 11:30:00	541957	572460	1114417	1.06
2024-08-21 12:00:00	566482	602814	1169296	1.06
2024-08-21 12:30:00	606663	639723	1246386	1.05
2024-08-21 13:00:00	640050	679906	1319956	1.06
2024-08-21 13:30:00	689030	744160	1433190	1.08
2024-08-21 14:00:00	817466	843536	1661002	1.03
2024-08-21 14:30:00	879703	920481	1800184	1.05
2024-08-21 15:00:00	983624	1046172	2029796	1.06
2024-08-21 15:15:00	1024810	1095094	2119904	1.07
2024-08-20 09:00:00	137111	176154	313265	1.28
2024-08-20 09:30:00	348505	437023	785528	1.25
2024-08-20 10:00:00	577894	547319	1125213	0.95
2024-08-20 10:30:00	703732	618267	1321999	0.88
2024-08-20 11:00:00	879275	735581	1614856	0.84
2024-08-20 11:30:00	937657	801548	1739205	0.85
2024-08-20 12:00:00	992157	895122	1887279	0.9
2024-08-20 12:30:00	1042982	944355	1987337	0.91
2024-08-20 13:00:00	1078091	1013477	2091568	0.94
2024-08-20 13:30:00	1124286	1073141	2197427	0.95
2024-08-20 14:00:00	1181936	1116934	2298870	0.95
2024-08-20 14:30:00	1255828	1209324	2465152	0.96
2024-08-20 15:00:00	1358680	1330749	2689429	0.98
2024-08-20 15:15:00	1411057	1373587	2784644	0.97
2024-08-19 09:00:00	127590	132860	260450	1.04
2024-08-19 09:30:00	201816	238880	440696	1.18
2024-08-19 10:00:00	267518	321625	589143	1.2
2024-08-19 10:30:00	431436	421457	852893	0.98
2024-08-19 11:00:00	536770	522864	1059634	0.97
2024-08-19 11:30:00	568950	579159	1148109	1.02
2024-08-19 12:00:00	695808	628448	1324256	0.9
2024-08-19 12:30:00	753689	671701	1425390	0.89
2024-08-19 13:00:00	793051	724957	1518008	0.91
2024-08-19 13:30:00	833619	774055	1607674	0.93
2024-08-19 14:00:00	941153	877737	1818890	0.93
2024-08-19 14:30:00	1056254	943724	1999978	0.89
2024-08-19 15:00:00	1250430	1106250	2356680	0.88
2024-08-19 15:15:00	1312017	1171026	2483043	0.89
2024-08-16 09:00:00	252992	257972	510964	1.02
2024-08-16 09:30:00	410812	418035	828847	1.02
2024-08-16 10:00:00	560428	591044	1151472	1.05
2024-08-16 10:30:00	656829	697443	1354272	1.06
2024-08-16 11:00:00	789697	856945	1646642	1.09
2024-08-16 11:30:00	871355	984346	1855701	1.13
2024-08-16 12:00:00	993118	1129966	2123084	1.14
2024-08-16 12:30:00	1082793	1262154	2344947	1.17
2024-08-16 13:00:00	1187026	1436638	2623664	1.21
2024-08-16 13:30:00	1287905	1551128	2839033	1.2
2024-08-16 14:00:00	1630529	1702917	3333446	1.04
2024-08-16 14:30:00	1759538	1810106	3569644	1.03
2024-08-16 15:00:00	1932326	2027335	3959661	1.05
2024-08-16 15:15:00	1972078	2093463	4065541	1.06
2024-08-15 09:00:00	176062	243173	419235	1.38
2024-08-15 09:30:00	330619	393011	723630	1.19
2024-08-15 10:00:00	557504	632675	1190179	1.13
2024-08-15 10:30:00	661009	804013	1465022	1.22
2024-08-15 11:00:00	786667	923963	1710630	1.17
2024-08-15 11:30:00	867457	990052	1857509	1.14
2024-08-15 12:00:00	987482	1082796	2070278	1.1
2024-08-15 12:30:00	1057674	1148801	2206475	1.09
2024-08-15 13:00:00	1114852	1202170	2317022	1.08
2024-08-15 13:30:00	1185646	1262428	2448074	1.06
2024-08-15 14:00:00	1273294	1335437	2608731	1.05
2024-08-15 14:30:00	1366285	1455237	2821522	1.07
2024-08-15 15:00:00	1527831	1642916	3170747	1.08
2024-08-15 15:15:00	1591422	1745594	3337016	1.1
2024-08-13 09:00:00	102375	219187	321562	2.14
2024-08-13 09:30:00	215379	330518	545897	1.53
2024-08-13 10:00:00	317730	434590	752320	1.37
2024-08-13 10:30:00	373025	500617	873642	1.34
2024-08-13 11:00:00	420748	558397	979145	1.33
2024-08-13 11:30:00	472225	602758	1074983	1.28
2024-08-13 12:00:00	525087	650866	1175953	1.24
2024-08-13 12:30:00	591033	738784	1329817	1.25
2024-08-13 13:00:00	667099	830117	1497216	1.24
2024-08-13 13:30:00	813523	918808	1732331	1.13
2024-08-13 14:00:00	989078	1012487	2001565	1.02
2024-08-13 14:30:00	1078820	1120310	2199130	1.04
2024-08-13 15:00:00	1266175	1355236	2621411	1.07
2024-08-13 15:15:00	1341354	1411223	2752577	1.05
2024-08-12 09:00:00	78416	121873	200289	1.55
2024-08-12 09:30:00	267295	357758	625053	1.34
2024-08-12 10:00:00	356583	532963	889546	1.49
2024-08-12 10:30:00	519833	738825	1258658	1.42
2024-08-12 11:00:00	607134	821512	1428646	1.35
2024-08-12 11:30:00	659844	904006	1563850	1.37
2024-08-12 12:00:00	705603	953036	1658639	1.35
2024-08-12 12:30:00	806109	1019055	1825164	1.26
2024-08-12 13:00:00	846303	1106745	1953048	1.31
2024-08-12 13:30:00	1030588	1205311	2235899	1.17
2024-08-12 14:00:00	1081665	1253765	2335430	1.16
2024-08-12 14:30:00	1139705	1333426	2473131	1.17
2024-08-12 15:00:00	1245511	1458148	2703659	1.17
2024-08-12 15:15:00	1285423	1505476	2790899	1.17
2024-08-09 09:00:00	228764	295254	524018	1.29
2024-08-09 09:30:00	425957	470630	896587	1.1
2024-08-09 10:00:00	536885	623210	1160095	1.16
2024-08-09 10:30:00	676963	751740	1428703	1.11
2024-08-09 11:00:00	768203	887797	1656000	1.16
2024-08-09 11:30:00	872038	1069680	1941718	1.23
2024-08-09 12:00:00	993088	1182233	2175321	1.19
2024-08-09 12:30:00	1158597	1323917	2482514	1.14
2024-08-09 13:00:00	1279938	1464866	2744804	1.14
2024-08-09 13:30:00	1383350	1581657	2965007	1.14
2024-08-09 14:00:00	1506572	1711264	3217836	1.14
2024-08-09 14:30:00	1630218	1953345	3583563	1.2
2024-08-09 15:00:00	1792530	2180098	3972628	1.22
2024-08-09 15:15:00	1840526	2251481	4092007	1.22
2024-08-08 09:00:00	169499	324658	494157	1.92
2024-08-08 09:30:00	251428	486335	737763	1.93
2024-08-08 10:00:00	349573	592385	941958	1.69
2024-08-08 10:30:00	400188	685740	1085928	1.71
2024-08-08 11:00:00	494446	766150	1260596	1.55
2024-08-08 11:30:00	600721	914189	1514910	1.52
2024-08-08 12:00:00	648835	1029071	1677906	1.59
2024-08-08 12:30:00	699908	1094301	1794209	1.56
2024-08-08 13:00:00	726962	1193743	1920705	1.64
2024-08-08 13:30:00	846972	1309170	2156142	1.55
2024-08-08 14:00:00	880533	1354703	2235236	1.54
2024-08-08 14:30:00	1005914	1475351	2481265	1.47
2024-08-08 15:00:00	1081803	1650501	2732304	1.53
2024-08-08 15:15:00	1112866	1711892	2824758	1.54
2024-08-07 09:00:00	159531	251204	410735	1.57
2024-08-07 09:30:00	582623	413081	995704	0.71
2024-08-07 10:00:00	673211	501918	1175129	0.75
2024-08-07 10:30:00	732567	657022	1389589	0.9
2024-08-07 11:00:00	848242	783545	1631787	0.92
2024-08-07 11:30:00	922403	935318	1857721	1.01
2024-08-07 12:00:00	1008314	1070625	2078939	1.06
2024-08-07 12:30:00	1106576	1177926	2284502	1.06
2024-08-07 13:00:00	1166954	1321599	2488553	1.13
2024-08-07 13:30:00	1267164	1454793	2721957	1.15
2024-08-07 14:00:00	1393748	1687096	3080844	1.21
2024-08-07 14:30:00	1485664	1779766	3265430	1.2
2024-08-07 15:00:00	1678458	1991107	3669565	1.19
2024-08-07 15:15:00	1733394	2054954	3788348	1.19
2024-08-06 09:00:00	140437	283101	423538	2.02
2024-08-06 09:30:00	269326	478698	748024	1.78
2024-08-06 10:00:00	384965	649248	1034213	1.69
2024-08-06 10:30:00	499078	804298	1303376	1.61
2024-08-06 11:00:00	593140	947631	1540771	1.6
2024-08-06 11:30:00	692349	1116762	1809111	1.61
2024-08-06 12:00:00	746276	1220770	1967046	1.64
2024-08-06 12:30:00	795838	1314572	2110410	1.65
2024-08-06 13:00:00	889960	1403700	2293660	1.58
2024-08-06 13:30:00	991318	1503808	2495126	1.52
2024-08-06 14:00:00	1058247	1591562	2649809	1.5
2024-08-06 14:30:00	1192122	1803844	2995966	1.51
2024-08-06 15:00:00	1285140	1952145	3237285	1.52
2024-08-06 15:15:00	1353561	2023033	3376594	1.49
2024-08-05 09:00:00	226433	313374	539807	1.38
2024-08-05 09:30:00	472114	586914	1059028	1.24
2024-08-05 10:00:00	673340	918748	1592088	1.36
2024-08-05 10:30:00	840774	1257897	2098671	1.5
2024-08-05 11:00:00	967791	1551452	2519243	1.6
2024-08-05 11:30:00	1056618	1687412	2744030	1.6
2024-08-05 12:00:00	1175626	1885235	3060861	1.6
2024-08-05 12:30:00	1223617	2092378	3315995	1.71
2024-08-05 13:00:00	1302451	2246085	3548536	1.72
2024-08-05 13:30:00	1383442	2376105	3759547	1.72
2024-08-05 14:00:00	1511068	2542605	4053673	1.68
2024-08-05 14:30:00	1617920	2753599	4371519	1.7
2024-08-05 15:00:00	1889493	3030998	4920491	1.6
2024-08-05 15:15:00	1944108	3150268	5094376	1.62
2024-08-02 09:00:00	316721	447018	763739	1.41
2024-08-02 09:30:00	705633	1284292	1989925	1.82
2024-08-02 10:00:00	1010699	1760615	2771314	1.74
2024-08-02 10:30:00	1506288	2071557	3577845	1.38
2024-08-02 11:00:00	1834346	2354955	4189301	1.28
2024-08-02 11:30:00	2021247	2657205	4678452	1.31
2024-08-02 12:00:00	2198303	2882164	5080467	1.31
2024-08-02 12:30:00	2314017	2994014	5308031	1.29
2024-08-02 13:00:00	2496652	3174666	5671318	1.27
2024-08-02 13:30:00	2630090	3403572	6033662	1.29
2024-08-02 14:00:00	2779404	3610747	6390151	1.3
2024-08-02 14:30:00	3013822	3887007	6900829	1.29
2024-08-02 15:00:00	3278632	4237366	7515998	1.29
2024-08-02 15:15:00	3378000	4367459	7745459	1.29
2024-08-01 09:00:00	82581	115069	197650	1.39
2024-08-01 09:30:00	308726	269911	578637	0.87
2024-08-01 10:00:00	486434	423609	910043	0.87
2024-08-01 10:30:00	572330	633183	1205513	1.11
2024-08-01 11:00:00	630379	712159	1342538	1.13
2024-08-01 11:30:00	684682	800287	1484969	1.17
2024-08-01 12:00:00	748703	901653	1650356	1.2
2024-08-01 12:30:00	883634	1012471	1896105	1.15
2024-08-01 13:00:00	989661	1178581	2168242	1.19
2024-08-01 13:30:00	1038632	1289202	2327834	1.24
2024-08-01 14:00:00	1186009	1459881	2645890	1.23
2024-08-01 14:30:00	1365681	1585925	2951606	1.16
2024-08-01 15:00:00	1570230	1771724	3341954	1.13
2024-08-01 15:15:00	1605444	1873496	3478940	1.17
2024-07-31 09:00:00	113443	166394	279837	1.47
2024-07-31 09:30:00	374202	261609	635811	0.7
2024-07-31 10:00:00	457408	392365	849773	0.86
2024-07-31 10:30:00	482270	446341	928611	0.93
2024-07-31 11:00:00	519347	516753	1036100	1.0
2024-07-31 11:30:00	577983	610379	1188362	1.06
2024-07-31 12:00:00	597554	679562	1277116	1.14
2024-07-31 12:30:00	631069	728165	1359234	1.15
2024-07-31 13:00:00	665989	799062	1465051	1.2
2024-07-31 13:30:00	691051	838767	1529818	1.21
2024-07-31 14:00:00	732969	937588	1670557	1.28
2024-07-31 14:30:00	816350	1078817	1895167	1.32
2024-07-31 15:00:00	997360	1249626	2246986	1.25
2024-07-31 15:15:00	1039317	1335728	2375045	1.29
2024-07-30 09:00:00	51658	128837	180495	2.49
2024-07-30 09:30:00	97468	232354	329822	2.38
2024-07-30 10:00:00	120880	291773	412653	2.41
2024-07-30 10:30:00	212520	367503	580023	1.73
2024-07-30 11:00:00	254681	474977	729658	1.86
2024-07-30 11:30:00	283890	541239	825129	1.91
2024-07-30 12:00:00	317272	649342	966614	2.05
2024-07-30 12:30:00	379991	743806	1123797	1.96
2024-07-30 13:00:00	420784	817923	1238707	1.94
2024-07-30 13:30:00	466195	890191	1356386	1.91
2024-07-30 14:00:00	509856	929412	1439268	1.82
2024-07-30 14:30:00	554026	1005098	1559124	1.81
2024-07-30 15:00:00	638718	1160061	1798779	1.82
2024-07-30 15:15:00	679117	1224431	1903548	1.8
2024-07-29 09:00:00	67930	101253	169183	1.49
2024-07-29 09:30:00	178591	231886	410477	1.3
2024-07-29 10:00:00	187626	297243	484869	1.58
2024-07-29 10:30:00	307262	358705	665967	1.17
2024-07-29 11:00:00	355712	416438	772150	1.17
2024-07-29 11:30:00	671010	459377	1130387	0.68
2024-07-29 12:00:00	690189	501184	1191373	0.73
2024-07-29 12:30:00	717040	580449	1297489	0.81
2024-07-29 13:00:00	736623	611445	1348068	0.83
2024-07-29 13:30:00	838259	679222	1517481	0.81
2024-07-29 14:00:00	866531	730543	1597074	0.84
2024-07-29 14:30:00	903786	799128	1702914	0.88
2024-07-29 15:00:00	968980	927801	1896781	0.96
2024-07-29 15:15:00	995099	982611	1977710	0.99
2024-07-26 09:00:00	167773	199668	367441	1.19
2024-07-26 09:30:00	299620	347096	646716	1.16
2024-07-26 10:00:00	458300	547040	1005340	1.19
2024-07-26 10:30:00	564638	634928	1199566	1.12
2024-07-26 11:00:00	665741	790981	1456722	1.19
2024-07-26 11:30:00	768590	896292	1664882	1.17
2024-07-26 12:00:00	872468	992981	1865449	1.14
2024-07-26 12:30:00	963494	1131114	2094608	1.17
2024-07-26 13:00:00	1081903	1300664	2382567	1.2
2024-07-26 13:30:00	1154616	1433315	2587931	1.24
2024-07-26 14:00:00	1243834	1578813	2822647	1.27
2024-07-26 14:30:00	1352449	1730225	3082674	1.28
2024-07-26 15:00:00	1503226	1980349	3483575	1.32
2024-07-26 15:15:00	1577427	2069204	3646631	1.31
2024-07-25 09:00:00	140444	226266	366710	1.61
2024-07-25 09:30:00	359215	431670	790885	1.2
2024-07-25 10:00:00	528748	540228	1068976	1.02
2024-07-25 10:30:00	609978	684737	1294715	1.12
2024-07-25 11:00:00	663543	795499	1459042	1.2
2024-07-25 11:30:00	672954	875359	1548313	1.3
2024-07-25 12:00:00	730157	933281	1663438	1.28
2024-07-25 12:30:00	801282	1004776	1806058	1.25
2024-07-25 13:00:00	830773	1040869	1871642	1.25
2024-07-25 13:30:00	890962	1099346	1990308	1.23
2024-07-25 14:00:00	935051	1157070	2092121	1.24
2024-07-25 14:30:00	1035404	1228858	2264262	1.19
2024-07-25 15:00:00	1154961	1395951	2550912	1.21
2024-07-25 15:15:00	1235680	1485525	2721205	1.2
2024-07-24 09:00:00	188094	302287	490381	1.61
2024-07-24 09:30:00	319690	453626	773316	1.42
2024-07-24 10:00:00	400607	552754	953361	1.38
2024-07-24 10:30:00	551753	699170	1250923	1.27
2024-07-24 11:00:00	594720	826302	1421022	1.39
2024-07-24 11:30:00	679826	989544	1669370	1.46
2024-07-24 12:00:00	791511	1079536	1871047	1.36
2024-07-24 12:30:00	877989	1215462	2093451	1.38
2024-07-24 13:00:00	948468	1281597	2230065	1.35
2024-07-24 13:30:00	1014819	1387233	2402052	1.37
2024-07-24 14:00:00	1152783	1554045	2706828	1.35
2024-07-24 14:30:00	1274001	1710473	2984474	1.34
2024-07-24 15:00:00	1439913	2015261	3455174	1.4
2024-07-24 15:15:00	1513898	2112837	3626735	1.4
2024-07-23 09:00:00	92664	96423	189087	1.04
2024-07-23 09:30:00	294695	453659	748354	1.54
2024-07-23 10:00:00	368379	574515	942894	1.56
2024-07-23 10:30:00	410571	616223	1026794	1.5
2024-07-23 11:00:00	458254	665118	1123372	1.45
2024-07-23 11:30:00	493584	719933	1213517	1.46
2024-07-23 12:00:00	539613	755072	1294685	1.4
2024-07-23 12:30:00	563021	781966	1344987	1.39
2024-07-23 13:00:00	591288	811403	1402691	1.37
2024-07-23 13:30:00	616733	861255	1477988	1.4
2024-07-23 14:00:00	664309	916359	1580668	1.38
2024-07-23 14:30:00	691547	972891	1664438	1.41
2024-07-23 15:00:00	817817	1161973	1979790	1.42
2024-07-23 15:15:00	858438	1232602	2091040	1.44
2024-07-22 09:00:00	155291	155040	310331	1.0
2024-07-22 09:30:00	220537	239869	460406	1.09
2024-07-22 10:00:00	273152	300098	573250	1.1
2024-07-22 10:30:00	312795	401359	714154	1.28
2024-07-22 11:00:00	348851	463343	812194	1.33
2024-07-22 11:30:00	375574	553804	929378	1.47
2024-07-22 12:00:00	403519	597310	1000829	1.48
2024-07-22 12:30:00	436841	636026	1072867	1.46
2024-07-22 13:00:00	493771	693978	1187749	1.41
2024-07-22 13:30:00	550859	738631	1289490	1.34
2024-07-22 14:00:00	622944	804076	1427020	1.29
2024-07-22 14:30:00	700711	924348	1625059	1.32
2024-07-22 15:00:00	853013	1042635	1895648	1.22
2024-07-22 15:15:00	1009444	1197493	2206937	1.19
2024-07-19 09:00:00	194923	228586	423509	1.17
2024-07-19 09:30:00	371524	408393	779917	1.1
2024-07-19 10:00:00	675839	567083	1242922	0.84
2024-07-19 10:30:00	851683	764370	1616053	0.9
2024-07-19 11:00:00	1005718	926986	1932704	0.92
2024-07-19 11:30:00	1118967	1048727	2167694	0.94
2024-07-19 12:00:00	1237823	1169994	2407817	0.95
2024-07-19 12:30:00	1395090	1351176	2746266	0.97
2024-07-19 13:00:00	1501052	1479212	2980264	0.99
2024-07-19 13:30:00	1609652	1579283	3188935	0.98
2024-07-19 14:00:00	1790630	1711014	3501644	0.96
2024-07-19 14:30:00	1946996	1867990	3814986	0.96
2024-07-19 15:00:00	2156896	2120559	4277455	0.98
2024-07-19 15:15:00	2261141	2282041	4543182	1.01
2024-07-17 09:00:00	170322	276917	447239	1.63
2024-07-17 09:30:00	311058	411402	722460	1.32
2024-07-17 10:00:00	493256	612047	1105303	1.24
2024-07-17 10:30:00	703136	710932	1414068	1.01
2024-07-17 11:00:00	778960	788062	1567022	1.01
2024-07-17 11:30:00	867178	893801	1760979	1.03
2024-07-17 12:00:00	1103198	1061184	2164382	0.96
2024-07-17 12:30:00	1142505	1158541	2301046	1.01
2024-07-17 13:00:00	1176529	1200526	2377055	1.02
2024-07-17 13:30:00	1231338	1270020	2501358	1.03
2024-07-17 14:00:00	1281480	1338814	2620294	1.04
2024-07-17 14:30:00	1371108	1424917	2796025	1.04
2024-07-17 15:00:00	1492802	1573620	3066422	1.05
2024-07-17 15:15:00	1554001	1672562	3226563	1.08
2024-07-16 09:00:00	98185	155408	253593	1.58
2024-07-16 09:30:00	204423	326155	530578	1.6
2024-07-16 10:00:00	323570	450534	774104	1.39
2024-07-16 10:30:00	428440	622936	1051376	1.45
2024-07-16 11:00:00	637753	708211	1345964	1.11
2024-07-16 11:30:00	699943	778184	1478127	1.11
2024-07-16 12:00:00	781763	879333	1661096	1.12
2024-07-16 12:30:00	822811	932652	1755463	1.13
2024-07-16 13:00:00	967635	1015069	1982704	1.05
2024-07-16 13:30:00	1062000	1164769	2226769	1.1
2024-07-16 14:00:00	1154419	1279561	2433980	1.11
2024-07-16 14:30:00	1251078	1379783	2630861	1.1
2024-07-16 15:00:00	1413891	1550359	2964250	1.1
2024-07-16 15:15:00	1681307	1620913	3302220	0.96
2024-07-15 09:00:00	80134	122248	202382	1.53
2024-07-15 09:30:00	173578	186433	360011	1.07
2024-07-15 10:00:00	384318	311350	695668	0.81
2024-07-15 10:30:00	579352	528786	1108138	0.91
2024-07-15 11:00:00	662534	654621	1317155	0.99
2024-07-15 11:30:00	820044	727550	1547594	0.89
2024-07-15 12:00:00	888849	830273	1719122	0.93
2024-07-15 12:30:00	946624	910272	1856896	0.96
2024-07-15 13:00:00	993510	1002107	1995617	1.01
2024-07-15 13:30:00	1257629	1060612	2318241	0.84
2024-07-15 14:00:00	1310682	1132243	2442925	0.86
2024-07-15 14:30:00	1355620	1196196	2551816	0.88
2024-07-15 15:00:00	1456087	1351295	2807382	0.93
2024-07-15 15:15:00	1497361	1416804	2914165	0.95
2024-07-12 09:00:00	211526	278345	489871	1.32
2024-07-12 09:30:00	399500	491259	890759	1.23
2024-07-12 10:00:00	612616	726718	1339334	1.19
2024-07-12 10:30:00	726925	886609	1613534	1.22
2024-07-12 11:00:00	921376	1005423	1926799	1.09
2024-07-12 11:30:00	1052376	1132497	2184873	1.08
2024-07-12 12:00:00	1262791	1273930	2536721	1.01
2024-07-12 12:30:00	1376445	1406922	2783367	1.02
2024-07-12 13:00:00	1591818	1620672	3212490	1.02
2024-07-12 13:30:00	1742172	1752076	3494248	1.01
2024-07-12 14:00:00	1924739	1852684	3777423	0.96
2024-07-12 14:30:00	2042536	1978656	4021192	0.97
2024-07-12 15:00:00	2325734	2404733	4730467	1.03
2024-07-12 15:15:00	2404676	2518460	4923136	1.05
2024-07-11 09:00:00	134585	158705	293290	1.18
2024-07-11 09:30:00	304760	331574	636334	1.09
2024-07-11 10:00:00	391419	460046	851465	1.18
2024-07-11 10:30:00	474768	572725	1047493	1.21
2024-07-11 11:00:00	572821	654066	1226887	1.14
2024-07-11 11:30:00	783706	758696	1542402	0.97
2024-07-11 12:00:00	838697	826866	1665563	0.99
2024-07-11 12:30:00	928085	883795	1811880	0.95
2024-07-11 13:00:00	960793	939156	1899949	0.98
2024-07-11 13:30:00	1025465	1001483	2026948	0.98
2024-07-11 14:00:00	1084883	1037834	2122717	0.96
2024-07-11 14:30:00	1167335	1154258	2321593	0.99
2024-07-11 15:00:00	1237255	1276653	2513908	1.03
2024-07-11 15:15:00	1320765	1340488	2661253	1.01
2024-07-10 09:00:00	65581	171087	236668	2.61
2024-07-10 09:30:00	124021	262122	386143	2.11
2024-07-10 10:00:00	185643	346184	531827	1.86
2024-07-10 10:30:00	283310	437995	721305	1.55
2024-07-10 11:00:00	317895	521394	839289	1.64
2024-07-10 11:30:00	386044	603343	989387	1.56
2024-07-10 12:00:00	570135	685351	1255486	1.2
2024-07-10 12:30:00	656774	753299	1410073	1.15
2024-07-10 13:00:00	708631	881996	1590627	1.24
2024-07-10 13:30:00	780850	947801	1728651	1.21
2024-07-10 14:00:00	832390	1041948	1874338	1.25
2024-07-10 14:30:00	900810	1139447	2040257	1.26
2024-07-10 15:00:00	997461	1318345	2315806	1.32
2024-07-10 15:15:00	1090436	1426420	2516856	1.31
2024-07-09 09:00:00	112524	126181	238705	1.12
2024-07-09 09:30:00	176197	216088	392285	1.23
2024-07-09 10:00:00	261248	378358	639606	1.45
2024-07-09 10:30:00	310717	458047	768764	1.47
2024-07-09 11:00:00	337652	506028	843680	1.5
2024-07-09 11:30:00	379470	562172	941642	1.48
2024-07-09 12:00:00	400331	620469	1020800	1.55
2024-07-09 12:30:00	463160	688758	1151918	1.49
2024-07-09 13:00:00	489188	748892	1238080	1.53
2024-07-09 13:30:00	542596	842307	1384903	1.55
2024-07-09 14:00:00	581776	930676	1512452	1.6
2024-07-09 14:30:00	620304	987686	1607990	1.59
2024-07-09 15:00:00	702401	1086881	1789282	1.55
2024-07-09 15:15:00	739404	1122089	1861493	1.52
2024-07-08 09:00:00	120220	142995	263215	1.19
2024-07-08 09:30:00	219292	240115	459407	1.09
2024-07-08 10:00:00	300752	349714	650466	1.16
2024-07-08 10:30:00	639499	419790	1059289	0.66
2024-07-08 11:00:00	695172	535122	1230294	0.77
2024-07-08 11:30:00	796092	675796	1471888	0.85
2024-07-08 12:00:00	851407	745471	1596878	0.88
2024-07-08 12:30:00	894618	786332	1680950	0.88
2024-07-08 13:00:00	966257	833736	1799993	0.86
2024-07-08 13:30:00	992210	871254	1863464	0.88
2024-07-08 14:00:00	1051262	930874	1982136	0.89
2024-07-08 14:30:00	1117877	1028323	2146200	0.92
2024-07-08 15:00:00	1209602	1156161	2365763	0.96
2024-07-08 15:15:00	1253557	1211881	2465438	0.97
2024-07-05 09:00:00	209716	263357	473073	1.26
2024-07-05 09:30:00	343207	440717	783924	1.28
2024-07-05 10:00:00	443440	595994	1039434	1.34
2024-07-05 10:30:00	525750	759631	1285381	1.44
2024-07-05 11:00:00	623725	901471	1525196	1.45
2024-07-05 11:30:00	713150	1030474	1743624	1.44
2024-07-05 12:00:00	776653	1103526	1880179	1.42
2024-07-05 12:30:00	852551	1211353	2063904	1.42
2024-07-05 13:00:00	969454	1347843	2317297	1.39
2024-07-05 13:30:00	1040377	1437414	2477791	1.38
2024-07-05 14:00:00	1135883	1563402	2699285	1.38
2024-07-05 14:30:00	1242629	1678033	2920662	1.35
2024-07-05 15:00:00	1423900	1875087	3298987	1.32
2024-07-05 15:15:00	1516506	2004116	3520622	1.32
2024-07-03 09:00:00	150177	104073	254250	0.69
2024-07-03 09:30:00	313908	270991	584899	0.86
2024-07-03 10:00:00	402131	343817	745948	0.85
2024-07-03 10:30:00	450456	422100	872556	0.94
2024-07-03 11:00:00	490320	521729	1012049	1.06
2024-07-03 11:30:00	624912	759003	1383915	1.21
2024-07-03 12:00:00	757182	935710	1692892	1.24
2024-07-03 12:30:00	809183	1034782	1843965	1.28
2024-07-03 13:00:00	809123	1032971	1842094	1.28
2024-07-03 13:30:00	809123	1032971	1842094	1.28
2024-07-03 14:00:00	809123	1032971	1842094	1.28
2024-07-03 14:30:00	809123	1032971	1842094	1.28
2024-07-03 15:00:00	809123	1032971	1842094	1.28
2024-07-03 15:15:00	809123	1032971	1842094	1.28
2024-07-02 09:00:00	71959	111383	183342	1.55
2024-07-02 09:30:00	181464	208313	389777	1.15
2024-07-02 10:00:00	263876	305635	569511	1.16
2024-07-02 10:30:00	355239	415433	770672	1.17
2024-07-02 11:00:00	390145	481040	871185	1.23
2024-07-02 11:30:00	423789	518808	942597	1.22
2024-07-02 12:00:00	450275	554167	1004442	1.23
2024-07-02 12:30:00	491371	649900	1141271	1.32
2024-07-02 13:00:00	537842	709176	1247018	1.32
2024-07-02 13:30:00	581609	770940	1352549	1.33
2024-07-02 14:00:00	657456	830464	1487920	1.26
2024-07-02 14:30:00	726614	913361	1639975	1.26
2024-07-02 15:00:00	843987	1067733	1911720	1.27
2024-07-02 15:15:00	911799	1125188	2036987	1.23
2024-07-01 09:00:00	95958	147409	243367	1.54
2024-07-01 09:30:00	164098	249970	414068	1.52
2024-07-01 10:00:00	357355	333982	691337	0.93
2024-07-01 10:30:00	406499	425056	831555	1.05
2024-07-01 11:00:00	440438	501055	941493	1.14
2024-07-01 11:30:00	476779	544812	1021591	1.14
2024-07-01 12:00:00	498798	611669	1110467	1.23
2024-07-01 12:30:00	544977	652261	1197238	1.2
2024-07-01 13:00:00	567866	690807	1258673	1.22
2024-07-01 13:30:00	619888	735028	1354916	1.19
2024-07-01 14:00:00	689696	831659	1521355	1.21
2024-07-01 14:30:00	800028	955739	1755767	1.19
2024-07-01 15:00:00	888556	1080994	1969550	1.22
2024-07-01 15:15:00	925487	1196682	2122169	1.29
2024-06-28 09:00:00	208934	196674	405608	0.94
2024-06-28 09:30:00	417426	384228	801654	0.92
2024-06-28 10:00:00	735710	585384	1321094	0.8
2024-06-28 10:30:00	895344	766966	1662310	0.86
2024-06-28 11:00:00	997752	881825	1879577	0.88
2024-06-28 11:30:00	1135882	1065161	2201043	0.94
2024-06-28 12:00:00	1258253	1187252	2445505	0.94
2024-06-28 12:30:00	1338479	1267485	2605964	0.95
2024-06-28 13:00:00	1491273	1352722	2843995	0.91
2024-06-28 13:30:00	1691223	1552765	3243988	0.92
2024-06-28 14:00:00	1835533	1679586	3515119	0.92
2024-06-28 14:30:00	1982186	1870309	3852495	0.94
2024-06-28 15:00:00	2217745	2159167	4376912	0.97
2024-06-28 15:15:00	2345609	2404545	4750154	1.03
2024-06-27 09:00:00	96966	95615	192581	0.99
2024-06-27 09:30:00	167518	163324	330842	0.97
2024-06-27 10:00:00	280187	233529	513716	0.83
2024-06-27 10:30:00	372941	290439	663380	0.78
2024-06-27 11:00:00	403311	325280	728591	0.81
2024-06-27 11:30:00	450533	353996	804529	0.79
2024-06-27 12:00:00	479098	390772	869870	0.82
2024-06-27 12:30:00	509734	419160	928894	0.82
2024-06-27 13:00:00	535097	444459	979556	0.83
2024-06-27 13:30:00	715286	498034	1213320	0.7
2024-06-27 14:00:00	766301	563628	1329929	0.74
2024-06-27 14:30:00	815121	618483	1433604	0.76
2024-06-27 15:00:00	878894	732993	1611887	0.83
2024-06-27 15:15:00	924111	800624	1724735	0.87
2024-06-26 09:00:00	62143	112498	174641	1.81
2024-06-26 09:30:00	122482	200368	322850	1.64
2024-06-26 10:00:00	242389	233367	475756	0.96
2024-06-26 10:30:00	325895	302965	628860	0.93
2024-06-26 11:00:00	410526	347025	757551	0.85
2024-06-26 11:30:00	441825	381821	823646	0.86
2024-06-26 12:00:00	466934	408940	875874	0.88
2024-06-26 12:30:00	486396	438282	924678	0.9
2024-06-26 13:00:00	602806	481751	1084557	0.8
2024-06-26 13:30:00	635338	517180	1152518	0.81
2024-06-26 14:00:00	714688	576967	1291655	0.81
2024-06-26 14:30:00	766475	644961	1411436	0.84
2024-06-26 15:00:00	874021	781222	1655243	0.89
2024-06-26 15:15:00	913482	846412	1759894	0.93
2024-06-25 09:00:00	83893	162669	246562	1.94
2024-06-25 09:30:00	168245	236437	404682	1.41
2024-06-25 10:00:00	204386	288367	492753	1.41
2024-06-25 10:30:00	245759	365839	611598	1.49
2024-06-25 11:00:00	272901	399391	672292	1.46
2024-06-25 11:30:00	305006	448649	753655	1.47
2024-06-25 12:00:00	334407	493089	827496	1.47
2024-06-25 12:30:00	437457	559340	996797	1.28
2024-06-25 13:00:00	462252	587172	1049424	1.27
2024-06-25 13:30:00	488884	625461	1114345	1.28
2024-06-25 14:00:00	534527	666654	1201181	1.25
2024-06-25 14:30:00	590437	723844	1314281	1.23
2024-06-25 15:00:00	658684	815206	1473890	1.24
2024-06-25 15:15:00	695880	867941	1563821	1.25
2024-06-24 09:00:00	73318	157243	230561	2.14
2024-06-24 09:30:00	216493	342006	558499	1.58
2024-06-24 10:00:00	309327	408980	718307	1.32
2024-06-24 10:30:00	348031	491941	839972	1.41
2024-06-24 11:00:00	385219	547265	932484	1.42
2024-06-24 11:30:00	409200	575187	984387	1.41
2024-06-24 12:00:00	442561	620411	1062972	1.4
2024-06-24 12:30:00	479511	692400	1171911	1.44
2024-06-24 13:00:00	516242	738039	1254281	1.43
2024-06-24 13:30:00	562178	784979	1347157	1.4
2024-06-24 14:00:00	599397	851225	1450622	1.42
2024-06-24 14:30:00	628119	912072	1540191	1.45
2024-06-24 15:00:00	719226	1048196	1767422	1.46
2024-06-24 15:15:00	772947	1112840	1885787	1.44
2024-06-21 09:00:00	210656	292554	503210	1.39
2024-06-21 09:30:00	453227	580361	1033588	1.28
2024-06-21 10:00:00	611034	734299	1345333	1.2
2024-06-21 10:30:00	747200	891758	1638958	1.19
2024-06-21 11:00:00	883994	1034270	1918264	1.17
2024-06-21 11:30:00	974219	1135613	2109832	1.17
2024-06-21 12:00:00	1046320	1213282	2259602	1.16
2024-06-21 12:30:00	1148379	1317683	2466062	1.15
2024-06-21 13:00:00	1241808	1421974	2663782	1.15
2024-06-21 13:30:00	1409691	1516570	2926261	1.08
2024-06-21 14:00:00	1496856	1629125	3125981	1.09
2024-06-21 14:30:00	1583736	1739848	3323584	1.1
2024-06-21 15:00:00	1769962	1938243	3708205	1.1
2024-06-21 15:15:00	1813578	2022291	3835869	1.12
2024-06-20 09:00:00	128425	227665	356090	1.77
2024-06-20 09:30:00	443820	424946	868766	0.96
2024-06-20 10:00:00	525495	565324	1090819	1.08
2024-06-20 10:30:00	810246	681972	1492218	0.84
2024-06-20 11:00:00	877119	794782	1671901	0.91
2024-06-20 11:30:00	940686	875122	1815808	0.93
2024-06-20 12:00:00	1020728	971129	1991857	0.95
2024-06-20 12:30:00	1109586	1108908	2218494	1.0
2024-06-20 13:00:00	1163543	1192292	2355835	1.02
2024-06-20 13:30:00	1229887	1266101	2495988	1.03
2024-06-20 14:00:00	1281105	1357673	2638778	1.06
2024-06-20 14:30:00	1415536	1469544	2885080	1.04
2024-06-20 15:00:00	1522499	1672125	3194624	1.1
2024-06-20 15:15:00	1574074	1758782	3332856	1.12
2024-06-18 09:00:00	129783	334921	464704	2.58
2024-06-18 09:30:00	246302	471035	717337	1.91
2024-06-18 10:00:00	465785	656274	1122059	1.41
2024-06-18 10:30:00	704988	781071	1486059	1.11
2024-06-18 11:00:00	758248	841046	1599294	1.11
2024-06-18 11:30:00	828705	890211	1718916	1.07
2024-06-18 12:00:00	891478	980502	1871980	1.1
2024-06-18 12:30:00	939825	1058159	1997984	1.13
2024-06-18 13:00:00	1069010	1123268	2192278	1.05
2024-06-18 13:30:00	1145873	1229721	2375594	1.07
2024-06-18 14:00:00	1205713	1302360	2508073	1.08
2024-06-18 14:30:00	1274671	1393760	2668431	1.09
2024-06-18 15:00:00	1374991	1526759	2901750	1.11
2024-06-18 15:15:00	1431061	1613714	3044775	1.13
2024-06-17 09:00:00	79342	159700	239042	2.01
2024-06-17 09:30:00	205169	314816	519985	1.53
2024-06-17 10:00:00	417449	442393	859842	1.06
2024-06-17 10:30:00	670772	573849	1244621	0.86
2024-06-17 11:00:00	811510	719583	1531093	0.89
2024-06-17 11:30:00	862718	803370	1666088	0.93
2024-06-17 12:00:00	950278	918438	1868716	0.97
2024-06-17 12:30:00	1020039	1048978	2069017	1.03
2024-06-17 13:00:00	1160695	1149504	2310199	0.99
2024-06-17 13:30:00	1273635	1277527	2551162	1.0
2024-06-17 14:00:00	1379015	1406865	2785880	1.02
2024-06-17 14:30:00	1573387	1566082	3139469	1.0
2024-06-17 15:00:00	1744967	1800114	3545081	1.03
2024-06-17 15:15:00	1795965	1878556	3674521	1.05
2024-06-14 09:00:00	251200	253393	504593	1.01
2024-06-14 09:30:00	470481	454339	924820	0.97
2024-06-14 10:00:00	651211	641323	1292534	0.98
2024-06-14 10:30:00	757122	763401	1520523	1.01
2024-06-14 11:00:00	866809	939372	1806181	1.08
2024-06-14 11:30:00	978141	1065739	2043880	1.09
2024-06-14 12:00:00	1071575	1152009	2223584	1.08
2024-06-14 12:30:00	1176637	1280095	2456732	1.09
2024-06-14 13:00:00	1261350	1379398	2640748	1.09
2024-06-14 13:30:00	1356195	1484127	2840322	1.09
2024-06-14 14:00:00	1581455	1611885	3193340	1.02
2024-06-14 14:30:00	1810044	1788522	3598566	0.99
2024-06-14 15:00:00	2009541	2009170	4018711	1.0
2024-06-14 15:15:00	2070907	2135330	4206237	1.03
2024-06-13 09:00:00	108852	166348	275200	1.53
2024-06-13 09:30:00	199321	370013	569334	1.86
2024-06-13 10:00:00	334938	516691	851629	1.54
2024-06-13 10:30:00	505493	596690	1102183	1.18
2024-06-13 11:00:00	604089	668199	1272288	1.11
2024-06-13 11:30:00	665139	746360	1411499	1.12
2024-06-13 12:00:00	832105	832932	1665037	1.0
2024-06-13 12:30:00	879272	889969	1769241	1.01
2024-06-13 13:00:00	916755	919046	1835801	1.0
2024-06-13 13:30:00	949557	969021	1918578	1.02
2024-06-13 14:00:00	987956	1029223	2017179	1.04
2024-06-13 14:30:00	1050545	1116398	2166943	1.06
2024-06-13 15:00:00	1146872	1264850	2411722	1.1
2024-06-13 15:15:00	1192313	1335682	2527995	1.12
2024-06-12 09:00:00	206706	191384	398090	0.93
2024-06-12 09:30:00	318915	303202	622117	0.95
2024-06-12 10:00:00	513591	459239	972830	0.89
2024-06-12 10:30:00	627169	584746	1211915	0.93
2024-06-12 11:00:00	700453	744638	1445091	1.06
2024-06-12 11:30:00	829590	799300	1628890	0.96
2024-06-12 12:00:00	871672	896040	1767712	1.03
2024-06-12 12:30:00	975083	986073	1961156	1.01
2024-06-12 13:00:00	1035532	1051152	2086684	1.02
2024-06-12 13:30:00	1090184	1115034	2205218	1.02
2024-06-12 14:00:00	1168378	1187262	2355640	1.02
2024-06-12 14:30:00	1264688	1313687	2578375	1.04
2024-06-12 15:00:00	1387260	1496931	2884191	1.08
2024-06-12 15:15:00	1443309	1571703	3015012	1.09
2024-06-11 09:00:00	129257	151353	280610	1.17
2024-06-11 09:30:00	300864	367918	668782	1.22
2024-06-11 10:00:00	395459	444422	839881	1.12
2024-06-11 10:30:00	437043	511372	948415	1.17
2024-06-11 11:00:00	472702	565928	1038630	1.2
2024-06-11 11:30:00	508208	615555	1123763	1.21
2024-06-11 12:00:00	565940	649129	1215069	1.15
2024-06-11 12:30:00	597790	684180	1281970	1.14
2024-06-11 13:00:00	625777	718342	1344119	1.15
2024-06-11 13:30:00	722490	784710	1507200	1.09
2024-06-11 14:00:00	786632	902366	1688998	1.15
2024-06-11 14:30:00	842862	997139	1840001	1.18
2024-06-11 15:00:00	945316	1129889	2075205	1.2
2024-06-11 15:15:00	999049	1198448	2197497	1.2
2024-06-10 09:00:00	53373	117955	171328	2.21
2024-06-10 09:30:00	134055	201177	335232	1.5
2024-06-10 10:00:00	203525	247495	451020	1.22
2024-06-10 10:30:00	237235	299317	536552	1.26
2024-06-10 11:00:00	276812	394448	671260	1.42
2024-06-10 11:30:00	386888	443662	830550	1.15
2024-06-10 12:00:00	405441	500033	905474	1.23
2024-06-10 12:30:00	441920	538517	980437	1.22
2024-06-10 13:00:00	489550	593692	1083242	1.21
2024-06-10 13:30:00	524119	634542	1158661	1.21
2024-06-10 14:00:00	548510	685139	1233649	1.25
2024-06-10 14:30:00	673889	791078	1464967	1.17
2024-06-10 15:00:00	761361	939460	1700821	1.23
2024-06-10 15:15:00	781385	998480	1779865	1.28
2024-06-07 09:00:00	209661	209911	419572	1.0
2024-06-07 09:30:00	356168	391119	747287	1.1
2024-06-07 10:00:00	777927	586710	1364637	0.75
2024-06-07 10:30:00	952010	762879	1714889	0.8
2024-06-07 11:00:00	1029048	890081	1919129	0.86
2024-06-07 11:30:00	1100805	968458	2069263	0.88
2024-06-07 12:00:00	1203611	1070154	2273765	0.89
2024-06-07 12:30:00	1282693	1161279	2443972	0.91
2024-06-07 13:00:00	1346506	1248671	2595177	0.93
2024-06-07 13:30:00	1508515	1456135	2964650	0.97
2024-06-07 14:00:00	1620695	1547227	3167922	0.95
2024-06-07 14:30:00	1724075	1682844	3406919	0.98
2024-06-07 15:00:00	1911786	1913607	3825393	1.0
2024-06-07 15:15:00	1943907	1970607	3914514	1.01
2024-06-06 09:00:00	110669	113101	223770	1.02
2024-06-06 09:30:00	175494	220771	396265	1.26
2024-06-06 10:00:00	220898	275685	496583	1.25
2024-06-06 10:30:00	327200	336420	663620	1.03
2024-06-06 11:00:00	497400	393399	890799	0.79
2024-06-06 11:30:00	558912	465141	1024053	0.83
2024-06-06 12:00:00	838519	532623	1371142	0.64
2024-06-06 12:30:00	919896	582270	1502166	0.63
2024-06-06 13:00:00	953161	647753	1600914	0.68
2024-06-06 13:30:00	997531	712941	1710472	0.71
2024-06-06 14:00:00	1062198	768343	1830541	0.72
2024-06-06 14:30:00	1135330	857879	1993209	0.76
2024-06-06 15:00:00	1214939	1048923	2263862	0.86
2024-06-06 15:15:00	1244298	1093610	2337908	0.88
2024-06-05 09:00:00	88981	150968	239949	1.7
2024-06-05 09:30:00	157000	268351	425351	1.71
2024-06-05 10:00:00	379001	347289	726290	0.92
2024-06-05 10:30:00	485650	432653	918303	0.89
2024-06-05 11:00:00	554726	505817	1060543	0.91
2024-06-05 11:30:00	633091	557588	1190679	0.88
2024-06-05 12:00:00	681492	594503	1275995	0.87
2024-06-05 12:30:00	717294	644867	1362161	0.9
2024-06-05 13:00:00	752481	682248	1434729	0.91
2024-06-05 13:30:00	813709	778154	1591863	0.96
2024-06-05 14:00:00	893933	882585	1776518	0.99
2024-06-05 14:30:00	964147	991946	1956093	1.03
2024-06-05 15:00:00	1085053	1152968	2238021	1.06
2024-06-05 15:15:00	1131769	1295958	2427727	1.15
2024-06-04 09:00:00	65831	98608	164439	1.5
2024-06-04 09:30:00	121352	186750	308102	1.54
2024-06-04 10:00:00	175759	305888	481647	1.74
2024-06-04 10:30:00	224855	438339	663194	1.95
2024-06-04 11:00:00	254210	481026	735236	1.89
2024-06-04 11:30:00	290272	551537	841809	1.9
2024-06-04 12:00:00	321866	613204	935070	1.91
2024-06-04 12:30:00	347653	665173	1012826	1.91
2024-06-04 13:00:00	368593	703887	1072480	1.91
2024-06-04 13:30:00	453090	772841	1225931	1.71
2024-06-04 14:00:00	496875	827592	1324467	1.67
2024-06-04 14:30:00	597394	936824	1534218	1.57
2024-06-04 15:00:00	678042	1046412	1724454	1.54
2024-06-04 15:15:00	721907	1089231	1811138	1.51
2024-06-03 09:00:00	424791	253205	677996	0.6
2024-06-03 09:30:00	574383	373257	947640	0.65
2024-06-03 10:00:00	776427	572719	1349146	0.74
2024-06-03 10:30:00	848685	715482	1564167	0.84
2024-06-03 11:00:00	907465	794236	1701701	0.88
2024-06-03 11:30:00	1005990	962948	1968938	0.96
2024-06-03 12:00:00	1095961	1070910	2166871	0.98
2024-06-03 12:30:00	1219560	1193913	2413473	0.98
2024-06-03 13:00:00	1326074	1309591	2635665	0.99
2024-06-03 13:30:00	1402554	1399720	2802274	1.0
2024-06-03 14:00:00	1557395	1505166	3062561	0.97
2024-06-03 14:30:00	1653189	1622935	3276124	0.98
2024-06-03 15:00:00	1807154	1785831	3592985	0.99
2024-06-03 15:15:00	1842831	1843424	3686255	1.0
2024-05-31 09:00:00	181643	212628	394271	1.17
2024-05-31 09:30:00	372946	375884	748830	1.01
2024-05-31 10:00:00	533624	539014	1072638	1.01
2024-05-31 10:30:00	649255	660203	1309458	1.02
2024-05-31 11:00:00	765447	801083	1566530	1.05
2024-05-31 11:30:00	923196	1027352	1950548	1.11
2024-05-31 12:00:00	1123909	1273408	2397317	1.13
2024-05-31 12:30:00	1239583	1378572	2618155	1.11
2024-05-31 13:00:00	1320757	1480281	2801038	1.12
2024-05-31 13:30:00	1395614	1577130	2972744	1.13
2024-05-31 14:00:00	1514424	1723848	3238272	1.14
2024-05-31 14:30:00	1685106	1912209	3597315	1.13
2024-05-31 15:00:00	1996910	2236132	4233042	1.12
2024-05-31 15:15:00	2216653	2389815	4606468	1.08
2024-05-30 09:00:00	76629	123366	199995	1.61
2024-05-30 09:30:00	148050	246080	394130	1.66
2024-05-30 10:00:00	230756	316402	547158	1.37
2024-05-30 10:30:00	279510	372990	652500	1.33
2024-05-30 11:00:00	303579	397764	701343	1.31
2024-05-30 11:30:00	404809	455973	860782	1.13
2024-05-30 12:00:00	445066	496161	941227	1.11
2024-05-30 12:30:00	506837	538219	1045056	1.06
2024-05-30 13:00:00	557497	583723	1141220	1.05
2024-05-30 13:30:00	622945	665813	1288758	1.07
2024-05-30 14:00:00	663829	716739	1380568	1.08
2024-05-30 14:30:00	743294	821535	1564829	1.11
2024-05-30 15:00:00	876206	1012763	1888969	1.16
2024-05-30 15:15:00	937106	1080212	2017318	1.15
2024-05-29 09:00:00	158327	187509	345836	1.18
2024-05-29 09:30:00	235780	303824	539604	1.29
2024-05-29 10:00:00	294189	395211	689400	1.34
2024-05-29 10:30:00	356877	474664	831541	1.33
2024-05-29 11:00:00	389011	518281	907292	1.33
2024-05-29 11:30:00	435048	600101	1035149	1.38
2024-05-29 12:00:00	512019	633214	1145233	1.24
2024-05-29 12:30:00	545095	686282	1231377	1.26
2024-05-29 13:00:00	567030	722339	1289369	1.27
2024-05-29 13:30:00	592343	758334	1350677	1.28
2024-05-29 14:00:00	704283	842711	1546994	1.2
2024-05-29 14:30:00	774501	903557	1678058	1.17
2024-05-29 15:00:00	890211	1096954	1987165	1.23
2024-05-29 15:15:00	939064	1159071	2098135	1.23
2024-05-28 09:00:00	66523	135555	202078	2.04
2024-05-28 09:30:00	139249	210278	349527	1.51
2024-05-28 10:00:00	209828	253604	463432	1.21
2024-05-28 10:30:00	460318	339742	800060	0.74
2024-05-28 11:00:00	487937	390305	878242	0.8
2024-05-28 11:30:00	514821	446011	960832	0.87
2024-05-28 12:00:00	549615	473060	1022675	0.86
2024-05-28 12:30:00	607169	507854	1115023	0.84
2024-05-28 13:00:00	642681	546471	1189152	0.85
2024-05-28 13:30:00	683313	615772	1299085	0.9
2024-05-28 14:00:00	758708	696824	1455532	0.92
2024-05-28 14:30:00	792957	756131	1549088	0.95
2024-05-28 15:00:00	873762	901711	1775473	1.03
2024-05-28 15:15:00	921628	980554	1902182	1.06
2024-05-24 09:00:00	183699	247018	430717	1.34
2024-05-24 09:30:00	379314	395913	775227	1.04
2024-05-24 10:00:00	482020	554615	1036635	1.15
2024-05-24 10:30:00	639305	707411	1346716	1.11
2024-05-24 11:00:00	725376	827897	1553273	1.14
2024-05-24 11:30:00	797237	925145	1722382	1.16
2024-05-24 12:00:00	850098	995524	1845622	1.17
2024-05-24 12:30:00	920271	1079326	1999597	1.17
2024-05-24 13:00:00	1003315	1179406	2182721	1.18
2024-05-24 13:30:00	1080137	1277193	2357330	1.18
2024-05-24 14:00:00	1269601	1377222	2646823	1.08
2024-05-24 14:30:00	1404168	1551495	2955663	1.1
2024-05-24 15:00:00	1534125	1767152	3301277	1.15
2024-05-24 15:15:00	1590649	1847726	3438375	1.16
2024-05-23 09:00:00	116569	157111	273680	1.35
2024-05-23 09:30:00	193411	251292	444703	1.3
2024-05-23 10:00:00	390344	334670	725014	0.86
2024-05-23 10:30:00	467176	399598	866774	0.86
2024-05-23 11:00:00	579827	466383	1046210	0.8
2024-05-23 11:30:00	634025	508079	1142104	0.8
2024-05-23 12:00:00	687605	561089	1248694	0.82
2024-05-23 12:30:00	729696	601896	1331592	0.82
2024-05-23 13:00:00	810251	723220	1533471	0.89
2024-05-23 13:30:00	922501	815848	1738349	0.88
2024-05-23 14:00:00	1035011	944393	1979404	0.91
2024-05-23 14:30:00	1233731	1060960	2294691	0.86
2024-05-23 15:00:00	1485492	1258189	2743681	0.85
2024-05-23 15:15:00	1558409	1319796	2878205	0.85
2024-05-22 09:00:00	124705	248298	373003	1.99
2024-05-22 09:30:00	278435	312030	590465	1.12
2024-05-22 10:00:00	356063	365648	721711	1.03
2024-05-22 10:30:00	528090	428533	956623	0.81
2024-05-22 11:00:00	571066	484206	1055272	0.85
2024-05-22 11:30:00	607698	561812	1169510	0.92
2024-05-22 12:00:00	678191	617317	1295508	0.91
2024-05-22 12:30:00	736336	654266	1390602	0.89
2024-05-22 13:00:00	845854	715104	1560958	0.85
2024-05-22 13:30:00	919036	812775	1731811	0.88
2024-05-22 14:00:00	1032701	867060	1899761	0.84
2024-05-22 14:30:00	1088395	942232	2030627	0.87
2024-05-22 15:00:00	1228268	1070178	2298446	0.87
2024-05-22 15:15:00	1266268	1136073	2402341	0.9
2024-05-21 09:00:00	93876	119676	213552	1.27
2024-05-21 09:30:00	172537	278461	450998	1.61
2024-05-21 10:00:00	286577	367280	653857	1.28
2024-05-21 10:30:00	372931	420475	793406	1.13
2024-05-21 11:00:00	518086	520338	1038424	1.0
2024-05-21 11:30:00	551573	553776	1105349	1.0
2024-05-21 12:00:00	592412	608490	1200902	1.03
2024-05-21 12:30:00	646831	636942	1283773	0.98
2024-05-21 13:00:00	682439	682718	1365157	1.0
2024-05-21 13:30:00	736626	732349	1468975	0.99
2024-05-21 14:00:00	777941	788326	1566267	1.01
2024-05-21 14:30:00	1002655	874886	1877541	0.87
2024-05-21 15:00:00	1158611	1047482	2206093	0.9
2024-05-21 15:15:00	1202489	1104710	2307199	0.92
2024-05-20 09:00:00	119571	144403	263974	1.21
2024-05-20 09:30:00	202221	283928	486149	1.4
2024-05-20 10:00:00	266851	392622	659473	1.47
2024-05-20 10:30:00	481230	586651	1067881	1.22
2024-05-20 11:00:00	523135	650795	1173930	1.24
2024-05-20 11:30:00	560711	718990	1279701	1.28
2024-05-20 12:00:00	583922	751262	1335184	1.29
2024-05-20 12:30:00	652500	804082	1456582	1.23
2024-05-20 13:00:00	727532	854905	1582437	1.18
2024-05-20 13:30:00	820162	914537	1734699	1.12
2024-05-20 14:00:00	844327	979077	1823404	1.16
2024-05-20 14:30:00	899102	1085078	1984180	1.21
2024-05-20 15:00:00	1024405	1235208	2259613	1.21
2024-05-20 15:15:00	1051210	1274946	2326156	1.21
2024-05-17 09:00:00	195156	262176	457332	1.34
2024-05-17 09:30:00	339290	411356	750646	1.21
2024-05-17 10:00:00	517505	543886	1061391	1.05
2024-05-17 10:30:00	722824	671560	1394384	0.93
2024-05-17 11:00:00	805537	774410	1579947	0.96
2024-05-17 11:30:00	877628	848391	1726019	0.97
2024-05-17 12:00:00	960210	977845	1938055	1.02
2024-05-17 12:30:00	1016527	1055427	2071954	1.04
2024-05-17 13:00:00	1119975	1127675	2247650	1.01
2024-05-17 13:30:00	1262563	1341448	2604011	1.06
2024-05-17 14:00:00	1391094	1489971	2881065	1.07
2024-05-17 14:30:00	1491756	1641331	3133087	1.1
2024-05-17 15:00:00	1725952	1850204	3576156	1.07
2024-05-17 15:15:00	1753285	1922778	3676063	1.1
2024-05-16 09:00:00	148425	200424	348849	1.35
2024-05-16 09:30:00	332633	333452	666085	1.0
2024-05-16 10:00:00	601821	456827	1058648	0.76
2024-05-16 10:30:00	744231	519687	1263918	0.7
2024-05-16 11:00:00	827857	623617	1451474	0.75
2024-05-16 11:30:00	914231	717917	1632148	0.79
2024-05-16 12:00:00	981449	789997	1771446	0.8
2024-05-16 12:30:00	1039587	848347	1887934	0.82
2024-05-16 13:00:00	1086328	953220	2039548	0.88
2024-05-16 13:30:00	1136872	1038866	2175738	0.91
2024-05-16 14:00:00	1193438	1143698	2337136	0.96
2024-05-16 14:30:00	1244384	1231271	2475655	0.99
2024-05-16 15:00:00	1357827	1424384	2782211	1.05
2024-05-16 15:15:00	1398745	1474741	2873486	1.05
2024-05-15 09:00:00	186182	234474	420656	1.26
2024-05-15 09:30:00	269079	343240	612319	1.28
2024-05-15 10:00:00	415646	502519	918165	1.21
2024-05-15 10:30:00	712781	684331	1397112	0.96
2024-05-15 11:00:00	1011400	812136	1823536	0.8
2024-05-15 11:30:00	1127105	966693	2093798	0.86
2024-05-15 12:00:00	1208372	1064605	2272977	0.88
2024-05-15 12:30:00	1309219	1151024	2460243	0.88
2024-05-15 13:00:00	1615110	1292724	2907834	0.8
2024-05-15 13:30:00	1714604	1423514	3138118	0.83
2024-05-15 14:00:00	1820192	1522151	3342343	0.84
2024-05-15 14:30:00	1972960	1663845	3636805	0.84
2024-05-15 15:00:00	2111616	1870572	3982188	0.89
2024-05-15 15:15:00	2153910	1949400	4103310	0.91
2024-05-14 09:00:00	74395	134599	208994	1.81
2024-05-14 09:30:00	161535	225386	386921	1.4
2024-05-14 10:00:00	218659	323407	542066	1.48
2024-05-14 10:30:00	291183	441147	732330	1.52
2024-05-14 11:00:00	319017	521363	840380	1.63
2024-05-14 11:30:00	345362	552696	898058	1.6
2024-05-14 12:00:00	381105	594558	975663	1.56
2024-05-14 12:30:00	423400	635308	1058708	1.5
2024-05-14 13:00:00	466711	690401	1157112	1.48
2024-05-14 13:30:00	510879	767074	1277953	1.5
2024-05-14 14:00:00	611113	898740	1509853	1.47
2024-05-14 14:30:00	765787	1022431	1788218	1.34
2024-05-14 15:00:00	924717	1197520	2122237	1.3
2024-05-14 15:15:00	980397	1258400	2238797	1.28
2024-05-13 09:00:00	117124	136674	253798	1.17
2024-05-13 09:30:00	205934	198624	404558	0.96
2024-05-13 10:00:00	266458	329661	596119	1.24
2024-05-13 10:30:00	314563	390683	705246	1.24
2024-05-13 11:00:00	347218	446820	794038	1.29
2024-05-13 11:30:00	469265	498079	967344	1.06
2024-05-13 12:00:00	547165	586093	1133258	1.07
2024-05-13 12:30:00	630871	653562	1284433	1.04
2024-05-13 13:00:00	677179	699770	1376949	1.03
2024-05-13 13:30:00	704008	747926	1451934	1.06
2024-05-13 14:00:00	786084	811654	1597738	1.03
2024-05-13 14:30:00	817937	901230	1719167	1.1
2024-05-13 15:00:00	897640	1026350	1923990	1.14
2024-05-13 15:15:00	936675	1083280	2019955	1.16
2024-05-10 09:00:00	183643	205096	388739	1.12
2024-05-10 09:30:00	391671	382269	773940	0.98
2024-05-10 10:00:00	568993	571697	1140690	1.0
2024-05-10 10:30:00	729227	709775	1439002	0.97
2024-05-10 11:00:00	850655	863041	1713696	1.01
2024-05-10 11:30:00	947692	950849	1898541	1.0
2024-05-10 12:00:00	1010679	1026872	2037551	1.02
2024-05-10 12:30:00	1069364	1109870	2179234	1.04
2024-05-10 13:00:00	1157921	1194710	2352631	1.03
2024-05-10 13:30:00	1228080	1295830	2523910	1.06
2024-05-10 14:00:00	1349879	1407124	2757003	1.04
2024-05-10 14:30:00	1455484	1536564	2992048	1.06
2024-05-10 15:00:00	1593812	1783271	3377083	1.12
2024-05-10 15:15:00	1617666	1844851	3462517	1.14
2024-05-09 09:00:00	87636	120464	208100	1.37
2024-05-09 09:30:00	167567	203399	370966	1.21
2024-05-09 10:00:00	223246	296791	520037	1.33
2024-05-09 10:30:00	319824	373450	693274	1.17
2024-05-09 11:00:00	372547	428197	800744	1.15
2024-05-09 11:30:00	406606	456226	862832	1.12
2024-05-09 12:00:00	428833	482235	911068	1.12
2024-05-09 12:30:00	473320	537253	1010573	1.14
2024-05-09 13:00:00	505756	590817	1096573	1.17
2024-05-09 13:30:00	548431	627457	1175888	1.14
2024-05-09 14:00:00	591751	683930	1275681	1.16
2024-05-09 14:30:00	715520	771481	1487001	1.08
2024-05-09 15:00:00	830203	917645	1747848	1.11
2024-05-09 15:15:00	867716	980898	1848614	1.13
2024-05-08 09:00:00	144577	163922	308499	1.13
2024-05-08 09:30:00	290197	267737	557934	0.92
2024-05-08 10:00:00	324740	352972	677712	1.09
2024-05-08 10:30:00	350533	394592	745125	1.13
2024-05-08 11:00:00	370923	420232	791155	1.13
2024-05-08 11:30:00	391923	451844	843767	1.15
2024-05-08 12:00:00	412669	472405	885074	1.14
2024-05-08 12:30:00	479875	519754	999629	1.08
2024-05-08 13:00:00	526427	580974	1107401	1.1
2024-05-08 13:30:00	565045	634318	1199363	1.12
2024-05-08 14:00:00	589720	694233	1283953	1.18
2024-05-08 14:30:00	675620	818432	1494052	1.21
2024-05-08 15:00:00	774349	954407	1728756	1.23
2024-05-08 15:15:00	821005	1011996	1833001	1.23
2024-05-07 09:00:00	94965	139541	234506	1.47
2024-05-07 09:30:00	172660	349477	522137	2.02
2024-05-07 10:00:00	240552	447178	687730	1.86
2024-05-07 10:30:00	361811	605509	967320	1.67
2024-05-07 11:00:00	429373	687548	1116921	1.6
2024-05-07 11:30:00	551645	749084	1300729	1.36
2024-05-07 12:00:00	647189	911530	1558719	1.41
2024-05-07 12:30:00	801584	1011908	1813492	1.26
2024-05-07 13:00:00	862049	1088028	1950077	1.26
2024-05-07 13:30:00	916714	1173956	2090670	1.28
2024-05-07 14:00:00	976670	1271430	2248100	1.3
2024-05-07 14:30:00	1095702	1338215	2433917	1.22
2024-05-07 15:00:00	1187585	1468517	2656102	1.24
2024-05-07 15:15:00	1218506	1519299	2737805	1.25
2024-05-06 09:00:00	110600	133805	244405	1.21
2024-05-06 09:30:00	178356	220872	399228	1.24
2024-05-06 10:00:00	256146	298344	554490	1.16
2024-05-06 10:30:00	407745	531543	939288	1.3
2024-05-06 11:00:00	440791	605780	1046571	1.37
2024-05-06 11:30:00	535539	687362	1222901	1.28
2024-05-06 12:00:00	563284	744718	1308002	1.32
2024-05-06 12:30:00	625785	813863	1439648	1.3
2024-05-06 13:00:00	667338	845493	1512831	1.27
2024-05-06 13:30:00	718378	921177	1639555	1.28
2024-05-06 14:00:00	764833	993749	1758582	1.3
2024-05-06 14:30:00	868881	1118993	1987874	1.29
2024-05-06 15:00:00	958797	1294325	2253122	1.35
2024-05-06 15:15:00	1078429	1441740	2520169	1.34
2024-05-03 09:00:00	300540	327152	627692	1.09
2024-05-03 09:30:00	539155	632005	1171160	1.17
2024-05-03 10:00:00	663676	737137	1400813	1.11
2024-05-03 10:30:00	768933	841255	1610188	1.09
2024-05-03 11:00:00	957928	1007924	1965852	1.05
2024-05-03 11:30:00	1077909	1161281	2239190	1.08
2024-05-03 12:00:00	1143662	1272644	2416306	1.11
2024-05-03 12:30:00	1222556	1425136	2647692	1.17
2024-05-03 13:00:00	1357626	1632583	2990209	1.2
2024-05-03 13:30:00	1463673	1763286	3226959	1.2
2024-05-03 14:00:00	1578709	1888398	3467107	1.2
2024-05-03 14:30:00	1691950	2059290	3751240	1.22
2024-05-03 15:00:00	1863722	2266931	4130653	1.22
2024-05-03 15:15:00	1926283	2341456	4267739	1.22
2024-05-02 09:00:00	93435	126468	219903	1.35
2024-05-02 09:30:00	160120	217642	377762	1.36
2024-05-02 10:00:00	218581	285463	504044	1.31
2024-05-02 10:30:00	261154	361623	622777	1.38
2024-05-02 11:00:00	290578	449062	739640	1.55
2024-05-02 11:30:00	310939	485311	796250	1.56
2024-05-02 12:00:00	338783	516005	854788	1.52
2024-05-02 12:30:00	374551	665887	1040438	1.78
2024-05-02 13:00:00	405739	709442	1115181	1.75
2024-05-02 13:30:00	477933	717011	1194944	1.5
2024-05-02 14:00:00	553900	765511	1319411	1.38
2024-05-02 14:30:00	648965	858920	1507885	1.32
2024-05-02 15:00:00	737171	994795	1731966	1.35
2024-05-02 15:15:00	770174	1038598	1808772	1.35
2024-05-01 09:00:00	78293	120971	199264	1.55
2024-05-01 09:30:00	120531	182919	303450	1.52
2024-05-01 10:00:00	152118	233816	385934	1.54
2024-05-01 10:30:00	225538	291391	516929	1.29
2024-05-01 11:00:00	250966	322479	573445	1.28
2024-05-01 11:30:00	273591	382765	656356	1.4
2024-05-01 12:00:00	302601	438501	741102	1.45
2024-05-01 12:30:00	339512	489051	828563	1.44
2024-05-01 13:00:00	362773	524070	886843	1.44
2024-05-01 13:30:00	389098	572303	961401	1.47
2024-05-01 14:00:00	481235	685566	1166801	1.42
2024-05-01 14:30:00	590966	807194	1398160	1.37
2024-05-01 15:00:00	799989	1021906	1821895	1.28
2024-05-01 15:15:00	849549	1085838	1935387	1.28
2024-04-30 09:00:00	65518	109032	174550	1.66
2024-04-30 09:30:00	126968	208775	335743	1.64
2024-04-30 10:00:00	206684	270676	477360	1.31
2024-04-30 10:30:00	336603	349322	685925	1.04
2024-04-30 11:00:00	393794	409453	803247	1.04
2024-04-30 11:30:00	432063	445124	877187	1.03
2024-04-30 12:00:00	487745	517430	1005175	1.06
2024-04-30 12:30:00	522703	577319	1100022	1.1
2024-04-30 13:00:00	558387	637865	1196252	1.14
2024-04-30 13:30:00	617997	715091	1333088	1.16
2024-04-30 14:00:00	648394	775204	1423598	1.2
2024-04-30 14:30:00	718406	846690	1565096	1.18
2024-04-30 15:00:00	825232	972367	1797599	1.18
2024-04-30 15:15:00	917890	1077392	1995282	1.17
2024-04-29 09:00:00	118458	103694	222152	0.88
2024-04-29 09:30:00	174343	180477	354820	1.04
2024-04-29 10:00:00	226241	251272	477513	1.11
2024-04-29 10:30:00	377595	349834	727429	0.93
2024-04-29 11:00:00	419090	429641	848731	1.03
2024-04-29 11:30:00	447288	468018	915306	1.05
2024-04-29 12:00:00	469285	512474	981759	1.09
2024-04-29 12:30:00	485642	552026	1037668	1.14
2024-04-29 13:00:00	504404	616944	1121348	1.22
2024-04-29 13:30:00	532617	645141	1177758	1.21
2024-04-29 14:00:00	588310	704877	1293187	1.2
2024-04-29 14:30:00	660879	787981	1448860	1.19
2024-04-29 15:00:00	731813	936222	1668035	1.28
2024-04-29 15:15:00	766512	970855	1737367	1.27
2024-04-26 09:00:00	229165	236655	465820	1.03
2024-04-26 09:30:00	374886	471216	846102	1.26
2024-04-26 10:00:00	463348	614608	1077956	1.33
2024-04-26 10:30:00	582249	792172	1374421	1.36
2024-04-26 11:00:00	646322	901272	1547594	1.39
2024-04-26 11:30:00	722320	970291	1692611	1.34
2024-04-26 12:00:00	802018	1069990	1872008	1.33
2024-04-26 12:30:00	879127	1162301	2041428	1.32
2024-04-26 13:00:00	943256	1277079	2220335	1.35
2024-04-26 13:30:00	1014056	1369937	2383993	1.35
2024-04-26 14:00:00	1118754	1532818	2651572	1.37
2024-04-26 14:30:00	1235416	1707347	2942763	1.38
2024-04-26 15:00:00	1378132	1920796	3298928	1.39
2024-04-26 15:15:00	1418474	2014755	3433229	1.42
2024-04-25 09:00:00	193151	198001	391152	1.03
2024-04-25 09:30:00	321713	317161	638874	0.99
2024-04-25 10:00:00	461244	416471	877715	0.9
2024-04-25 10:30:00	499428	470798	970226	0.94
2024-04-25 11:00:00	607395	528251	1135646	0.87
2024-04-25 11:30:00	661709	582863	1244572	0.88
2024-04-25 12:00:00	700788	640589	1341377	0.91
2024-04-25 12:30:00	735539	696689	1432228	0.95
2024-04-25 13:00:00	857994	780369	1638363	0.91
2024-04-25 13:30:00	911080	818726	1729806	0.9
2024-04-25 14:00:00	944059	859754	1803813	0.91
2024-04-25 14:30:00	989104	931389	1920493	0.94
2024-04-25 15:00:00	1083719	1092820	2176539	1.01
2024-04-25 15:15:00	1137318	1175972	2313290	1.03
2024-04-24 09:00:00	120742	144554	265296	1.2
2024-04-24 09:30:00	216532	292410	508942	1.35
2024-04-24 10:00:00	280879	361855	642734	1.29
2024-04-24 10:30:00	337055	482320	819375	1.43
2024-04-24 11:00:00	364697	554348	919045	1.52
2024-04-24 11:30:00	436167	601570	1037737	1.38
2024-04-24 12:00:00	468173	633719	1101892	1.35
2024-04-24 12:30:00	503391	680336	1183727	1.35
2024-04-24 13:00:00	635607	729031	1364638	1.15
2024-04-24 13:30:00	729321	788586	1517907	1.08
2024-04-24 14:00:00	812958	832827	1645785	1.02
2024-04-24 14:30:00	859506	917010	1776516	1.07
2024-04-24 15:00:00	935988	1027380	1963368	1.1
2024-04-24 15:15:00	966894	1091499	2058393	1.13
2024-04-23 09:00:00	164836	185279	350115	1.12
2024-04-23 09:30:00	320319	417511	737830	1.3
2024-04-23 10:00:00	396733	503082	899815	1.27
2024-04-23 10:30:00	453379	591217	1044596	1.3
2024-04-23 11:00:00	488627	652662	1141289	1.34
2024-04-23 11:30:00	544909	714618	1259527	1.31
2024-04-23 12:00:00	587094	764384	1351478	1.3
2024-04-23 12:30:00	636554	813714	1450268	1.28
2024-04-23 13:00:00	663459	872498	1535957	1.32
2024-04-23 13:30:00	712933	949418	1662351	1.33
2024-04-23 14:00:00	772023	1057459	1829482	1.37
2024-04-23 14:30:00	839714	1160098	1999812	1.38
2024-04-23 15:00:00	941994	1363691	2305685	1.45
2024-04-23 15:15:00	1028749	1464074	2492823	1.42
2024-04-22 09:00:00	114584	219598	334182	1.92
2024-04-22 09:30:00	208739	349135	557874	1.67
2024-04-22 10:00:00	303185	433969	737154	1.43
2024-04-22 10:30:00	346280	495705	841985	1.43
2024-04-22 11:00:00	393538	559783	953321	1.42
2024-04-22 11:30:00	510853	655923	1166776	1.28
2024-04-22 12:00:00	615261	725860	1341121	1.18
2024-04-22 12:30:00	675094	791636	1466730	1.17
2024-04-22 13:00:00	747877	880467	1628344	1.18
2024-04-22 13:30:00	812940	997812	1810752	1.23
2024-04-22 14:00:00	974704	1072531	2047235	1.1
2024-04-22 14:30:00	1019622	1168751	2188373	1.15
2024-04-22 15:00:00	1177853	1319997	2497850	1.12
2024-04-22 15:15:00	1273734	1400750	2674484	1.1
2024-04-19 09:00:00	255175	338404	593579	1.33
2024-04-19 09:30:00	429681	574754	1004435	1.34
2024-04-19 10:00:00	605137	757053	1362190	1.25
2024-04-19 10:30:00	702343	912329	1614672	1.3
2024-04-19 11:00:00	847083	1062221	1909304	1.25
2024-04-19 11:30:00	990276	1323149	2313425	1.34
2024-04-19 12:00:00	1138591	1464945	2603536	1.29
2024-04-19 12:30:00	1244966	1587664	2832630	1.28
2024-04-19 13:00:00	1348268	1704399	3052667	1.26
2024-04-19 13:30:00	1434216	1845140	3279356	1.29
2024-04-19 14:00:00	1599614	2045004	3644618	1.28
2024-04-19 14:30:00	1733309	2223242	3956551	1.28
2024-04-19 15:00:00	1948387	2478595	4426982	1.27
2024-04-19 15:15:00	1996716	2582338	4579054	1.29
2024-04-18 09:00:00	138472	171892	310364	1.24
2024-04-18 09:30:00	237178	279056	516234	1.18
2024-04-18 10:00:00	339140	409404	748544	1.21
2024-04-18 10:30:00	398004	517244	915248	1.3
2024-04-18 11:00:00	459793	637263	1097056	1.39
2024-04-18 11:30:00	499448	723334	1222782	1.45
2024-04-18 12:00:00	592500	803275	1395775	1.36
2024-04-18 12:30:00	666315	947721	1614036	1.42
2024-04-18 13:00:00	774492	1030499	1804991	1.33
2024-04-18 13:30:00	847149	1148926	1996075	1.36
2024-04-18 14:00:00	874961	1229072	2104033	1.4
2024-04-18 14:30:00	948511	1338599	2287110	1.41
2024-04-18 15:00:00	1052710	1475023	2527733	1.4
2024-04-18 15:15:00	1104921	1541106	2646027	1.39
2024-04-17 09:00:00	204055	221345	425400	1.08
2024-04-17 09:30:00	317849	353875	671724	1.11
2024-04-17 10:00:00	507166	548911	1056077	1.08
2024-04-17 10:30:00	647334	644327	1291661	1.0
2024-04-17 11:00:00	736881	755777	1492658	1.03
2024-04-17 11:30:00	852748	834597	1687345	0.98
2024-04-17 12:00:00	971995	932372	1904367	0.96
2024-04-17 12:30:00	1031741	1031680	2063421	1.0
2024-04-17 13:00:00	1086435	1183231	2269666	1.09
2024-04-17 13:30:00	1123575	1230665	2354240	1.1
2024-04-17 14:00:00	1171103	1316969	2488072	1.12
2024-04-17 14:30:00	1237041	1402007	2639048	1.13
2024-04-17 15:00:00	1336489	1575088	2911577	1.18
2024-04-17 15:15:00	1382148	1669424	3051572	1.21
2024-04-16 09:00:00	201130	228817	429947	1.14
2024-04-16 09:30:00	433208	415774	848982	0.96
2024-04-16 10:00:00	569029	556935	1125964	0.98
2024-04-16 10:30:00	702025	683497	1385522	0.97
2024-04-16 11:00:00	779829	818171	1598000	1.05
2024-04-16 11:30:00	875372	868827	1744199	0.99
2024-04-16 12:00:00	918228	932691	1850919	1.02
2024-04-16 12:30:00	974470	996788	1971258	1.02
2024-04-16 13:00:00	1039706	1056462	2096168	1.02
2024-04-16 13:30:00	1179754	1166188	2345942	0.99
2024-04-16 14:00:00	1297431	1220724	2518155	0.94
2024-04-16 14:30:00	1448866	1307605	2756471	0.9
2024-04-16 15:00:00	1644141	1468305	3112446	0.89
2024-04-16 15:15:00	1717475	1522314	3239789	0.89
2024-04-15 09:00:00	186121	176476	362597	0.95
2024-04-15 09:30:00	684222	416988	1101210	0.61
2024-04-15 10:00:00	836929	549234	1386163	0.66
2024-04-15 10:30:00	938208	695896	1634104	0.74
2024-04-15 11:00:00	1025397	816219	1841616	0.8
2024-04-15 11:30:00	1055968	894832	1950800	0.85
2024-04-15 12:00:00	1135413	967226	2102639	0.85
2024-04-15 12:30:00	1223563	1035948	2259511	0.85
2024-04-15 13:00:00	1389093	1168323	2557416	0.84
2024-04-15 13:30:00	1580179	1349052	2929231	0.85
2024-04-15 14:00:00	1740966	1485024	3225990	0.85
2024-04-15 14:30:00	1860764	1626109	3486873	0.87
2024-04-15 15:00:00	2009687	1821043	3830730	0.91
2024-04-15 15:15:00	2074660	1926356	4001016	0.93
2024-04-12 09:00:00	262983	296625	559608	1.13
2024-04-12 09:30:00	630594	534685	1165279	0.85
2024-04-12 10:00:00	995325	834917	1830242	0.84
2024-04-12 10:30:00	1355907	1150316	2506223	0.85
2024-04-12 11:00:00	1534076	1390319	2924395	0.91
2024-04-12 11:30:00	1681783	1599654	3281437	0.95
2024-04-12 12:00:00	1973535	1811367	3784902	0.92
2024-04-12 12:30:00	2162690	2010205	4172895	0.93
2024-04-12 13:00:00	2462338	2193298	4655636	0.89
2024-04-12 13:30:00	2697739	2346710	5044449	0.87
2024-04-12 14:00:00	2929062	2530190	5459252	0.86
2024-04-12 14:30:00	3101039	2722258	5823297	0.88
2024-04-12 15:00:00	3362630	3035159	6397789	0.9
2024-04-12 15:15:00	3476656	3118887	6595543	0.9
2024-04-11 09:00:00	114120	162153	276273	1.42
2024-04-11 09:30:00	197038	258407	455445	1.31
2024-04-11 10:00:00	327932	452015	779947	1.38
2024-04-11 10:30:00	422929	558441	981370	1.32
2024-04-11 11:00:00	441611	613878	1055489	1.39
2024-04-11 11:30:00	530993	657920	1188913	1.24
2024-04-11 12:00:00	567445	715560	1283005	1.26
2024-04-11 12:30:00	653614	867038	1520652	1.33
2024-04-11 13:00:00	698036	911285	1609321	1.31
2024-04-11 13:30:00	765864	990755	1756619	1.29
2024-04-11 14:00:00	834226	1088612	1922838	1.3
2024-04-11 14:30:00	892302	1156779	2049081	1.3
2024-04-11 15:00:00	957726	1301160	2258886	1.36
2024-04-11 15:15:00	1027306	1371892	2399198	1.34
2024-04-10 09:00:00	242673	326390	569063	1.34
2024-04-10 09:30:00	504613	524636	1029249	1.04
2024-04-10 10:00:00	663681	713041	1376722	1.07
2024-04-10 10:30:00	814861	850011	1664872	1.04
2024-04-10 11:00:00	923206	941166	1864372	1.02
2024-04-10 11:30:00	985207	1029068	2014275	1.04
2024-04-10 12:00:00	1072462	1116219	2188681	1.04
2024-04-10 12:30:00	1195853	1291940	2487793	1.08
2024-04-10 13:00:00	1361137	1448377	2809514	1.06
2024-04-10 13:30:00	1485724	1580793	3066517	1.06
2024-04-10 14:00:00	1586127	1721209	3307336	1.09
2024-04-10 14:30:00	1732784	1880702	3613486	1.09
2024-04-10 15:00:00	1931039	2104685	4035724	1.09
2024-04-10 15:15:00	1975259	2179421	4154680	1.1
2024-04-09 09:00:00	164521	143541	308062	0.87
2024-04-09 09:30:00	246561	230940	477501	0.94
2024-04-09 10:00:00	368890	376658	745548	1.02
2024-04-09 10:30:00	464442	562666	1027108	1.21
2024-04-09 11:00:00	519047	614185	1133232	1.18
2024-04-09 11:30:00	563135	658108	1221243	1.17
2024-04-09 12:00:00	593419	727108	1320527	1.23
2024-04-09 12:30:00	632235	756091	1388326	1.2
2024-04-09 13:00:00	661451	867864	1529315	1.31
2024-04-09 13:30:00	709193	944751	1653944	1.33
2024-04-09 14:00:00	743042	978567	1721609	1.32
2024-04-09 14:30:00	794508	1066098	1860606	1.34
2024-04-09 15:00:00	898986	1245697	2144683	1.39
2024-04-09 15:15:00	958139	1365597	2323736	1.43
2024-04-08 09:00:00	93818	167858	261676	1.79
2024-04-08 09:30:00	252394	288616	541010	1.14
2024-04-08 10:00:00	308660	432464	741124	1.4
2024-04-08 10:30:00	394347	528293	922640	1.34
2024-04-08 11:00:00	427186	584313	1011499	1.37
2024-04-08 11:30:00	473369	632316	1105685	1.34
2024-04-08 12:00:00	504414	676198	1180612	1.34
2024-04-08 12:30:00	524759	726923	1251682	1.39
2024-04-08 13:00:00	553377	763949	1317326	1.38
2024-04-08 13:30:00	575827	799242	1375069	1.39
2024-04-08 14:00:00	612452	841207	1453659	1.37
2024-04-08 14:30:00	704389	918891	1623280	1.3
2024-04-08 15:00:00	798793	1047571	1846364	1.31
2024-04-08 15:15:00	844563	1104757	1949320	1.31
2024-04-05 09:00:00	249270	410774	660044	1.65
2024-04-05 09:30:00	418794	666536	1085330	1.59
2024-04-05 10:00:00	575257	889578	1464835	1.55
2024-04-05 10:30:00	681667	1052853	1734520	1.54
2024-04-05 11:00:00	868146	1250547	2118693	1.44
2024-04-05 11:30:00	1000804	1374837	2375641	1.37
2024-04-05 12:00:00	1088167	1494714	2582881	1.37
2024-04-05 12:30:00	1206723	1656667	2863390	1.37
2024-04-05 13:00:00	1308575	1918495	3227070	1.47
2024-04-05 13:30:00	1416695	2196655	3613350	1.55
2024-04-05 14:00:00	1542318	2379740	3922058	1.54
2024-04-05 14:30:00	1650773	2547758	4198531	1.54
2024-04-05 15:00:00	1864665	2870592	4735257	1.54
2024-04-05 15:15:00	1955836	2961975	4917811	1.51
2024-04-04 09:00:00	81912	112231	194143	1.37
2024-04-04 09:30:00	161466	227391	388857	1.41
2024-04-04 10:00:00	203675	290810	494485	1.43
2024-04-04 10:30:00	256598	339014	595612	1.32
2024-04-04 11:00:00	278652	369256	647908	1.33
2024-04-04 11:30:00	316063	443145	759208	1.4
2024-04-04 12:00:00	345158	486481	831639	1.41
2024-04-04 12:30:00	377913	522027	899940	1.38
2024-04-04 13:00:00	429006	593802	1022808	1.38
2024-04-04 13:30:00	552764	683717	1236481	1.24
2024-04-04 14:00:00	783005	892393	1675398	1.14
2024-04-04 14:30:00	982757	1144999	2127756	1.17
2024-04-04 15:00:00	1332247	1559527	2891774	1.17
2024-04-04 15:15:00	1399969	1692828	3092797	1.21
2024-04-03 09:00:00	72362	129729	202091	1.79
2024-04-03 09:30:00	137778	218258	356036	1.58
2024-04-03 10:00:00	192331	348684	541015	1.81
2024-04-03 10:30:00	241659	412480	654139	1.71
2024-04-03 11:00:00	282739	455610	738349	1.61
2024-04-03 11:30:00	307931	484048	791979	1.57
2024-04-03 12:00:00	347773	528522	876295	1.52
2024-04-03 12:30:00	372941	596936	969877	1.6
2024-04-03 13:00:00	393853	631363	1025216	1.6
2024-04-03 13:30:00	418269	667235	1085504	1.6
2024-04-03 14:00:00	438606	724679	1163285	1.65
2024-04-03 14:30:00	515329	817360	1332689	1.59
2024-04-03 15:00:00	607212	959295	1566507	1.58
2024-04-03 15:15:00	648822	1063566	1712388	1.64
2024-04-02 09:00:00	230522	290766	521288	1.26
2024-04-02 09:30:00	381792	435569	817361	1.14
2024-04-02 10:00:00	454098	532772	986870	1.17
2024-04-02 10:30:00	539471	626135	1165606	1.16
2024-04-02 11:00:00	583757	759513	1343270	1.3
2024-04-02 11:30:00	655272	817518	1472790	1.25
2024-04-02 12:00:00	712205	889339	1601544	1.25
2024-04-02 12:30:00	752665	953770	1706435	1.27
2024-04-02 13:00:00	823466	1007060	1830526	1.22
2024-04-02 13:30:00	856610	1052285	1908895	1.23
2024-04-02 14:00:00	908459	1134152	2042611	1.25
2024-04-02 14:30:00	984738	1203838	2188576	1.22
2024-04-02 15:00:00	1070180	1366340	2436520	1.28
2024-04-02 15:15:00	1114135	1410994	2525129	1.27
2024-04-01 09:00:00	57231	86152	143383	1.51
2024-04-01 09:30:00	161414	164113	325527	1.02
2024-04-01 10:00:00	263123	254713	517836	0.97
2024-04-01 10:30:00	315740	319943	635683	1.01
2024-04-01 11:00:00	354731	396214	750945	1.12
2024-04-01 11:30:00	384222	432604	816826	1.13
2024-04-01 12:00:00	410754	465564	876318	1.13
2024-04-01 12:30:00	447317	521032	968349	1.16
2024-04-01 13:00:00	490196	551208	1041404	1.12
2024-04-01 13:30:00	516093	587529	1103622	1.14
2024-04-01 14:00:00	551624	655346	1206970	1.19
2024-04-01 14:30:00	614320	717871	1332191	1.17
2024-04-01 15:00:00	700112	845847	1545959	1.21
2024-04-01 15:15:00	730277	882197	1612474	1.21
2024-03-28 09:00:00	88685	145865	234550	1.64
2024-03-28 09:30:00	207565	209958	417523	1.01
2024-03-28 10:00:00	272541	274819	547360	1.01
2024-03-28 10:30:00	310920	375704	686624	1.21
2024-03-28 11:00:00	359026	471490	830516	1.31
2024-03-28 11:30:00	412224	528086	940310	1.28
2024-03-28 12:00:00	480216	581907	1062123	1.21
2024-03-28 12:30:00	540231	654352	1194583	1.21
2024-03-28 13:00:00	565997	689291	1255288	1.22
2024-03-28 13:30:00	666437	812128	1478565	1.22
2024-03-28 14:00:00	773299	909678	1682977	1.18
2024-03-28 14:30:00	860699	980704	1841403	1.14
2024-03-28 15:00:00	962401	1154193	2116594	1.2
2024-03-28 15:15:00	1076983	1343153	2420136	1.25
2024-03-28 09:00:00	180690	239651	420341	1.33
2024-03-28 09:30:00	358754	372280	731034	1.04
2024-03-28 10:00:00	461202	477755	938957	1.04
2024-03-28 10:30:00	540360	620649	1161009	1.15
2024-03-28 11:00:00	624868	749421	1374289	1.2
2024-03-28 11:30:00	710854	835284	1546138	1.18
2024-03-28 12:00:00	808114	914864	1722978	1.13
2024-03-28 12:30:00	898407	1013992	1912399	1.13
2024-03-28 13:00:00	953275	1079766	2033041	1.13
2024-03-28 13:30:00	1101170	1239461	2340631	1.13
2024-03-28 14:00:00	1279183	1388938	2668121	1.09
2024-03-28 14:30:00	1452368	1529719	2982087	1.05
2024-03-28 15:00:00	1630169	1773106	3403275	1.09
2024-03-28 15:15:00	1744751	1962066	3706817	1.12
2024-03-27 09:00:00	109884	198014	307898	1.8
2024-03-27 09:30:00	176532	276890	453422	1.57
2024-03-27 10:00:00	240516	348294	588810	1.45
2024-03-27 10:30:00	289535	409968	699503	1.42
2024-03-27 11:00:00	330042	450358	780400	1.36
2024-03-27 11:30:00	377089	491626	868715	1.3
2024-03-27 12:00:00	463204	556939	1020143	1.2
2024-03-27 12:30:00	514453	627320	1141773	1.22
2024-03-27 13:00:00	531034	684662	1215696	1.29
2024-03-27 13:30:00	570194	744371	1314565	1.31
2024-03-27 14:00:00	604521	803255	1407776	1.33
2024-03-27 14:30:00	651107	907264	1558371	1.39
2024-03-27 15:00:00	794096	1146325	1940421	1.44
2024-03-27 15:15:00	873670	1231243	2104913	1.41
2024-03-26 09:00:00	151593	146762	298355	0.97
2024-03-26 09:30:00	211050	262288	473338	1.24
2024-03-26 10:00:00	263334	346404	609738	1.32
2024-03-26 10:30:00	316304	393113	709417	1.24
2024-03-26 11:00:00	335190	466797	801987	1.39
2024-03-26 11:30:00	366626	510443	877069	1.39
2024-03-26 12:00:00	391223	566886	958109	1.45
2024-03-26 12:30:00	417712	627253	1044965	1.5
2024-03-26 13:00:00	432623	653890	1086513	1.51
2024-03-26 13:30:00	502672	723846	1226518	1.44
2024-03-26 14:00:00	571323	814794	1386117	1.43
2024-03-26 14:30:00	603412	890162	1493574	1.48
2024-03-26 15:00:00	707259	1031223	1738482	1.46
2024-03-26 15:15:00	736979	1089701	1826680	1.48
2024-03-25 09:00:00	90812	75352	166164	0.83
2024-03-25 09:30:00	169315	184250	353565	1.09
2024-03-25 10:00:00	278399	266528	544927	0.96
2024-03-25 10:30:00	312256	347055	659311	1.11
2024-03-25 11:00:00	361336	441707	803043	1.22
2024-03-25 11:30:00	385877	473274	859151	1.23
2024-03-25 12:00:00	401304	505873	907177	1.26
2024-03-25 12:30:00	420311	540764	961075	1.29
2024-03-25 13:00:00	461910	577759	1039669	1.25
2024-03-25 13:30:00	499362	613362	1112724	1.23
2024-03-25 14:00:00	521371	647435	1168806	1.24
2024-03-25 14:30:00	566439	724425	1290864	1.28
2024-03-25 15:00:00	666999	937784	1604783	1.41
2024-03-25 15:15:00	702683	989765	1692448	1.41
2024-03-22 09:00:00	182736	271405	454141	1.49
2024-03-22 09:30:00	306984	407014	713998	1.33
2024-03-22 10:00:00	419248	529375	948623	1.26
2024-03-22 10:30:00	484586	614455	1099041	1.27
2024-03-22 11:00:00	566021	763048	1329069	1.35
2024-03-22 11:30:00	671681	869300	1540981	1.29
2024-03-22 12:00:00	748830	957037	1705867	1.28
2024-03-22 12:30:00	826593	1044748	1871341	1.26
2024-03-22 13:00:00	911415	1188227	2099642	1.3
2024-03-22 13:30:00	1009968	1348182	2358150	1.33
2024-03-22 14:00:00	1096820	1441553	2538373	1.31
2024-03-22 14:30:00	1212647	1620105	2832752	1.34
2024-03-22 15:00:00	1375969	1865387	3241356	1.36
2024-03-22 15:15:00	1428713	1966337	3395050	1.38
2024-03-21 09:00:00	157251	167448	324699	1.06
2024-03-21 09:30:00	258017	298567	556584	1.16
2024-03-21 10:00:00	336868	431463	768331	1.28
2024-03-21 10:30:00	422377	518117	940494	1.23
2024-03-21 11:00:00	618442	656695	1275137	1.06
2024-03-21 11:30:00	651161	742383	1393544	1.14
2024-03-21 12:00:00	713142	800972	1514114	1.12
2024-03-21 12:30:00	900172	875850	1776022	0.97
2024-03-21 13:00:00	952958	992799	1945757	1.04
2024-03-21 13:30:00	1022768	1053509	2076277	1.03
2024-03-21 14:00:00	1105697	1139660	2245357	1.03
2024-03-21 14:30:00	1167844	1227107	2394951	1.05
2024-03-21 15:00:00	1239197	1396143	2635340	1.13
2024-03-21 15:15:00	1293172	1445569	2738741	1.12
2024-03-20 09:00:00	80262	161800	242062	2.02
2024-03-20 09:30:00	147314	216504	363818	1.47
2024-03-20 10:00:00	229613	288007	517620	1.25
2024-03-20 10:30:00	400014	341235	741249	0.85
2024-03-20 11:00:00	444444	388966	833410	0.88
2024-03-20 11:30:00	514721	414011	928732	0.8
2024-03-20 12:00:00	578318	476534	1054852	0.82
2024-03-20 12:30:00	620446	533374	1153820	0.86
2024-03-20 13:00:00	645586	604007	1249593	0.94
2024-03-20 13:30:00	716493	711524	1428017	0.99
2024-03-20 14:00:00	802922	850297	1653219	1.06
2024-03-20 14:30:00	932095	1026477	1958572	1.1
2024-03-20 15:00:00	1214439	1277006	2491445	1.05
2024-03-20 15:15:00	1281414	1368190	2649604	1.07
2024-03-19 09:00:00	93151	135693	228844	1.46
2024-03-19 09:30:00	164789	216908	381697	1.32
2024-03-19 10:00:00	219213	298651	517864	1.36
2024-03-19 10:30:00	279137	383631	662768	1.37
2024-03-19 11:00:00	328013	462423	790436	1.41
2024-03-19 11:30:00	428964	516950	945914	1.21
2024-03-19 12:00:00	487296	574867	1062163	1.18
2024-03-19 12:30:00	538030	630225	1168255	1.17
2024-03-19 13:00:00	619610	719941	1339551	1.16
2024-03-19 13:30:00	683051	803563	1486614	1.18
2024-03-19 14:00:00	773527	872897	1646424	1.13
2024-03-19 14:30:00	880884	942114	1822998	1.07
2024-03-19 15:00:00	1012025	1242235	2254260	1.23
2024-03-19 15:15:00	1053414	1294116	2347530	1.23
2024-03-18 09:00:00	115834	137212	253046	1.18
2024-03-18 09:30:00	253483	247460	500943	0.98
2024-03-18 10:00:00	324360	375966	700326	1.16
2024-03-18 10:30:00	409480	499191	908671	1.22
2024-03-18 11:00:00	488777	548277	1037054	1.12
2024-03-18 11:30:00	516791	601018	1117809	1.16
2024-03-18 12:00:00	649555	644151	1293706	0.99
2024-03-18 12:30:00	745648	706904	1452552	0.95
2024-03-18 13:00:00	772270	738184	1510454	0.96
2024-03-18 13:30:00	909717	826362	1736079	0.91
2024-03-18 14:00:00	963034	862739	1825773	0.9
2024-03-18 14:30:00	1066142	935562	2001704	0.88
2024-03-18 15:00:00	1203807	1061436	2265243	0.88
2024-03-18 15:15:00	1259044	1131240	2390284	0.9
2024-03-15 09:00:00	248319	282441	530760	1.14
2024-03-15 09:30:00	506718	453702	960420	0.9
2024-03-15 10:00:00	732537	612062	1344599	0.84
2024-03-15 10:30:00	846260	752998	1599258	0.89
2024-03-15 11:00:00	992444	890058	1882502	0.9
2024-03-15 11:30:00	1109728	1022548	2132276	0.92
2024-03-15 12:00:00	1606888	1202650	2809538	0.75
2024-03-15 12:30:00	1788782	1379955	3168737	0.77
2024-03-15 13:00:00	1908400	1500323	3408723	0.79
2024-03-15 13:30:00	2099880	1624582	3724462	0.77
2024-03-15 14:00:00	2237220	1764807	4002027	0.79
2024-03-15 14:30:00	2361654	1893173	4254827	0.8
2024-03-15 15:00:00	2592296	2144335	4736631	0.83
2024-03-15 15:15:00	2635459	2269054	4904513	0.86
2024-03-14 09:00:00	170819	219713	390532	1.29
2024-03-14 09:30:00	323552	333931	657483	1.03
2024-03-14 10:00:00	467472	463201	930673	0.99
2024-03-14 10:30:00	701715	583288	1285003	0.83
2024-03-14 11:00:00	790306	682438	1472744	0.86
2024-03-14 11:30:00	859539	790696	1650235	0.92
2024-03-14 12:00:00	993568	892665	1886233	0.9
2024-03-14 12:30:00	1070918	969582	2040500	0.91
2024-03-14 13:00:00	1138492	1060190	2198682	0.93
2024-03-14 13:30:00	1199429	1139533	2338962	0.95
2024-03-14 14:00:00	1245597	1205227	2450824	0.97
2024-03-14 14:30:00	1360837	1455194	2816031	1.07
2024-03-14 15:00:00	1548250	1672690	3220940	1.08
2024-03-14 15:15:00	1600238	1747585	3347823	1.09
2024-03-13 09:00:00	85213	127266	212479	1.49
2024-03-13 09:30:00	161602	235102	396704	1.45
2024-03-13 10:00:00	536694	336568	873262	0.63
2024-03-13 10:30:00	626847	408691	1035538	0.65
2024-03-13 11:00:00	735245	467423	1202668	0.64
2024-03-13 11:30:00	826078	520524	1346602	0.63
2024-03-13 12:00:00	876083	599473	1475556	0.68
2024-03-13 12:30:00	923705	701688	1625393	0.76
2024-03-13 13:00:00	976788	809060	1785848	0.83
2024-03-13 13:30:00	1078007	949734	2027741	0.88
2024-03-13 14:00:00	1117884	1030362	2148246	0.92
2024-03-13 14:30:00	1165398	1117054	2282452	0.96
2024-03-13 15:00:00	1274816	1263760	2538576	0.99
2024-03-13 15:15:00	1308925	1343990	2652915	1.03
2024-03-12 09:00:00	149628	213823	363451	1.43
2024-03-12 09:30:00	250966	335862	586828	1.34
2024-03-12 10:00:00	321878	456623	778501	1.42
2024-03-12 10:30:00	453526	562110	1015636	1.24
2024-03-12 11:00:00	522213	650523	1172736	1.25
2024-03-12 11:30:00	581858	723884	1305742	1.24
2024-03-12 12:00:00	665749	787074	1452823	1.18
2024-03-12 12:30:00	758912	884328	1643240	1.17
2024-03-12 13:00:00	795532	927594	1723126	1.17
2024-03-12 13:30:00	865184	1019262	1884446	1.18
2024-03-12 14:00:00	954305	1140301	2094606	1.19
2024-03-12 14:30:00	1022199	1243619	2265818	1.22
2024-03-12 15:00:00	1131667	1412671	2544338	1.25
2024-03-12 15:15:00	1190158	1482577	2672735	1.25
2024-03-11 09:00:00	76394	155816	232210	2.04
2024-03-11 09:30:00	175842	251167	427009	1.43
2024-03-11 10:00:00	231716	356410	588126	1.54
2024-03-11 10:30:00	300208	442419	742627	1.47
2024-03-11 11:00:00	385517	566000	951517	1.47
2024-03-11 11:30:00	440083	651761	1091844	1.48
2024-03-11 12:00:00	487843	708282	1196125	1.45
2024-03-11 12:30:00	524284	777340	1301624	1.48
2024-03-11 13:00:00	565872	833560	1399432	1.47
2024-03-11 13:30:00	597317	888596	1485913	1.49
2024-03-11 14:00:00	638925	941512	1580437	1.47
2024-03-11 14:30:00	680525	1005741	1686266	1.48
2024-03-11 15:00:00	794688	1166383	1961071	1.47
2024-03-11 15:15:00	836503	1236994	2073497	1.48
2024-03-08 09:00:00	216486	300171	516657	1.39
2024-03-08 09:30:00	484070	531781	1015851	1.1
2024-03-08 10:00:00	650027	726380	1376407	1.12
2024-03-08 10:30:00	850798	963776	1814574	1.13
2024-03-08 11:00:00	1076935	1180417	2257352	1.1
2024-03-08 11:30:00	1226200	1328328	2554528	1.08
2024-03-08 12:00:00	1356572	1505418	2861990	1.11
2024-03-08 12:30:00	1504439	1684863	3189302	1.12
2024-03-08 13:00:00	1677441	1908254	3585695	1.14
2024-03-08 13:30:00	1857311	2084675	3941986	1.12
2024-03-08 14:00:00	2019563	2277284	4296847	1.13
2024-03-08 14:30:00	2175796	2492666	4668462	1.15
2024-03-08 15:00:00	2349196	2725599	5074795	1.16
2024-03-08 15:15:00	2392794	2836176	5228970	1.19
2024-03-07 09:00:00	204516	301487	506003	1.47
2024-03-07 09:30:00	349104	484905	834009	1.39
2024-03-07 10:00:00	574199	733858	1308057	1.28
2024-03-07 10:30:00	685721	865749	1551470	1.26
2024-03-07 11:00:00	773869	986576	1760445	1.27
2024-03-07 11:30:00	552009	661145	1213154	1.2
2024-03-07 12:00:00	585338	717205	1302543	1.23
2024-03-07 12:30:00	607426	790466	1397892	1.3
2024-03-07 13:00:00	675321	864894	1540215	1.28
2024-03-07 13:30:00	723928	920866	1644794	1.27
2024-03-07 14:00:00	781613	1026871	1808484	1.31
2024-03-07 14:30:00	869255	1130471	1999726	1.3
2024-03-07 15:00:00	974481	1244754	2219235	1.28
2024-03-07 15:15:00	1016803	1322484	2339287	1.3
2024-03-06 09:00:00	208540	229191	437731	1.1
2024-03-06 09:30:00	339839	373255	713094	1.1
2024-03-06 10:00:00	465468	505520	970988	1.09
2024-03-06 10:30:00	583148	625705	1208853	1.07
2024-03-06 11:00:00	676775	733338	1410113	1.08
2024-03-06 11:30:00	757402	825314	1582716	1.09
2024-03-06 12:00:00	830829	978810	1809639	1.18
2024-03-06 12:30:00	934878	1055150	1990028	1.13
2024-03-06 13:00:00	1098923	1287002	2385925	1.17
2024-03-06 13:30:00	601195	773623	1374818	1.29
2024-03-06 14:00:00	631468	823242	1454710	1.3
2024-03-06 14:30:00	701240	901215	1602455	1.29
2024-03-06 15:00:00	794059	1022770	1816829	1.29
2024-03-06 15:15:00	818943	1084961	1903904	1.32
2024-03-05 09:00:00	197114	303333	500447	1.54
2024-03-05 09:30:00	412025	633360	1045385	1.54
2024-03-05 10:00:00	609492	887468	1496960	1.46
2024-03-05 10:30:00	723242	1004353	1727595	1.39
2024-03-05 11:00:00	847075	1123295	1970370	1.33
2024-03-05 11:30:00	948649	1217746	2166395	1.28
2024-03-05 12:00:00	1019981	1309124	2329105	1.28
2024-03-05 12:30:00	1103468	1421089	2524557	1.29
2024-03-05 13:00:00	1213852	1607363	2821215	1.32
2024-03-05 13:30:00	1340709	1721488	3062197	1.28
2024-03-05 14:00:00	1534741	1937195	3471936	1.26
2024-03-05 14:30:00	1733786	2170853	3904639	1.25
2024-03-05 15:00:00	2017051	2462896	4479947	1.22
2024-03-05 15:15:00	2047997	2519044	4567041	1.23
2024-03-04 09:00:00	147406	225864	373270	1.53
2024-03-04 09:30:00	262046	388005	650051	1.48
2024-03-04 10:00:00	343691	516165	859856	1.5
2024-03-04 10:30:00	583841	623741	1207582	1.07
2024-03-04 11:00:00	650738	710264	1361002	1.09
2024-03-04 11:30:00	706715	792581	1499296	1.12
2024-03-04 12:00:00	773269	890513	1663782	1.15
2024-03-04 12:30:00	844936	970033	1814969	1.15
2024-03-04 13:00:00	957419	1074472	2031891	1.12
2024-03-04 13:30:00	1062247	1187794	2250041	1.12
2024-03-04 14:00:00	1221399	1329924	2551323	1.09
2024-03-04 14:30:00	1357057	1470398	2827455	1.08
2024-03-04 15:00:00	1555970	1748029	3303999	1.12
2024-03-04 15:15:00	1587907	1808686	3396593	1.14
2024-03-01 09:00:00	168265	233918	402183	1.39
2024-03-01 09:30:00	404543	443862	848405	1.1
2024-03-01 10:00:00	545963	636859	1182822	1.17
2024-03-01 10:30:00	716874	801907	1518781	1.12
2024-03-01 11:00:00	835645	944864	1780509	1.13
2024-03-01 11:30:00	922252	1042778	1965030	1.13
2024-03-01 12:00:00	1013996	1153683	2167679	1.14
2024-03-01 12:30:00	1134752	1274998	2409750	1.12
2024-03-01 13:00:00	1253391	1444354	2697745	1.15
2024-03-01 13:30:00	1452708	1609992	3062700	1.11
2024-03-01 14:00:00	1598496	1750080	3348576	1.09
2024-03-01 14:30:00	1792609	1948099	3740708	1.09
2024-03-01 15:00:00	1959582	2167868	4127450	1.11
2024-03-01 15:15:00	2002495	2255356	4257851	1.13
2024-02-29 09:00:00	167378	240379	407757	1.44
2024-02-29 09:30:00	317387	423371	740758	1.33
2024-02-29 10:00:00	397118	552373	949491	1.39
2024-02-29 10:30:00	485041	661967	1147008	1.36
2024-02-29 11:00:00	625234	843586	1468820	1.35
2024-02-29 11:30:00	689585	954840	1644425	1.38
2024-02-29 12:00:00	762027	1022593	1784620	1.34
2024-02-29 12:30:00	853574	1114344	1967918	1.31
2024-02-29 13:00:00	935739	1221788	2157527	1.31
2024-02-29 13:30:00	481192	748493	1229685	1.56
2024-02-29 14:00:00	527556	815315	1342871	1.55
2024-02-29 14:30:00	584297	874767	1459064	1.5
2024-02-29 15:00:00	727696	1017506	1745202	1.4
2024-02-29 15:15:00	782910	1091187	1874097	1.39
2024-02-28 09:00:00	196296	232159	428455	1.18
2024-02-28 09:30:00	337293	387408	724701	1.15
2024-02-28 10:00:00	429407	515442	944849	1.2
2024-02-28 10:30:00	537709	623362	1161071	1.16
2024-02-28 11:00:00	604583	703771	1308354	1.16
2024-02-28 11:30:00	675782	792858	1468640	1.17
2024-02-28 12:00:00	766568	905052	1671620	1.18
2024-02-28 12:30:00	452227	557734	1009961	1.23
2024-02-28 13:00:00	487193	611206	1098399	1.25
2024-02-28 13:30:00	519457	661924	1181381	1.27
2024-02-28 14:00:00	578360	726351	1304711	1.26
2024-02-28 14:30:00	645468	793860	1439328	1.23
2024-02-28 15:00:00	717652	955625	1673277	1.33
2024-02-28 15:15:00	753590	1014812	1768402	1.35
2024-02-27 09:00:00	174466	250588	425054	1.44
2024-02-27 09:30:00	353721	466647	820368	1.32
2024-02-27 10:00:00	477123	648322	1125445	1.36
2024-02-27 10:30:00	579296	778590	1357886	1.34
2024-02-27 11:00:00	668317	854914	1523231	1.28
2024-02-27 11:30:00	727140	913670	1640810	1.26
2024-02-27 12:00:00	799605	1001524	1801129	1.25
2024-02-27 12:30:00	885089	1091507	1976596	1.23
2024-02-27 13:00:00	945994	1167880	2113874	1.23
2024-02-27 13:30:00	1054437	1300833	2355270	1.23
2024-02-27 14:00:00	1135548	1407757	2543305	1.24
2024-02-27 14:30:00	1271847	1542545	2814392	1.21
2024-02-27 15:00:00	788188	1065992	1854180	1.35
2024-02-27 15:15:00	816971	1119129	1936100	1.37
2024-02-26 09:00:00	196612	282294	478906	1.44
2024-02-26 09:30:00	290675	393764	684439	1.35
2024-02-26 10:00:00	421133	509284	930417	1.21
2024-02-26 10:30:00	602604	624355	1226959	1.04
2024-02-26 11:00:00	660541	719699	1380240	1.09
2024-02-26 11:30:00	724601	798011	1522612	1.1
2024-02-26 12:00:00	784396	872805	1657201	1.11
2024-02-26 12:30:00	878324	1017333	1895657	1.16
2024-02-26 13:00:00	979103	1160498	2139601	1.19
2024-02-26 13:30:00	1068953	1277865	2346818	1.2
2024-02-26 14:00:00	1212343	1384007	2596350	1.14
2024-02-26 14:30:00	1330507	1499933	2830440	1.13
2024-02-26 15:00:00	1497203	1696453	3193656	1.13
2024-02-26 15:15:00	1536837	1797197	3334034	1.17
2024-02-23 09:00:00	222936	317533	540469	1.42
2024-02-23 09:30:00	413462	476058	889520	1.15
2024-02-23 10:00:00	576209	647401	1223610	1.12
2024-02-23 10:30:00	746654	887720	1634374	1.19
2024-02-23 11:00:00	841374	1011971	1853345	1.2
2024-02-23 11:30:00	923342	1131096	2054438	1.23
2024-02-23 12:00:00	1001572	1198869	2200441	1.2
2024-02-23 12:30:00	1050348	1276909	2327257	1.22
2024-02-23 13:00:00	1123984	1359930	2483914	1.21
2024-02-23 13:30:00	1237274	1471124	2708398	1.19
2024-02-23 14:00:00	1339027	1599528	2938555	1.19
2024-02-23 14:30:00	1451404	1775959	3227363	1.22
2024-02-23 15:00:00	1603905	1975628	3579533	1.23
2024-02-23 15:15:00	1644119	2057044	3701163	1.25
2024-02-22 09:00:00	150295	236416	386711	1.57
2024-02-22 09:30:00	360952	441986	802938	1.22
2024-02-22 10:00:00	453260	540568	993828	1.19
2024-02-22 10:30:00	557387	646281	1203668	1.16
2024-02-22 11:00:00	631180	708387	1339567	1.12
2024-02-22 11:30:00	704248	794220	1498468	1.13
2024-02-22 12:00:00	755033	866981	1622014	1.15
2024-02-22 12:30:00	810800	911735	1722535	1.12
2024-02-22 13:00:00	867957	971677	1839634	1.12
2024-02-22 13:30:00	947602	1068309	2015911	1.13
2024-02-22 14:00:00	1016408	1152119	2168527	1.13
2024-02-22 14:30:00	1078016	1244708	2322724	1.15
2024-02-22 15:00:00	1276091	1435959	2712050	1.13
2024-02-22 15:15:00	1329848	1506106	2835954	1.13
2024-02-21 09:00:00	138970	220630	359600	1.59
2024-02-21 09:30:00	235881	328505	564386	1.39
2024-02-21 10:00:00	340477	500838	841315	1.47
2024-02-21 10:30:00	421731	641167	1062898	1.52
2024-02-21 11:00:00	483371	741428	1224799	1.53
2024-02-21 11:30:00	551319	830055	1381374	1.51
2024-02-21 12:00:00	347110	643642	990752	1.85
2024-02-21 12:30:00	380303	687217	1067520	1.81
2024-02-21 13:00:00	817272	1133262	1950534	1.39
2024-02-21 13:30:00	487456	788744	1276200	1.62
2024-02-21 14:00:00	525129	856878	1382007	1.63
2024-02-21 14:30:00	571242	947865	1519107	1.66
2024-02-21 15:00:00	690329	1195804	1886133	1.73
2024-02-21 15:15:00	719140	1249355	1968495	1.74
2024-02-20 09:00:00	125466	115251	240717	0.92
2024-02-20 09:30:00	205537	247032	452569	1.2
2024-02-20 10:00:00	262534	352333	614867	1.34
2024-02-20 10:30:00	327597	433756	761353	1.32
2024-02-20 11:00:00	391954	512279	904233	1.31
2024-02-20 11:30:00	447977	578490	1026467	1.29
2024-02-20 12:00:00	509180	627747	1136927	1.23
2024-02-20 12:30:00	557426	691037	1248463	1.24
2024-02-20 13:00:00	607654	761537	1369191	1.25
2024-02-20 13:30:00	647633	797525	1445158	1.23
2024-02-20 14:00:00	694360	873143	1567503	1.26
2024-02-20 14:30:00	755545	969950	1725495	1.28
2024-02-20 15:00:00	879973	1100268	1980241	1.25
2024-02-20 15:15:00	916385	1173265	2089650	1.28
2024-02-16 09:00:00	223983	283750	507733	1.27
2024-02-16 09:30:00	374985	445133	820118	1.19
2024-02-16 10:00:00	498407	577526	1075933	1.16
2024-02-16 10:30:00	597805	697656	1295461	1.17
2024-02-16 11:00:00	721890	871036	1592926	1.21
2024-02-16 11:30:00	784452	1029657	1814109	1.31
2024-02-16 12:00:00	827920	1099226	1927146	1.33
2024-02-16 12:30:00	927708	1223454	2151162	1.32
2024-02-16 13:00:00	1002789	1323168	2325957	1.32
2024-02-16 13:30:00	1107982	1450220	2558202	1.31
2024-02-16 14:00:00	1252406	1688324	2940730	1.35
2024-02-16 14:30:00	1370696	1814566	3185262	1.32
2024-02-16 15:00:00	1534765	2057537	3592302	1.34
2024-02-16 15:15:00	1582268	2128821	3711089	1.35
2024-02-15 09:00:00	232942	248563	481505	1.07
2024-02-15 09:30:00	398878	399061	797939	1.0
2024-02-15 10:00:00	508017	513759	1021776	1.01
2024-02-15 10:30:00	821619	653323	1474942	0.8
2024-02-15 11:00:00	911749	789518	1701267	0.87
2024-02-15 11:30:00	991814	853662	1845476	0.86
2024-02-15 12:00:00	1126342	948456	2074798	0.84
2024-02-15 12:30:00	1254074	1077480	2331554	0.86
2024-02-15 13:00:00	1359105	1199959	2559064	0.88
2024-02-15 13:30:00	956568	813896	1770464	0.85
2024-02-15 14:00:00	1062776	902293	1965069	0.85
2024-02-15 14:30:00	1125670	1000567	2126237	0.89
2024-02-15 15:00:00	1237130	1162875	2400005	0.94
2024-02-15 15:15:00	1321283	1263363	2584646	0.96
2024-02-14 09:00:00	263251	497248	760499	1.89
2024-02-14 09:30:00	474558	729784	1204342	1.54
2024-02-14 10:00:00	799839	1015114	1814953	1.27
2024-02-14 10:30:00	954603	1185394	2139997	1.24
2024-02-14 11:00:00	1107987	1384586	2492573	1.25
2024-02-14 11:30:00	1478101	1558064	3036165	1.05
2024-02-14 12:00:00	1567815	1631384	3199199	1.04
2024-02-14 12:30:00	1638288	1727837	3366125	1.05
2024-02-14 13:00:00	1729241	1839980	3569221	1.06
2024-02-14 13:30:00	1834686	1982732	3817418	1.08
2024-02-14 14:00:00	1296837	1368269	2665106	1.06
2024-02-14 14:30:00	1371080	1492517	2863597	1.09
2024-02-14 15:00:00	1497664	1685557	3183221	1.13
2024-02-14 15:15:00	1546681	1765914	3312595	1.14
2024-02-13 09:00:00	459510	336175	795685	0.73
2024-02-13 09:30:00	796239	664951	1461190	0.84
2024-02-13 10:00:00	957939	824261	1782200	0.86
2024-02-13 10:30:00	1067626	950626	2018252	0.89
2024-02-13 11:00:00	1200502	1088544	2289046	0.91
2024-02-13 11:30:00	1386624	1232470	2619094	0.89
2024-02-13 12:00:00	1494579	1346663	2841242	0.9
2024-02-13 12:30:00	1585890	1448160	3034050	0.91
2024-02-13 13:00:00	1754516	1592606	3347122	0.91
2024-02-13 13:30:00	2104206	1868751	3972957	0.89
2024-02-13 14:00:00	2485632	2174852	4660484	0.87
2024-02-13 14:30:00	2821129	2472434	5293563	0.88
2024-02-13 15:00:00	3265881	2855251	6121132	0.87
2024-02-13 15:15:00	2490973	1996461	4487434	0.8
2024-02-12 09:00:00	202470	252291	454761	1.25
2024-02-12 09:30:00	314433	451029	765462	1.43
2024-02-12 10:00:00	487185	582163	1069348	1.19
2024-02-12 10:30:00	675185	787847	1463032	1.17
2024-02-12 11:00:00	822921	951395	1774316	1.16
2024-02-12 11:30:00	965160	1070518	2035678	1.11
2024-02-12 12:00:00	1094862	1181783	2276645	1.08
2024-02-12 12:30:00	1220866	1270459	2491325	1.04
2024-02-12 13:00:00	1355064	1418500	2773564	1.05
2024-02-12 13:30:00	1501470	1615647	3117117	1.08
2024-02-12 14:00:00	1629977	1772444	3402421	1.09
2024-02-12 14:30:00	1719178	1881236	3600414	1.09
2024-02-12 15:00:00	1160823	1352753	2513576	1.17
2024-02-12 15:15:00	1258452	1444783	2703235	1.15
2024-02-09 09:00:00	192946	270765	463711	1.4
2024-02-09 09:30:00	344189	425435	769624	1.24
2024-02-09 10:00:00	554296	557074	1111370	1.01
2024-02-09 10:30:00	650227	670151	1320378	1.03
2024-02-09 11:00:00	752756	842442	1595198	1.12
2024-02-09 11:30:00	844301	927800	1772101	1.1
2024-02-09 12:00:00	1116999	1064786	2181785	0.95
2024-02-09 12:30:00	1254965	1200965	2455930	0.96
2024-02-09 13:00:00	1394198	1363840	2758038	0.98
2024-02-09 13:30:00	1488968	1508974	2997942	1.01
2024-02-09 14:00:00	1662917	1667497	3330414	1.0
2024-02-09 14:30:00	1794906	1808834	3603740	1.01
2024-02-09 15:00:00	1971732	2066854	4038586	1.05
2024-02-09 15:15:00	2022808	2156827	4179635	1.07
2024-02-08 09:00:00	237565	213144	450709	0.9
2024-02-08 09:30:00	334354	349380	683734	1.04
2024-02-08 10:00:00	457465	458642	916107	1.0
2024-02-08 10:30:00	647373	584013	1231386	0.9
2024-02-08 11:00:00	733808	657420	1391228	0.9
2024-02-08 11:30:00	793911	725826	1519737	0.91
2024-02-08 12:00:00	849581	811158	1660739	0.95
2024-02-08 12:30:00	930772	900428	1831200	0.97
2024-02-08 13:00:00	989835	1007913	1997748	1.02
2024-02-08 13:30:00	1068353	1096476	2164829	1.03
2024-02-08 14:00:00	1173426	1207204	2380630	1.03
2024-02-08 14:30:00	813524	845808	1659332	1.04
2024-02-08 15:00:00	887660	967568	1855228	1.09
2024-02-08 15:15:00	937912	1011231	1949143	1.08
2024-02-07 09:00:00	292011	288891	580902	0.99
2024-02-07 09:30:00	614303	488674	1102977	0.8
2024-02-07 10:00:00	753866	700251	1454117	0.93
2024-02-07 10:30:00	899515	864199	1763714	0.96
2024-02-07 11:00:00	993275	999131	1992406	1.01
2024-02-07 11:30:00	1121370	1083637	2205007	0.97
2024-02-07 12:00:00	1188910	1185169	2374079	1.0
2024-02-07 12:30:00	1304544	1322473	2627017	1.01
2024-02-07 13:00:00	1456532	1464017	2920549	1.01
2024-02-07 13:30:00	1574738	1565991	3140729	0.99
2024-02-07 14:00:00	1709737	1720213	3429950	1.01
2024-02-07 14:30:00	1843998	1890406	3734404	1.03
2024-02-07 15:00:00	2030637	2103456	4134093	1.04
2024-02-07 15:15:00	2074399	2183988	4258387	1.05
2024-02-06 09:00:00	227271	241698	468969	1.06
2024-02-06 09:30:00	458840	443352	902192	0.97
2024-02-06 10:00:00	610338	547922	1158260	0.9
2024-02-06 10:30:00	714209	627358	1341567	0.88
2024-02-06 11:00:00	931858	719875	1651733	0.77
2024-02-06 11:30:00	1059931	800245	1860176	0.75
2024-02-06 12:00:00	1124402	853705	1978107	0.76
2024-02-06 12:30:00	1187691	929441	2117132	0.78
2024-02-06 13:00:00	1279489	1009166	2288655	0.79
2024-02-06 13:30:00	1431104	1140486	2571590	0.8
2024-02-06 14:00:00	1598760	1277686	2876446	0.8
2024-02-06 14:30:00	1703112	1411389	3114501	0.83
2024-02-06 15:00:00	1195737	998437	2194174	0.83
2024-02-06 15:15:00	1222869	1055644	2278513	0.86
2024-02-05 09:00:00	168614	212764	381378	1.26
2024-02-05 09:30:00	402125	498940	901065	1.24
2024-02-05 10:00:00	551907	662298	1214205	1.2
2024-02-05 10:30:00	664240	769315	1433555	1.16
2024-02-05 11:00:00	785689	961065	1746754	1.22
2024-02-05 11:30:00	881091	1061527	1942618	1.2
2024-02-05 12:00:00	997105	1176292	2173397	1.18
2024-02-05 12:30:00	1081826	1278476	2360302	1.18
2024-02-05 13:00:00	1149628	1391974	2541602	1.21
2024-02-05 13:30:00	1306698	1521684	2828382	1.16
2024-02-05 14:00:00	1540301	1697377	3237678	1.1
2024-02-05 14:30:00	1684085	1904821	3588906	1.13
2024-02-05 15:00:00	1866177	2133081	3999258	1.14
2024-02-05 15:15:00	2018988	2201739	4220727	1.09
2024-02-02 09:00:00	218551	230180	448731	1.05
2024-02-02 09:30:00	337328	388804	726132	1.15
2024-02-02 10:00:00	505281	551393	1056674	1.09
2024-02-02 10:30:00	635643	690464	1326107	1.09
2024-02-02 11:00:00	831581	944011	1775592	1.14
2024-02-02 11:30:00	955937	1130399	2086336	1.18
2024-02-02 12:00:00	1107970	1398992	2506962	1.26
2024-02-02 12:30:00	1208897	1515632	2724529	1.25
2024-02-02 13:00:00	1306508	1657983	2964491	1.27
2024-02-02 13:30:00	1473210	1803540	3276750	1.22
2024-02-02 14:00:00	1639629	1995273	3634902	1.22
2024-02-02 14:30:00	1780664	2199324	3979988	1.24
2024-02-02 15:00:00	1989873	2460161	4450034	1.24
2024-02-02 15:15:00	2058540	2578596	4637136	1.25
2024-02-01 09:00:00	155659	247463	403122	1.59
2024-02-01 09:30:00	333672	413552	747224	1.24
2024-02-01 10:00:00	458834	592077	1050911	1.29
2024-02-01 10:30:00	610638	734664	1345302	1.2
2024-02-01 11:00:00	727998	856966	1584964	1.18
2024-02-01 11:30:00	851069	989731	1840800	1.16
2024-02-01 12:00:00	967479	1131661	2099140	1.17
2024-02-01 12:30:00	1052087	1221900	2273987	1.16
2024-02-01 13:00:00	1131089	1321362	2452451	1.17
2024-02-01 13:30:00	1239405	1449792	2689197	1.17
2024-02-01 14:00:00	1351907	1587743	2939650	1.17
2024-02-01 14:30:00	1474257	1755369	3229626	1.19
2024-02-01 15:00:00	873196	1085431	1958627	1.24
2024-02-01 15:15:00	948224	1172621	2120845	1.24
2024-01-31 09:00:00	190135	232583	422718	1.22
2024-01-31 09:30:00	320798	375452	696250	1.17
2024-01-31 10:00:00	483096	515235	998331	1.07
2024-01-31 10:30:00	566922	606013	1172935	1.07
2024-01-31 11:00:00	641982	688413	1330395	1.07
2024-01-31 11:30:00	689854	747912	1437766	1.08
2024-01-31 12:00:00	729608	810233	1539841	1.11
2024-01-31 12:30:00	788902	880148	1669050	1.12
2024-01-31 13:00:00	874227	961302	1835529	1.1
2024-01-31 13:30:00	1030567	1083473	2114040	1.05
2024-01-31 14:00:00	1229555	1255395	2484950	1.02
2024-01-31 14:30:00	1483662	1539602	3023264	1.04
2024-01-31 15:00:00	1719128	1861211	3580339	1.08
2024-01-31 15:15:00	1816996	2023228	3840224	1.11
2024-01-30 09:00:00	193878	215577	409455	1.11
2024-01-30 09:30:00	353684	465871	819555	1.32
2024-01-30 10:00:00	458659	574057	1032716	1.25
2024-01-30 10:30:00	545730	668743	1214473	1.23
2024-01-30 11:00:00	620416	766775	1387191	1.24
2024-01-30 11:30:00	695427	851975	1547402	1.23
2024-01-30 12:00:00	788194	938917	1727111	1.19
2024-01-30 12:30:00	853600	1009450	1863050	1.18
2024-01-30 13:00:00	514842	649178	1164020	1.26
2024-01-30 13:30:00	1049154	1214295	2263449	1.16
2024-01-30 14:00:00	705996	819243	1525239	1.16
2024-01-30 14:30:00	1293479	1456414	2749893	1.13
2024-01-30 15:00:00	827556	1010805	1838361	1.22
2024-01-30 15:15:00	857212	1098574	1955786	1.28
2024-01-29 09:00:00	129921	164505	294426	1.27
2024-01-29 09:30:00	246207	322905	569112	1.31
2024-01-29 10:00:00	365272	439904	805176	1.2
2024-01-29 10:30:00	441591	565340	1006931	1.28
2024-01-29 11:00:00	492960	652308	1145268	1.32
2024-01-29 11:30:00	552630	735388	1288018	1.33
2024-01-29 12:00:00	640964	822699	1463663	1.28
2024-01-29 12:30:00	697130	902690	1599820	1.29
2024-01-29 13:00:00	743544	990906	1734450	1.33
2024-01-29 13:30:00	821323	1081276	1902599	1.32
2024-01-29 14:00:00	917839	1199510	2117349	1.31
2024-01-29 14:30:00	1195763	1464241	2660004	1.22
2024-01-29 15:00:00	1412141	1702179	3114320	1.21
2024-01-29 15:15:00	1459281	1791768	3251049	1.23
2024-01-26 09:00:00	268514	214678	483192	0.8
2024-01-26 09:30:00	377200	382160	759360	1.01
2024-01-26 10:00:00	499267	525382	1024649	1.05
2024-01-26 10:30:00	592968	634920	1227888	1.07
2024-01-26 11:00:00	780171	763108	1543279	0.98
2024-01-26 11:30:00	856107	844844	1700951	0.99
2024-01-26 12:00:00	1029821	1015311	2045132	0.99
2024-01-26 12:30:00	1121143	1109981	2231124	0.99
2024-01-26 13:00:00	1212981	1186221	2399202	0.98
2024-01-26 13:30:00	1295415	1273841	2569256	0.98
2024-01-26 14:00:00	1410215	1381076	2791291	0.98
2024-01-26 14:30:00	1489728	1500440	2990168	1.01
2024-01-26 15:00:00	1640574	1734718	3375292	1.06
2024-01-26 15:15:00	1681333	1809519	3490852	1.08
2024-01-25 09:00:00	160726	231400	392126	1.44
2024-01-25 09:30:00	274414	356112	630526	1.3
2024-01-25 10:00:00	397972	486211	884183	1.22
2024-01-25 10:30:00	489340	607149	1096489	1.24
2024-01-25 11:00:00	558016	718403	1276419	1.29
2024-01-25 11:30:00	666441	831085	1497526	1.25
2024-01-25 12:00:00	742000	919124	1661124	1.24
2024-01-25 12:30:00	823624	1020691	1844315	1.24
2024-01-25 13:00:00	900079	1111773	2011852	1.24
2024-01-25 13:30:00	999943	1239608	2239551	1.24
2024-01-25 14:00:00	502037	696346	1198383	1.39
2024-01-25 14:30:00	620328	774771	1395099	1.25
2024-01-25 15:00:00	698755	898539	1597294	1.29
2024-01-25 15:15:00	736094	954712	1690806	1.3
2024-01-24 09:00:00	191053	265226	456279	1.39
2024-01-24 09:30:00	453685	445415	899100	0.98
2024-01-24 10:00:00	663025	640865	1303890	0.97
2024-01-24 10:30:00	780785	826841	1607626	1.06
2024-01-24 11:00:00	894706	931147	1825853	1.04
2024-01-24 11:30:00	987464	1111444	2098908	1.13
2024-01-24 12:00:00	1070431	1220470	2290901	1.14
2024-01-24 12:30:00	1199377	1391957	2591334	1.16
2024-01-24 13:00:00	731961	983111	1715072	1.34
2024-01-24 13:30:00	792677	1054677	1847354	1.33
2024-01-24 14:00:00	838502	1129519	1968021	1.35
2024-01-24 14:30:00	892817	1233990	2126807	1.38
2024-01-24 15:00:00	967025	1399788	2366813	1.45
2024-01-24 15:15:00	1012148	1471506	2483654	1.45
2024-01-23 09:00:00	205569	178056	383625	0.87
2024-01-23 09:30:00	329324	318118	647442	0.97
2024-01-23 10:00:00	525524	471548	997072	0.9
2024-01-23 10:30:00	699811	616948	1316759	0.88
2024-01-23 11:00:00	832886	733872	1566758	0.88
2024-01-23 11:30:00	929621	812876	1742497	0.87
2024-01-23 12:00:00	1090081	917515	2007596	0.84
2024-01-23 12:30:00	1207719	998332	2206051	0.83
2024-01-23 13:00:00	1299814	1109958	2409772	0.85
2024-01-23 13:30:00	1413926	1208674	2622600	0.85
2024-01-23 14:00:00	1549331	1329750	2879081	0.86
2024-01-23 14:30:00	1706388	1455540	3161928	0.85
2024-01-23 15:00:00	1840760	1613951	3454711	0.88
2024-01-23 15:15:00	1870010	1675084	3545094	0.9
2024-01-22 09:00:00	246780	249885	496665	1.01
2024-01-22 09:30:00	443376	458862	902238	1.03
2024-01-22 10:00:00	605628	682492	1288120	1.13
2024-01-22 10:30:00	769762	863168	1632930	1.12
2024-01-22 11:00:00	876257	986975	1863232	1.13
2024-01-22 11:30:00	967858	1089318	2057176	1.13
2024-01-22 12:00:00	1105797	1190623	2296420	1.08
2024-01-22 12:30:00	1377551	1321604	2699155	0.96
2024-01-22 13:00:00	1462969	1417592	2880561	0.97
2024-01-22 13:30:00	1565131	1529267	3094398	0.98
2024-01-22 14:00:00	1660077	1616645	3276722	0.97
2024-01-22 14:30:00	1801744	1762905	3564649	0.98
2024-01-22 15:00:00	2005903	2013985	4019888	1.0
2024-01-22 15:15:00	2047833	2081418	4129251	1.02
2024-01-19 09:00:00	218806	258096	476902	1.18
2024-01-19 09:30:00	477430	498230	975660	1.04
2024-01-19 10:00:00	589035	701210	1290245	1.19
2024-01-19 10:30:00	725325	925957	1651282	1.28
2024-01-19 11:00:00	851568	1107400	1958968	1.3
2024-01-19 11:30:00	943933	1220187	2164120	1.29
2024-01-19 12:00:00	1102976	1362474	2465450	1.24
2024-01-19 12:30:00	1328369	1549777	2878146	1.17
2024-01-19 13:00:00	1522857	1725663	3248520	1.13
2024-01-19 13:30:00	1755771	1944182	3699953	1.11
2024-01-19 14:00:00	1902398	2117306	4019704	1.11
2024-01-19 14:30:00	2048140	2300924	4349064	1.12
2024-01-19 15:00:00	2260555	2552005	4812560	1.13
2024-01-19 15:15:00	2336937	2666808	5003745	1.14
2024-01-18 09:00:00	103763	152142	255905	1.47
2024-01-18 09:30:00	186105	272473	458578	1.46
2024-01-18 10:00:00	262875	365615	628490	1.39
2024-01-18 10:30:00	302305	446716	749021	1.48
2024-01-18 11:00:00	412878	519182	932060	1.26
2024-01-18 11:30:00	481687	605462	1087149	1.26
2024-01-18 12:00:00	510520	653340	1163860	1.28
2024-01-18 12:30:00	558443	716271	1274714	1.28
2024-01-18 13:00:00	600761	788321	1389082	1.31
2024-01-18 13:30:00	687175	882840	1570015	1.28
2024-01-18 14:00:00	752280	983608	1735888	1.31
2024-01-18 14:30:00	882018	1095094	1977112	1.24
2024-01-18 15:00:00	998892	1259694	2258586	1.26
2024-01-18 15:15:00	1048203	1332736	2380939	1.27
2024-01-17 09:00:00	141615	278048	419663	1.96
2024-01-17 09:30:00	252347	452399	704746	1.79
2024-01-17 10:00:00	359079	540174	899253	1.5
2024-01-17 10:30:00	439435	608651	1048086	1.39
2024-01-17 11:00:00	489658	659934	1149592	1.35
2024-01-17 11:30:00	676209	772106	1448315	1.14
2024-01-17 12:00:00	874405	840519	1714924	0.96
2024-01-17 12:30:00	1006980	917753	1924733	0.91
2024-01-17 13:00:00	1094059	1008060	2102119	0.92
2024-01-17 13:30:00	1150776	1071667	2222443	0.93
2024-01-17 14:00:00	1209576	1206135	2415711	1.0
2024-01-17 14:30:00	1307000	1346182	2653182	1.03
2024-01-17 15:00:00	1393970	1554582	2948552	1.12
2024-01-17 15:15:00	1443709	1633779	3077488	1.13
2024-01-16 09:00:00	151967	172780	324747	1.14
2024-01-16 09:30:00	270329	286125	556454	1.06
2024-01-16 10:00:00	416010	425380	841390	1.02
2024-01-16 10:30:00	542191	529950	1072141	0.98
2024-01-16 11:00:00	593686	626064	1219750	1.05
2024-01-16 11:30:00	688586	689300	1377886	1.0
2024-01-16 12:00:00	771980	754379	1526359	0.98
2024-01-16 12:30:00	912825	811121	1723946	0.89
2024-01-16 13:00:00	982768	868607	1851375	0.88
2024-01-16 13:30:00	1064388	959470	2023858	0.9
2024-01-16 14:00:00	1156917	1053727	2210644	0.91
2024-01-16 14:30:00	1225856	1150143	2375999	0.94
2024-01-16 15:00:00	1322123	1325260	2647383	1.0
2024-01-16 15:15:00	1373669	1415986	2789655	1.03
2024-01-12 09:00:00	310874	363385	674259	1.17
2024-01-12 09:30:00	566810	575638	1142448	1.02
2024-01-12 10:00:00	1014936	742011	1756947	0.73
2024-01-12 10:30:00	1154911	859854	2014765	0.74
2024-01-12 11:00:00	1285817	1020623	2306440	0.79
2024-01-12 11:30:00	1397367	1105986	2503353	0.79
2024-01-12 12:00:00	1530151	1177283	2707434	0.77
2024-01-12 12:30:00	1721902	1292735	3014637	0.75
2024-01-12 13:00:00	1878359	1390011	3268370	0.74
2024-01-12 13:30:00	2084191	1517697	3601888	0.73
2024-01-12 14:00:00	2199593	1652117	3851710	0.75
2024-01-12 14:30:00	2341357	1802401	4143758	0.77
2024-01-12 15:00:00	2556968	2049228	4606196	0.8
2024-01-12 15:15:00	2668975	2143226	4812201	0.8
2024-01-11 09:00:00	119197	216207	335404	1.81
2024-01-11 09:30:00	205774	344540	550314	1.67
2024-01-11 10:00:00	287395	404014	691409	1.41
2024-01-11 10:30:00	368530	479917	848447	1.3
2024-01-11 11:00:00	460962	539449	1000411	1.17
2024-01-11 11:30:00	500982	594724	1095706	1.19
2024-01-11 12:00:00	545890	653381	1199271	1.2
2024-01-11 12:30:00	602236	709960	1312196	1.18
2024-01-11 13:00:00	696728	793553	1490281	1.14
2024-01-11 13:30:00	731698	881179	1612877	1.2
2024-01-11 14:00:00	782497	940536	1723033	1.2
2024-01-11 14:30:00	840940	1041206	1882146	1.24
2024-01-11 15:00:00	901258	1165312	2066570	1.29
2024-01-11 15:15:00	925267	1201918	2127185	1.3
2024-01-11 09:00:00	262630	335991	598621	1.28
2024-01-11 09:30:00	465558	591874	1057432	1.27
2024-01-11 10:00:00	616365	718657	1335022	1.17
2024-01-11 10:30:00	773387	876835	1650222	1.13
2024-01-11 11:00:00	927315	995540	1922855	1.07
2024-01-11 11:30:00	1013568	1095596	2109164	1.08
2024-01-11 12:00:00	1115015	1195578	2310593	1.07
2024-01-11 12:30:00	1234021	1321292	2555313	1.07
2024-01-11 13:00:00	1386376	1469743	2856119	1.06
2024-01-11 13:30:00	1484967	1620959	3105926	1.09
2024-01-11 14:00:00	1608530	1748125	3356655	1.09
2024-01-11 14:30:00	1737813	1936611	3674424	1.11
2024-01-11 15:00:00	1866573	2122570	3989143	1.14
2024-01-11 15:15:00	1890582	2159176	4049758	1.14
2024-01-10 09:00:00	272652	207849	480501	0.76
2024-01-10 09:30:00	457651	385977	843628	0.84
2024-01-10 10:00:00	692739	589999	1282738	0.85
2024-01-10 10:30:00	823976	679780	1503756	0.82
2024-01-10 11:00:00	929027	788945	1717972	0.85
2024-01-10 11:30:00	1045160	881705	1926865	0.84
2024-01-10 12:00:00	1132106	969709	2101815	0.86
2024-01-10 12:30:00	1320298	1147693	2467991	0.87
2024-01-10 13:00:00	1408440	1251570	2660010	0.89
2024-01-10 13:30:00	1593506	1407413	3000919	0.88
2024-01-10 14:00:00	1757025	1544673	3301698	0.88
2024-01-10 14:30:00	1945692	1768492	3714184	0.91
2024-01-10 15:00:00	2151208	2075795	4227003	0.96
2024-01-10 15:15:00	2189874	2141824	4331698	0.98
2024-01-05 09:00:00	193958	246800	440758	1.27
2024-01-05 09:30:00	431075	448417	879492	1.04
2024-01-05 10:00:00	520924	575279	1096203	1.1
2024-01-05 10:30:00	648216	763671	1411887	1.18
2024-01-05 11:00:00	735237	909051	1644288	1.24
2024-01-05 11:30:00	864374	1079667	1944041	1.25
2024-01-05 12:00:00	938014	1178883	2116897	1.26
2024-01-05 12:30:00	1028086	1306100	2334186	1.27
2024-01-05 13:00:00	1130724	1424168	2554892	1.26
2024-01-05 13:30:00	1228028	1567496	2795524	1.28
2024-01-05 14:00:00	1350758	1750793	3101551	1.3
2024-01-05 14:30:00	1468241	1909395	3377636	1.3
2024-01-05 15:00:00	1651629	2170475	3822104	1.31
2024-01-05 15:15:00	1697565	2245301	3942866	1.32
2024-01-04 09:00:00	158277	198555	356832	1.25
2024-01-04 09:30:00	377011	423593	800604	1.12
2024-01-04 10:00:00	460691	521355	982046	1.13
2024-01-04 10:30:00	577516	651338	1228854	1.13
2024-01-04 11:00:00	682093	769384	1451477	1.13
2024-01-04 11:30:00	760301	849050	1609351	1.12
2024-01-04 12:00:00	844959	967667	1812626	1.15
2024-01-04 12:30:00	434760	563184	997944	1.3
2024-01-04 13:00:00	473589	598332	1071921	1.26
2024-01-04 13:30:00	1115138	1220445	2335583	1.09
2024-01-04 14:00:00	1258695	1374430	2633125	1.09
2024-01-04 14:30:00	682573	828186	1510759	1.21
2024-01-04 15:00:00	798023	952159	1750182	1.19
2024-01-04 15:15:00	852222	1022073	1874295	1.2
2024-01-03 09:00:00	215912	232522	448434	1.08
2024-01-03 09:30:00	405944	559887	965831	1.38
2024-01-03 10:00:00	531213	714552	1245765	1.35
2024-01-03 10:30:00	616030	808476	1424506	1.31
2024-01-03 11:00:00	700110	880139	1580249	1.26
2024-01-03 11:30:00	752932	949980	1702912	1.26
2024-01-03 12:00:00	838260	1027207	1865467	1.23
2024-01-03 12:30:00	905530	1127821	2033351	1.25
2024-01-03 13:00:00	978371	1224224	2202595	1.25
2024-01-03 13:30:00	579449	831709	1411158	1.44
2024-01-03 14:00:00	1229936	1487097	2717033	1.21
2024-01-03 14:30:00	1377680	1634814	3012494	1.19
2024-01-03 15:00:00	1558029	1862466	3420495	1.2
2024-01-03 15:15:00	882815	1220078	2102893	1.38
2024-01-02 09:00:00	213166	240728	453894	1.13
2024-01-02 09:30:00	355557	408204	763761	1.15
2024-01-02 10:00:00	466307	523525	989832	1.12
2024-01-02 10:30:00	568874	609214	1178088	1.07
2024-01-02 11:00:00	682197	786798	1468995	1.15
2024-01-02 11:30:00	749470	883548	1633018	1.18
2024-01-02 12:00:00	827384	983989	1811373	1.19
2024-01-02 12:30:00	889438	1065734	1955172	1.2
2024-01-02 13:00:00	972621	1171902	2144523	1.2
2024-01-02 13:30:00	1055960	1283358	2339318	1.22
2024-01-02 14:00:00	1316217	1434106	2750323	1.09
2024-01-02 14:30:00	848387	951969	1800356	1.12
2024-01-02 15:00:00	1077808	1126790	2204598	1.05
2024-01-02 15:15:00	1113378	1196136	2309514	1.07
