TIME	CALLS	PUTS	TOTAL	P/C RATIO
2024-05-28 09:00:00	66523	135555	202078	2.04
2024-05-28 09:30:00	139249	210278	349527	1.51
2024-05-28 10:00:00	209828	253604	463432	1.21
2024-05-28 10:30:00	460318	339742	800060	0.74
2024-05-28 11:00:00	487937	390305	878242	0.8
2024-05-28 11:30:00	514821	446011	960832	0.87
2024-05-28 12:00:00	549615	473060	1022675	0.86
2024-05-28 12:30:00	607169	507854	1115023	0.84
2024-05-28 13:00:00	642681	546471	1189152	0.85
2024-05-28 13:30:00	683313	615772	1299085	0.9
2024-05-28 14:00:00	758708	696824	1455532	0.92
2024-05-28 14:30:00	792957	756131	1549088	0.95
2024-05-28 15:00:00	873762	901711	1775473	1.03
2024-05-28 15:15:00	921628	980554	1902182	1.06
2024-05-24 09:00:00	183699	247018	430717	1.34
2024-05-24 09:30:00	379314	395913	775227	1.04
2024-05-24 10:00:00	482020	554615	1036635	1.15
2024-05-24 10:30:00	639305	707411	1346716	1.11
2024-05-24 11:00:00	725376	827897	1553273	1.14
2024-05-24 11:30:00	797237	925145	1722382	1.16
2024-05-24 12:00:00	850098	995524	1845622	1.17
2024-05-24 12:30:00	920271	1079326	1999597	1.17
2024-05-24 13:00:00	1003315	1179406	2182721	1.18
2024-05-24 13:30:00	1080137	1277193	2357330	1.18
2024-05-24 14:00:00	1269601	1377222	2646823	1.08
2024-05-24 14:30:00	1404168	1551495	2955663	1.1
2024-05-24 15:00:00	1534125	1767152	3301277	1.15
2024-05-24 15:15:00	1590649	1847726	3438375	1.16
2024-05-23 09:00:00	116569	157111	273680	1.35
2024-05-23 09:30:00	193411	251292	444703	1.3
2024-05-23 10:00:00	390344	334670	725014	0.86
2024-05-23 10:30:00	467176	399598	866774	0.86
2024-05-23 11:00:00	579827	466383	1046210	0.8
2024-05-23 11:30:00	634025	508079	1142104	0.8
2024-05-23 12:00:00	687605	561089	1248694	0.82
2024-05-23 12:30:00	729696	601896	1331592	0.82
2024-05-23 13:00:00	810251	723220	1533471	0.89
2024-05-23 13:30:00	922501	815848	1738349	0.88
2024-05-23 14:00:00	1035011	944393	1979404	0.91
2024-05-23 14:30:00	1233731	1060960	2294691	0.86
2024-05-23 15:00:00	1485492	1258189	2743681	0.85
2024-05-23 15:15:00	1558409	1319796	2878205	0.85
2024-05-22 09:00:00	124705	248298	373003	1.99
2024-05-22 09:30:00	278435	312030	590465	1.12
2024-05-22 10:00:00	356063	365648	721711	1.03
2024-05-22 10:30:00	528090	428533	956623	0.81
2024-05-22 11:00:00	571066	484206	1055272	0.85
2024-05-22 11:30:00	607698	561812	1169510	0.92
2024-05-22 12:00:00	678191	617317	1295508	0.91
2024-05-22 12:30:00	736336	654266	1390602	0.89
2024-05-22 13:00:00	845854	715104	1560958	0.85
2024-05-22 13:30:00	919036	812775	1731811	0.88
2024-05-22 14:00:00	1032701	867060	1899761	0.84
2024-05-22 14:30:00	1088395	942232	2030627	0.87
2024-05-22 15:00:00	1228268	1070178	2298446	0.87
2024-05-22 15:15:00	1266268	1136073	2402341	0.9
2024-05-21 09:00:00	93876	119676	213552	1.27
2024-05-21 09:30:00	172537	278461	450998	1.61
2024-05-21 10:00:00	286577	367280	653857	1.28
2024-05-21 10:30:00	372931	420475	793406	1.13
2024-05-21 11:00:00	518086	520338	1038424	1.0
2024-05-21 11:30:00	551573	553776	1105349	1.0
2024-05-21 12:00:00	592412	608490	1200902	1.03
2024-05-21 12:30:00	646831	636942	1283773	0.98
2024-05-21 13:00:00	682439	682718	1365157	1.0
2024-05-21 13:30:00	736626	732349	1468975	0.99
2024-05-21 14:00:00	777941	788326	1566267	1.01
2024-05-21 14:30:00	1002655	874886	1877541	0.87
2024-05-21 15:00:00	1158611	1047482	2206093	0.9
2024-05-21 15:15:00	1202489	1104710	2307199	0.92
2024-05-20 09:00:00	119571	144403	263974	1.21
2024-05-20 09:30:00	202221	283928	486149	1.4
2024-05-20 10:00:00	266851	392622	659473	1.47
2024-05-20 10:30:00	481230	586651	1067881	1.22
2024-05-20 11:00:00	523135	650795	1173930	1.24
2024-05-20 11:30:00	560711	718990	1279701	1.28
2024-05-20 12:00:00	583922	751262	1335184	1.29
2024-05-20 12:30:00	652500	804082	1456582	1.23
2024-05-20 13:00:00	727532	854905	1582437	1.18
2024-05-20 13:30:00	820162	914537	1734699	1.12
2024-05-20 14:00:00	844327	979077	1823404	1.16
2024-05-20 14:30:00	899102	1085078	1984180	1.21
2024-05-20 15:00:00	1024405	1235208	2259613	1.21
2024-05-20 15:15:00	1051210	1274946	2326156	1.21
2024-05-17 09:00:00	195156	262176	457332	1.34
2024-05-17 09:30:00	339290	411356	750646	1.21
2024-05-17 10:00:00	517505	543886	1061391	1.05
2024-05-17 10:30:00	722824	671560	1394384	0.93
2024-05-17 11:00:00	805537	774410	1579947	0.96
2024-05-17 11:30:00	877628	848391	1726019	0.97
2024-05-17 12:00:00	960210	977845	1938055	1.02
2024-05-17 12:30:00	1016527	1055427	2071954	1.04
2024-05-17 13:00:00	1119975	1127675	2247650	1.01
2024-05-17 13:30:00	1262563	1341448	2604011	1.06
2024-05-17 14:00:00	1391094	1489971	2881065	1.07
2024-05-17 14:30:00	1491756	1641331	3133087	1.1
2024-05-17 15:00:00	1725952	1850204	3576156	1.07
2024-05-17 15:15:00	1753285	1922778	3676063	1.1
2024-05-16 09:00:00	148425	200424	348849	1.35
2024-05-16 09:30:00	332633	333452	666085	1.0
2024-05-16 10:00:00	601821	456827	1058648	0.76
2024-05-16 10:30:00	744231	519687	1263918	0.7
2024-05-16 11:00:00	827857	623617	1451474	0.75
2024-05-16 11:30:00	914231	717917	1632148	0.79
2024-05-16 12:00:00	981449	789997	1771446	0.8
2024-05-16 12:30:00	1039587	848347	1887934	0.82
2024-05-16 13:00:00	1086328	953220	2039548	0.88
2024-05-16 13:30:00	1136872	1038866	2175738	0.91
2024-05-16 14:00:00	1193438	1143698	2337136	0.96
2024-05-16 14:30:00	1244384	1231271	2475655	0.99
2024-05-16 15:00:00	1357827	1424384	2782211	1.05
2024-05-16 15:15:00	1398745	1474741	2873486	1.05
2024-05-15 09:00:00	186182	234474	420656	1.26
2024-05-15 09:30:00	269079	343240	612319	1.28
2024-05-15 10:00:00	415646	502519	918165	1.21
2024-05-15 10:30:00	712781	684331	1397112	0.96
2024-05-15 11:00:00	1011400	812136	1823536	0.8
2024-05-15 11:30:00	1127105	966693	2093798	0.86
2024-05-15 12:00:00	1208372	1064605	2272977	0.88
2024-05-15 12:30:00	1309219	1151024	2460243	0.88
2024-05-15 13:00:00	1615110	1292724	2907834	0.8
2024-05-15 13:30:00	1714604	1423514	3138118	0.83
2024-05-15 14:00:00	1820192	1522151	3342343	0.84
2024-05-15 14:30:00	1972960	1663845	3636805	0.84
2024-05-15 15:00:00	2111616	1870572	3982188	0.89
2024-05-15 15:15:00	2153910	1949400	4103310	0.91
2024-05-14 09:00:00	74395	134599	208994	1.81
2024-05-14 09:30:00	161535	225386	386921	1.4
2024-05-14 10:00:00	218659	323407	542066	1.48
2024-05-14 10:30:00	291183	441147	732330	1.52
2024-05-14 11:00:00	319017	521363	840380	1.63
2024-05-14 11:30:00	345362	552696	898058	1.6
2024-05-14 12:00:00	381105	594558	975663	1.56
2024-05-14 12:30:00	423400	635308	1058708	1.5
2024-05-14 13:00:00	466711	690401	1157112	1.48
2024-05-14 13:30:00	510879	767074	1277953	1.5
2024-05-14 14:00:00	611113	898740	1509853	1.47
2024-05-14 14:30:00	765787	1022431	1788218	1.34
2024-05-14 15:00:00	924717	1197520	2122237	1.3
2024-05-14 15:15:00	980397	1258400	2238797	1.28
2024-05-13 09:00:00	117124	136674	253798	1.17
2024-05-13 09:30:00	205934	198624	404558	0.96
2024-05-13 10:00:00	266458	329661	596119	1.24
2024-05-13 10:30:00	314563	390683	705246	1.24
2024-05-13 11:00:00	347218	446820	794038	1.29
2024-05-13 11:30:00	469265	498079	967344	1.06
2024-05-13 12:00:00	547165	586093	1133258	1.07
2024-05-13 12:30:00	630871	653562	1284433	1.04
2024-05-13 13:00:00	677179	699770	1376949	1.03
2024-05-13 13:30:00	704008	747926	1451934	1.06
2024-05-13 14:00:00	786084	811654	1597738	1.03
2024-05-13 14:30:00	817937	901230	1719167	1.1
2024-05-13 15:00:00	897640	1026350	1923990	1.14
2024-05-13 15:15:00	936675	1083280	2019955	1.16
2024-05-10 09:00:00	183643	205096	388739	1.12
2024-05-10 09:30:00	391671	382269	773940	0.98
2024-05-10 10:00:00	568993	571697	1140690	1.0
2024-05-10 10:30:00	729227	709775	1439002	0.97
2024-05-10 11:00:00	850655	863041	1713696	1.01
2024-05-10 11:30:00	947692	950849	1898541	1.0
2024-05-10 12:00:00	1010679	1026872	2037551	1.02
2024-05-10 12:30:00	1069364	1109870	2179234	1.04
2024-05-10 13:00:00	1157921	1194710	2352631	1.03
2024-05-10 13:30:00	1228080	1295830	2523910	1.06
2024-05-10 14:00:00	1349879	1407124	2757003	1.04
2024-05-10 14:30:00	1455484	1536564	2992048	1.06
2024-05-10 15:00:00	1593812	1783271	3377083	1.12
2024-05-10 15:15:00	1617666	1844851	3462517	1.14
2024-05-09 09:00:00	87636	120464	208100	1.37
2024-05-09 09:30:00	167567	203399	370966	1.21
2024-05-09 10:00:00	223246	296791	520037	1.33
2024-05-09 10:30:00	319824	373450	693274	1.17
2024-05-09 11:00:00	372547	428197	800744	1.15
2024-05-09 11:30:00	406606	456226	862832	1.12
2024-05-09 12:00:00	428833	482235	911068	1.12
2024-05-09 12:30:00	473320	537253	1010573	1.14
2024-05-09 13:00:00	505756	590817	1096573	1.17
2024-05-09 13:30:00	548431	627457	1175888	1.14
2024-05-09 14:00:00	591751	683930	1275681	1.16
2024-05-09 14:30:00	715520	771481	1487001	1.08
2024-05-09 15:00:00	830203	917645	1747848	1.11
2024-05-09 15:15:00	867716	980898	1848614	1.13
2024-05-08 09:00:00	144577	163922	308499	1.13
2024-05-08 09:30:00	290197	267737	557934	0.92
2024-05-08 10:00:00	324740	352972	677712	1.09
2024-05-08 10:30:00	350533	394592	745125	1.13
2024-05-08 11:00:00	370923	420232	791155	1.13
2024-05-08 11:30:00	391923	451844	843767	1.15
2024-05-08 12:00:00	412669	472405	885074	1.14
2024-05-08 12:30:00	479875	519754	999629	1.08
2024-05-08 13:00:00	526427	580974	1107401	1.1
2024-05-08 13:30:00	565045	634318	1199363	1.12
2024-05-08 14:00:00	589720	694233	1283953	1.18
2024-05-08 14:30:00	675620	818432	1494052	1.21
2024-05-08 15:00:00	774349	954407	1728756	1.23
2024-05-08 15:15:00	821005	1011996	1833001	1.23
2024-05-07 09:00:00	94965	139541	234506	1.47
2024-05-07 09:30:00	172660	349477	522137	2.02
2024-05-07 10:00:00	240552	447178	687730	1.86
2024-05-07 10:30:00	361811	605509	967320	1.67
2024-05-07 11:00:00	429373	687548	1116921	1.6
2024-05-07 11:30:00	551645	749084	1300729	1.36
2024-05-07 12:00:00	647189	911530	1558719	1.41
2024-05-07 12:30:00	801584	1011908	1813492	1.26
2024-05-07 13:00:00	862049	1088028	1950077	1.26
2024-05-07 13:30:00	916714	1173956	2090670	1.28
2024-05-07 14:00:00	976670	1271430	2248100	1.3
2024-05-07 14:30:00	1095702	1338215	2433917	1.22
2024-05-07 15:00:00	1187585	1468517	2656102	1.24
2024-05-07 15:15:00	1218506	1519299	2737805	1.25
2024-05-06 09:00:00	110600	133805	244405	1.21
2024-05-06 09:30:00	178356	220872	399228	1.24
2024-05-06 10:00:00	256146	298344	554490	1.16
2024-05-06 10:30:00	407745	531543	939288	1.3
2024-05-06 11:00:00	440791	605780	1046571	1.37
2024-05-06 11:30:00	535539	687362	1222901	1.28
2024-05-06 12:00:00	563284	744718	1308002	1.32
2024-05-06 12:30:00	625785	813863	1439648	1.3
2024-05-06 13:00:00	667338	845493	1512831	1.27
2024-05-06 13:30:00	718378	921177	1639555	1.28
2024-05-06 14:00:00	764833	993749	1758582	1.3
2024-05-06 14:30:00	868881	1118993	1987874	1.29
2024-05-06 15:00:00	958797	1294325	2253122	1.35
2024-05-06 15:15:00	1078429	1441740	2520169	1.34
2024-05-03 09:00:00	300540	327152	627692	1.09
2024-05-03 09:30:00	539155	632005	1171160	1.17
2024-05-03 10:00:00	663676	737137	1400813	1.11
2024-05-03 10:30:00	768933	841255	1610188	1.09
2024-05-03 11:00:00	957928	1007924	1965852	1.05
2024-05-03 11:30:00	1077909	1161281	2239190	1.08
2024-05-03 12:00:00	1143662	1272644	2416306	1.11
2024-05-03 12:30:00	1222556	1425136	2647692	1.17
2024-05-03 13:00:00	1357626	1632583	2990209	1.2
2024-05-03 13:30:00	1463673	1763286	3226959	1.2
2024-05-03 14:00:00	1578709	1888398	3467107	1.2
2024-05-03 14:30:00	1691950	2059290	3751240	1.22
2024-05-03 15:00:00	1863722	2266931	4130653	1.22
2024-05-03 15:15:00	1926283	2341456	4267739	1.22
2024-05-02 09:00:00	93435	126468	219903	1.35
2024-05-02 09:30:00	160120	217642	377762	1.36
2024-05-02 10:00:00	218581	285463	504044	1.31
2024-05-02 10:30:00	261154	361623	622777	1.38
2024-05-02 11:00:00	290578	449062	739640	1.55
2024-05-02 11:30:00	310939	485311	796250	1.56
2024-05-02 12:00:00	338783	516005	854788	1.52
2024-05-02 12:30:00	374551	665887	1040438	1.78
2024-05-02 13:00:00	405739	709442	1115181	1.75
2024-05-02 13:30:00	477933	717011	1194944	1.5
2024-05-02 14:00:00	553900	765511	1319411	1.38
2024-05-02 14:30:00	648965	858920	1507885	1.32
2024-05-02 15:00:00	737171	994795	1731966	1.35
2024-05-02 15:15:00	770174	1038598	1808772	1.35
2024-05-01 09:00:00	78293	120971	199264	1.55
2024-05-01 09:30:00	120531	182919	303450	1.52
2024-05-01 10:00:00	152118	233816	385934	1.54
2024-05-01 10:30:00	225538	291391	516929	1.29
2024-05-01 11:00:00	250966	322479	573445	1.28
2024-05-01 11:30:00	273591	382765	656356	1.4
2024-05-01 12:00:00	302601	438501	741102	1.45
2024-05-01 12:30:00	339512	489051	828563	1.44
2024-05-01 13:00:00	362773	524070	886843	1.44
2024-05-01 13:30:00	389098	572303	961401	1.47
2024-05-01 14:00:00	481235	685566	1166801	1.42
2024-05-01 14:30:00	590966	807194	1398160	1.37
2024-05-01 15:00:00	799989	1021906	1821895	1.28
2024-05-01 15:15:00	849549	1085838	1935387	1.28
2024-04-30 09:00:00	65518	109032	174550	1.66
2024-04-30 09:30:00	126968	208775	335743	1.64
2024-04-30 10:00:00	206684	270676	477360	1.31
2024-04-30 10:30:00	336603	349322	685925	1.04
2024-04-30 11:00:00	393794	409453	803247	1.04
2024-04-30 11:30:00	432063	445124	877187	1.03
2024-04-30 12:00:00	487745	517430	1005175	1.06
2024-04-30 12:30:00	522703	577319	1100022	1.1
2024-04-30 13:00:00	558387	637865	1196252	1.14
2024-04-30 13:30:00	617997	715091	1333088	1.16
2024-04-30 14:00:00	648394	775204	1423598	1.2
2024-04-30 14:30:00	718406	846690	1565096	1.18
2024-04-30 15:00:00	825232	972367	1797599	1.18
2024-04-30 15:15:00	917890	1077392	1995282	1.17
2024-04-29 09:00:00	118458	103694	222152	0.88
2024-04-29 09:30:00	174343	180477	354820	1.04
2024-04-29 10:00:00	226241	251272	477513	1.11
2024-04-29 10:30:00	377595	349834	727429	0.93
2024-04-29 11:00:00	419090	429641	848731	1.03
2024-04-29 11:30:00	447288	468018	915306	1.05
2024-04-29 12:00:00	469285	512474	981759	1.09
2024-04-29 12:30:00	485642	552026	1037668	1.14
2024-04-29 13:00:00	504404	616944	1121348	1.22
2024-04-29 13:30:00	532617	645141	1177758	1.21
2024-04-29 14:00:00	588310	704877	1293187	1.2
2024-04-29 14:30:00	660879	787981	1448860	1.19
2024-04-29 15:00:00	731813	936222	1668035	1.28
2024-04-29 15:15:00	766512	970855	1737367	1.27
2024-04-26 09:00:00	229165	236655	465820	1.03
2024-04-26 09:30:00	374886	471216	846102	1.26
2024-04-26 10:00:00	463348	614608	1077956	1.33
2024-04-26 10:30:00	582249	792172	1374421	1.36
2024-04-26 11:00:00	646322	901272	1547594	1.39
2024-04-26 11:30:00	722320	970291	1692611	1.34
2024-04-26 12:00:00	802018	1069990	1872008	1.33
2024-04-26 12:30:00	879127	1162301	2041428	1.32
2024-04-26 13:00:00	943256	1277079	2220335	1.35
2024-04-26 13:30:00	1014056	1369937	2383993	1.35
2024-04-26 14:00:00	1118754	1532818	2651572	1.37
2024-04-26 14:30:00	1235416	1707347	2942763	1.38
2024-04-26 15:00:00	1378132	1920796	3298928	1.39
2024-04-26 15:15:00	1418474	2014755	3433229	1.42
2024-04-25 09:00:00	193151	198001	391152	1.03
2024-04-25 09:30:00	321713	317161	638874	0.99
2024-04-25 10:00:00	461244	416471	877715	0.9
2024-04-25 10:30:00	499428	470798	970226	0.94
2024-04-25 11:00:00	607395	528251	1135646	0.87
2024-04-25 11:30:00	661709	582863	1244572	0.88
2024-04-25 12:00:00	700788	640589	1341377	0.91
2024-04-25 12:30:00	735539	696689	1432228	0.95
2024-04-25 13:00:00	857994	780369	1638363	0.91
2024-04-25 13:30:00	911080	818726	1729806	0.9
2024-04-25 14:00:00	944059	859754	1803813	0.91
2024-04-25 14:30:00	989104	931389	1920493	0.94
2024-04-25 15:00:00	1083719	1092820	2176539	1.01
2024-04-25 15:15:00	1137318	1175972	2313290	1.03
2024-04-24 09:00:00	120742	144554	265296	1.2
2024-04-24 09:30:00	216532	292410	508942	1.35
2024-04-24 10:00:00	280879	361855	642734	1.29
2024-04-24 10:30:00	337055	482320	819375	1.43
2024-04-24 11:00:00	364697	554348	919045	1.52
2024-04-24 11:30:00	436167	601570	1037737	1.38
2024-04-24 12:00:00	468173	633719	1101892	1.35
2024-04-24 12:30:00	503391	680336	1183727	1.35
2024-04-24 13:00:00	635607	729031	1364638	1.15
2024-04-24 13:30:00	729321	788586	1517907	1.08
2024-04-24 14:00:00	812958	832827	1645785	1.02
2024-04-24 14:30:00	859506	917010	1776516	1.07
2024-04-24 15:00:00	935988	1027380	1963368	1.1
2024-04-24 15:15:00	966894	1091499	2058393	1.13
2024-04-23 09:00:00	164836	185279	350115	1.12
2024-04-23 09:30:00	320319	417511	737830	1.3
2024-04-23 10:00:00	396733	503082	899815	1.27
2024-04-23 10:30:00	453379	591217	1044596	1.3
2024-04-23 11:00:00	488627	652662	1141289	1.34
2024-04-23 11:30:00	544909	714618	1259527	1.31
2024-04-23 12:00:00	587094	764384	1351478	1.3
2024-04-23 12:30:00	636554	813714	1450268	1.28
2024-04-23 13:00:00	663459	872498	1535957	1.32
2024-04-23 13:30:00	712933	949418	1662351	1.33
2024-04-23 14:00:00	772023	1057459	1829482	1.37
2024-04-23 14:30:00	839714	1160098	1999812	1.38
2024-04-23 15:00:00	941994	1363691	2305685	1.45
2024-04-23 15:15:00	1028749	1464074	2492823	1.42
2024-04-22 09:00:00	114584	219598	334182	1.92
2024-04-22 09:30:00	208739	349135	557874	1.67
2024-04-22 10:00:00	303185	433969	737154	1.43
2024-04-22 10:30:00	346280	495705	841985	1.43
2024-04-22 11:00:00	393538	559783	953321	1.42
2024-04-22 11:30:00	510853	655923	1166776	1.28
2024-04-22 12:00:00	615261	725860	1341121	1.18
2024-04-22 12:30:00	675094	791636	1466730	1.17
2024-04-22 13:00:00	747877	880467	1628344	1.18
2024-04-22 13:30:00	812940	997812	1810752	1.23
2024-04-22 14:00:00	974704	1072531	2047235	1.1
2024-04-22 14:30:00	1019622	1168751	2188373	1.15
2024-04-22 15:00:00	1177853	1319997	2497850	1.12
2024-04-22 15:15:00	1273734	1400750	2674484	1.1
2024-04-19 09:00:00	255175	338404	593579	1.33
2024-04-19 09:30:00	429681	574754	1004435	1.34
2024-04-19 10:00:00	605137	757053	1362190	1.25
2024-04-19 10:30:00	702343	912329	1614672	1.3
2024-04-19 11:00:00	847083	1062221	1909304	1.25
2024-04-19 11:30:00	990276	1323149	2313425	1.34
2024-04-19 12:00:00	1138591	1464945	2603536	1.29
2024-04-19 12:30:00	1244966	1587664	2832630	1.28
2024-04-19 13:00:00	1348268	1704399	3052667	1.26
2024-04-19 13:30:00	1434216	1845140	3279356	1.29
2024-04-19 14:00:00	1599614	2045004	3644618	1.28
2024-04-19 14:30:00	1733309	2223242	3956551	1.28
2024-04-19 15:00:00	1948387	2478595	4426982	1.27
2024-04-19 15:15:00	1996716	2582338	4579054	1.29
2024-04-18 09:00:00	138472	171892	310364	1.24
2024-04-18 09:30:00	237178	279056	516234	1.18
2024-04-18 10:00:00	339140	409404	748544	1.21
2024-04-18 10:30:00	398004	517244	915248	1.3
2024-04-18 11:00:00	459793	637263	1097056	1.39
2024-04-18 11:30:00	499448	723334	1222782	1.45
2024-04-18 12:00:00	592500	803275	1395775	1.36
2024-04-18 12:30:00	666315	947721	1614036	1.42
2024-04-18 13:00:00	774492	1030499	1804991	1.33
2024-04-18 13:30:00	847149	1148926	1996075	1.36
2024-04-18 14:00:00	874961	1229072	2104033	1.4
2024-04-18 14:30:00	948511	1338599	2287110	1.41
2024-04-18 15:00:00	1052710	1475023	2527733	1.4
2024-04-18 15:15:00	1104921	1541106	2646027	1.39
2024-04-17 09:00:00	204055	221345	425400	1.08
2024-04-17 09:30:00	317849	353875	671724	1.11
2024-04-17 10:00:00	507166	548911	1056077	1.08
2024-04-17 10:30:00	647334	644327	1291661	1.0
2024-04-17 11:00:00	736881	755777	1492658	1.03
2024-04-17 11:30:00	852748	834597	1687345	0.98
2024-04-17 12:00:00	971995	932372	1904367	0.96
2024-04-17 12:30:00	1031741	1031680	2063421	1.0
2024-04-17 13:00:00	1086435	1183231	2269666	1.09
2024-04-17 13:30:00	1123575	1230665	2354240	1.1
2024-04-17 14:00:00	1171103	1316969	2488072	1.12
2024-04-17 14:30:00	1237041	1402007	2639048	1.13
2024-04-17 15:00:00	1336489	1575088	2911577	1.18
2024-04-17 15:15:00	1382148	1669424	3051572	1.21
2024-04-16 09:00:00	201130	228817	429947	1.14
2024-04-16 09:30:00	433208	415774	848982	0.96
2024-04-16 10:00:00	569029	556935	1125964	0.98
2024-04-16 10:30:00	702025	683497	1385522	0.97
2024-04-16 11:00:00	779829	818171	1598000	1.05
2024-04-16 11:30:00	875372	868827	1744199	0.99
2024-04-16 12:00:00	918228	932691	1850919	1.02
2024-04-16 12:30:00	974470	996788	1971258	1.02
2024-04-16 13:00:00	1039706	1056462	2096168	1.02
2024-04-16 13:30:00	1179754	1166188	2345942	0.99
2024-04-16 14:00:00	1297431	1220724	2518155	0.94
2024-04-16 14:30:00	1448866	1307605	2756471	0.9
2024-04-16 15:00:00	1644141	1468305	3112446	0.89
2024-04-16 15:15:00	1717475	1522314	3239789	0.89
2024-04-15 09:00:00	186121	176476	362597	0.95
2024-04-15 09:30:00	684222	416988	1101210	0.61
2024-04-15 10:00:00	836929	549234	1386163	0.66
2024-04-15 10:30:00	938208	695896	1634104	0.74
2024-04-15 11:00:00	1025397	816219	1841616	0.8
2024-04-15 11:30:00	1055968	894832	1950800	0.85
2024-04-15 12:00:00	1135413	967226	2102639	0.85
2024-04-15 12:30:00	1223563	1035948	2259511	0.85
2024-04-15 13:00:00	1389093	1168323	2557416	0.84
2024-04-15 13:30:00	1580179	1349052	2929231	0.85
2024-04-15 14:00:00	1740966	1485024	3225990	0.85
2024-04-15 14:30:00	1860764	1626109	3486873	0.87
2024-04-15 15:00:00	2009687	1821043	3830730	0.91
2024-04-15 15:15:00	2074660	1926356	4001016	0.93
2024-04-12 09:00:00	262983	296625	559608	1.13
2024-04-12 09:30:00	630594	534685	1165279	0.85
2024-04-12 10:00:00	995325	834917	1830242	0.84
2024-04-12 10:30:00	1355907	1150316	2506223	0.85
2024-04-12 11:00:00	1534076	1390319	2924395	0.91
2024-04-12 11:30:00	1681783	1599654	3281437	0.95
2024-04-12 12:00:00	1973535	1811367	3784902	0.92
2024-04-12 12:30:00	2162690	2010205	4172895	0.93
2024-04-12 13:00:00	2462338	2193298	4655636	0.89
2024-04-12 13:30:00	2697739	2346710	5044449	0.87
2024-04-12 14:00:00	2929062	2530190	5459252	0.86
2024-04-12 14:30:00	3101039	2722258	5823297	0.88
2024-04-12 15:00:00	3362630	3035159	6397789	0.9
2024-04-12 15:15:00	3476656	3118887	6595543	0.9
2024-04-11 09:00:00	114120	162153	276273	1.42
2024-04-11 09:30:00	197038	258407	455445	1.31
2024-04-11 10:00:00	327932	452015	779947	1.38
2024-04-11 10:30:00	422929	558441	981370	1.32
2024-04-11 11:00:00	441611	613878	1055489	1.39
2024-04-11 11:30:00	530993	657920	1188913	1.24
2024-04-11 12:00:00	567445	715560	1283005	1.26
2024-04-11 12:30:00	653614	867038	1520652	1.33
2024-04-11 13:00:00	698036	911285	1609321	1.31
2024-04-11 13:30:00	765864	990755	1756619	1.29
2024-04-11 14:00:00	834226	1088612	1922838	1.3
2024-04-11 14:30:00	892302	1156779	2049081	1.3
2024-04-11 15:00:00	957726	1301160	2258886	1.36
2024-04-11 15:15:00	1027306	1371892	2399198	1.34
2024-04-10 09:00:00	242673	326390	569063	1.34
2024-04-10 09:30:00	504613	524636	1029249	1.04
2024-04-10 10:00:00	663681	713041	1376722	1.07
2024-04-10 10:30:00	814861	850011	1664872	1.04
2024-04-10 11:00:00	923206	941166	1864372	1.02
2024-04-10 11:30:00	985207	1029068	2014275	1.04
2024-04-10 12:00:00	1072462	1116219	2188681	1.04
2024-04-10 12:30:00	1195853	1291940	2487793	1.08
2024-04-10 13:00:00	1361137	1448377	2809514	1.06
2024-04-10 13:30:00	1485724	1580793	3066517	1.06
2024-04-10 14:00:00	1586127	1721209	3307336	1.09
2024-04-10 14:30:00	1732784	1880702	3613486	1.09
2024-04-10 15:00:00	1931039	2104685	4035724	1.09
2024-04-10 15:15:00	1975259	2179421	4154680	1.1
2024-04-09 09:00:00	164521	143541	308062	0.87
2024-04-09 09:30:00	246561	230940	477501	0.94
2024-04-09 10:00:00	368890	376658	745548	1.02
2024-04-09 10:30:00	464442	562666	1027108	1.21
2024-04-09 11:00:00	519047	614185	1133232	1.18
2024-04-09 11:30:00	563135	658108	1221243	1.17
2024-04-09 12:00:00	593419	727108	1320527	1.23
2024-04-09 12:30:00	632235	756091	1388326	1.2
2024-04-09 13:00:00	661451	867864	1529315	1.31
2024-04-09 13:30:00	709193	944751	1653944	1.33
2024-04-09 14:00:00	743042	978567	1721609	1.32
2024-04-09 14:30:00	794508	1066098	1860606	1.34
2024-04-09 15:00:00	898986	1245697	2144683	1.39
2024-04-09 15:15:00	958139	1365597	2323736	1.43
2024-04-08 09:00:00	93818	167858	261676	1.79
2024-04-08 09:30:00	252394	288616	541010	1.14
2024-04-08 10:00:00	308660	432464	741124	1.4
2024-04-08 10:30:00	394347	528293	922640	1.34
2024-04-08 11:00:00	427186	584313	1011499	1.37
2024-04-08 11:30:00	473369	632316	1105685	1.34
2024-04-08 12:00:00	504414	676198	1180612	1.34
2024-04-08 12:30:00	524759	726923	1251682	1.39
2024-04-08 13:00:00	553377	763949	1317326	1.38
2024-04-08 13:30:00	575827	799242	1375069	1.39
2024-04-08 14:00:00	612452	841207	1453659	1.37
2024-04-08 14:30:00	704389	918891	1623280	1.3
2024-04-08 15:00:00	798793	1047571	1846364	1.31
2024-04-08 15:15:00	844563	1104757	1949320	1.31
2024-04-05 09:00:00	249270	410774	660044	1.65
2024-04-05 09:30:00	418794	666536	1085330	1.59
2024-04-05 10:00:00	575257	889578	1464835	1.55
2024-04-05 10:30:00	681667	1052853	1734520	1.54
2024-04-05 11:00:00	868146	1250547	2118693	1.44
2024-04-05 11:30:00	1000804	1374837	2375641	1.37
2024-04-05 12:00:00	1088167	1494714	2582881	1.37
2024-04-05 12:30:00	1206723	1656667	2863390	1.37
2024-04-05 13:00:00	1308575	1918495	3227070	1.47
2024-04-05 13:30:00	1416695	2196655	3613350	1.55
2024-04-05 14:00:00	1542318	2379740	3922058	1.54
2024-04-05 14:30:00	1650773	2547758	4198531	1.54
2024-04-05 15:00:00	1864665	2870592	4735257	1.54
2024-04-05 15:15:00	1955836	2961975	4917811	1.51
2024-04-04 09:00:00	81912	112231	194143	1.37
2024-04-04 09:30:00	161466	227391	388857	1.41
2024-04-04 10:00:00	203675	290810	494485	1.43
2024-04-04 10:30:00	256598	339014	595612	1.32
2024-04-04 11:00:00	278652	369256	647908	1.33
2024-04-04 11:30:00	316063	443145	759208	1.4
2024-04-04 12:00:00	345158	486481	831639	1.41
2024-04-04 12:30:00	377913	522027	899940	1.38
2024-04-04 13:00:00	429006	593802	1022808	1.38
2024-04-04 13:30:00	552764	683717	1236481	1.24
2024-04-04 14:00:00	783005	892393	1675398	1.14
2024-04-04 14:30:00	982757	1144999	2127756	1.17
2024-04-04 15:00:00	1332247	1559527	2891774	1.17
2024-04-04 15:15:00	1399969	1692828	3092797	1.21
2024-04-03 09:00:00	72362	129729	202091	1.79
2024-04-03 09:30:00	137778	218258	356036	1.58
2024-04-03 10:00:00	192331	348684	541015	1.81
2024-04-03 10:30:00	241659	412480	654139	1.71
2024-04-03 11:00:00	282739	455610	738349	1.61
2024-04-03 11:30:00	307931	484048	791979	1.57
2024-04-03 12:00:00	347773	528522	876295	1.52
2024-04-03 12:30:00	372941	596936	969877	1.6
2024-04-03 13:00:00	393853	631363	1025216	1.6
2024-04-03 13:30:00	418269	667235	1085504	1.6
2024-04-03 14:00:00	438606	724679	1163285	1.65
2024-04-03 14:30:00	515329	817360	1332689	1.59
2024-04-03 15:00:00	607212	959295	1566507	1.58
2024-04-03 15:15:00	648822	1063566	1712388	1.64
2024-04-02 09:00:00	230522	290766	521288	1.26
2024-04-02 09:30:00	381792	435569	817361	1.14
2024-04-02 10:00:00	454098	532772	986870	1.17
2024-04-02 10:30:00	539471	626135	1165606	1.16
2024-04-02 11:00:00	583757	759513	1343270	1.3
2024-04-02 11:30:00	655272	817518	1472790	1.25
2024-04-02 12:00:00	712205	889339	1601544	1.25
2024-04-02 12:30:00	752665	953770	1706435	1.27
2024-04-02 13:00:00	823466	1007060	1830526	1.22
2024-04-02 13:30:00	856610	1052285	1908895	1.23
2024-04-02 14:00:00	908459	1134152	2042611	1.25
2024-04-02 14:30:00	984738	1203838	2188576	1.22
2024-04-02 15:00:00	1070180	1366340	2436520	1.28
2024-04-02 15:15:00	1114135	1410994	2525129	1.27
2024-04-01 09:00:00	57231	86152	143383	1.51
2024-04-01 09:30:00	161414	164113	325527	1.02
2024-04-01 10:00:00	263123	254713	517836	0.97
2024-04-01 10:30:00	315740	319943	635683	1.01
2024-04-01 11:00:00	354731	396214	750945	1.12
2024-04-01 11:30:00	384222	432604	816826	1.13
2024-04-01 12:00:00	410754	465564	876318	1.13
2024-04-01 12:30:00	447317	521032	968349	1.16
2024-04-01 13:00:00	490196	551208	1041404	1.12
2024-04-01 13:30:00	516093	587529	1103622	1.14
2024-04-01 14:00:00	551624	655346	1206970	1.19
2024-04-01 14:30:00	614320	717871	1332191	1.17
2024-04-01 15:00:00	700112	845847	1545959	1.21
2024-04-01 15:15:00	730277	882197	1612474	1.21
2024-03-28 09:00:00	88685	145865	234550	1.64
2024-03-28 09:30:00	207565	209958	417523	1.01
2024-03-28 10:00:00	272541	274819	547360	1.01
2024-03-28 10:30:00	310920	375704	686624	1.21
2024-03-28 11:00:00	359026	471490	830516	1.31
2024-03-28 11:30:00	412224	528086	940310	1.28
2024-03-28 12:00:00	480216	581907	1062123	1.21
2024-03-28 12:30:00	540231	654352	1194583	1.21
2024-03-28 13:00:00	565997	689291	1255288	1.22
2024-03-28 13:30:00	666437	812128	1478565	1.22
2024-03-28 14:00:00	773299	909678	1682977	1.18
2024-03-28 14:30:00	860699	980704	1841403	1.14
2024-03-28 15:00:00	962401	1154193	2116594	1.2
2024-03-28 15:15:00	1076983	1343153	2420136	1.25
2024-03-28 09:00:00	180690	239651	420341	1.33
2024-03-28 09:30:00	358754	372280	731034	1.04
2024-03-28 10:00:00	461202	477755	938957	1.04
2024-03-28 10:30:00	540360	620649	1161009	1.15
2024-03-28 11:00:00	624868	749421	1374289	1.2
2024-03-28 11:30:00	710854	835284	1546138	1.18
2024-03-28 12:00:00	808114	914864	1722978	1.13
2024-03-28 12:30:00	898407	1013992	1912399	1.13
2024-03-28 13:00:00	953275	1079766	2033041	1.13
2024-03-28 13:30:00	1101170	1239461	2340631	1.13
2024-03-28 14:00:00	1279183	1388938	2668121	1.09
2024-03-28 14:30:00	1452368	1529719	2982087	1.05
2024-03-28 15:00:00	1630169	1773106	3403275	1.09
2024-03-28 15:15:00	1744751	1962066	3706817	1.12
2024-03-27 09:00:00	109884	198014	307898	1.8
2024-03-27 09:30:00	176532	276890	453422	1.57
2024-03-27 10:00:00	240516	348294	588810	1.45
2024-03-27 10:30:00	289535	409968	699503	1.42
2024-03-27 11:00:00	330042	450358	780400	1.36
2024-03-27 11:30:00	377089	491626	868715	1.3
2024-03-27 12:00:00	463204	556939	1020143	1.2
2024-03-27 12:30:00	514453	627320	1141773	1.22
2024-03-27 13:00:00	531034	684662	1215696	1.29
2024-03-27 13:30:00	570194	744371	1314565	1.31
2024-03-27 14:00:00	604521	803255	1407776	1.33
2024-03-27 14:30:00	651107	907264	1558371	1.39
2024-03-27 15:00:00	794096	1146325	1940421	1.44
2024-03-27 15:15:00	873670	1231243	2104913	1.41
2024-03-26 09:00:00	151593	146762	298355	0.97
2024-03-26 09:30:00	211050	262288	473338	1.24
2024-03-26 10:00:00	263334	346404	609738	1.32
2024-03-26 10:30:00	316304	393113	709417	1.24
2024-03-26 11:00:00	335190	466797	801987	1.39
2024-03-26 11:30:00	366626	510443	877069	1.39
2024-03-26 12:00:00	391223	566886	958109	1.45
2024-03-26 12:30:00	417712	627253	1044965	1.5
2024-03-26 13:00:00	432623	653890	1086513	1.51
2024-03-26 13:30:00	502672	723846	1226518	1.44
2024-03-26 14:00:00	571323	814794	1386117	1.43
2024-03-26 14:30:00	603412	890162	1493574	1.48
2024-03-26 15:00:00	707259	1031223	1738482	1.46
2024-03-26 15:15:00	736979	1089701	1826680	1.48
2024-03-25 09:00:00	90812	75352	166164	0.83
2024-03-25 09:30:00	169315	184250	353565	1.09
2024-03-25 10:00:00	278399	266528	544927	0.96
2024-03-25 10:30:00	312256	347055	659311	1.11
2024-03-25 11:00:00	361336	441707	803043	1.22
2024-03-25 11:30:00	385877	473274	859151	1.23
2024-03-25 12:00:00	401304	505873	907177	1.26
2024-03-25 12:30:00	420311	540764	961075	1.29
2024-03-25 13:00:00	461910	577759	1039669	1.25
2024-03-25 13:30:00	499362	613362	1112724	1.23
2024-03-25 14:00:00	521371	647435	1168806	1.24
2024-03-25 14:30:00	566439	724425	1290864	1.28
2024-03-25 15:00:00	666999	937784	1604783	1.41
2024-03-25 15:15:00	702683	989765	1692448	1.41
2024-03-22 09:00:00	182736	271405	454141	1.49
2024-03-22 09:30:00	306984	407014	713998	1.33
2024-03-22 10:00:00	419248	529375	948623	1.26
2024-03-22 10:30:00	484586	614455	1099041	1.27
2024-03-22 11:00:00	566021	763048	1329069	1.35
2024-03-22 11:30:00	671681	869300	1540981	1.29
2024-03-22 12:00:00	748830	957037	1705867	1.28
2024-03-22 12:30:00	826593	1044748	1871341	1.26
2024-03-22 13:00:00	911415	1188227	2099642	1.3
2024-03-22 13:30:00	1009968	1348182	2358150	1.33
2024-03-22 14:00:00	1096820	1441553	2538373	1.31
2024-03-22 14:30:00	1212647	1620105	2832752	1.34
2024-03-22 15:00:00	1375969	1865387	3241356	1.36
2024-03-22 15:15:00	1428713	1966337	3395050	1.38
2024-03-21 09:00:00	157251	167448	324699	1.06
2024-03-21 09:30:00	258017	298567	556584	1.16
2024-03-21 10:00:00	336868	431463	768331	1.28
2024-03-21 10:30:00	422377	518117	940494	1.23
2024-03-21 11:00:00	618442	656695	1275137	1.06
2024-03-21 11:30:00	651161	742383	1393544	1.14
2024-03-21 12:00:00	713142	800972	1514114	1.12
2024-03-21 12:30:00	900172	875850	1776022	0.97
2024-03-21 13:00:00	952958	992799	1945757	1.04
2024-03-21 13:30:00	1022768	1053509	2076277	1.03
2024-03-21 14:00:00	1105697	1139660	2245357	1.03
2024-03-21 14:30:00	1167844	1227107	2394951	1.05
2024-03-21 15:00:00	1239197	1396143	2635340	1.13
2024-03-21 15:15:00	1293172	1445569	2738741	1.12
2024-03-20 09:00:00	80262	161800	242062	2.02
2024-03-20 09:30:00	147314	216504	363818	1.47
2024-03-20 10:00:00	229613	288007	517620	1.25
2024-03-20 10:30:00	400014	341235	741249	0.85
2024-03-20 11:00:00	444444	388966	833410	0.88
2024-03-20 11:30:00	514721	414011	928732	0.8
2024-03-20 12:00:00	578318	476534	1054852	0.82
2024-03-20 12:30:00	620446	533374	1153820	0.86
2024-03-20 13:00:00	645586	604007	1249593	0.94
2024-03-20 13:30:00	716493	711524	1428017	0.99
2024-03-20 14:00:00	802922	850297	1653219	1.06
2024-03-20 14:30:00	932095	1026477	1958572	1.1
2024-03-20 15:00:00	1214439	1277006	2491445	1.05
2024-03-20 15:15:00	1281414	1368190	2649604	1.07
2024-03-19 09:00:00	93151	135693	228844	1.46
2024-03-19 09:30:00	164789	216908	381697	1.32
2024-03-19 10:00:00	219213	298651	517864	1.36
2024-03-19 10:30:00	279137	383631	662768	1.37
2024-03-19 11:00:00	328013	462423	790436	1.41
2024-03-19 11:30:00	428964	516950	945914	1.21
2024-03-19 12:00:00	487296	574867	1062163	1.18
2024-03-19 12:30:00	538030	630225	1168255	1.17
2024-03-19 13:00:00	619610	719941	1339551	1.16
2024-03-19 13:30:00	683051	803563	1486614	1.18
2024-03-19 14:00:00	773527	872897	1646424	1.13
2024-03-19 14:30:00	880884	942114	1822998	1.07
2024-03-19 15:00:00	1012025	1242235	2254260	1.23
2024-03-19 15:15:00	1053414	1294116	2347530	1.23
2024-03-18 09:00:00	115834	137212	253046	1.18
2024-03-18 09:30:00	253483	247460	500943	0.98
2024-03-18 10:00:00	324360	375966	700326	1.16
2024-03-18 10:30:00	409480	499191	908671	1.22
2024-03-18 11:00:00	488777	548277	1037054	1.12
2024-03-18 11:30:00	516791	601018	1117809	1.16
2024-03-18 12:00:00	649555	644151	1293706	0.99
2024-03-18 12:30:00	745648	706904	1452552	0.95
2024-03-18 13:00:00	772270	738184	1510454	0.96
2024-03-18 13:30:00	909717	826362	1736079	0.91
2024-03-18 14:00:00	963034	862739	1825773	0.9
2024-03-18 14:30:00	1066142	935562	2001704	0.88
2024-03-18 15:00:00	1203807	1061436	2265243	0.88
2024-03-18 15:15:00	1259044	1131240	2390284	0.9
2024-03-15 09:00:00	248319	282441	530760	1.14
2024-03-15 09:30:00	506718	453702	960420	0.9
2024-03-15 10:00:00	732537	612062	1344599	0.84
2024-03-15 10:30:00	846260	752998	1599258	0.89
2024-03-15 11:00:00	992444	890058	1882502	0.9
2024-03-15 11:30:00	1109728	1022548	2132276	0.92
2024-03-15 12:00:00	1606888	1202650	2809538	0.75
2024-03-15 12:30:00	1788782	1379955	3168737	0.77
2024-03-15 13:00:00	1908400	1500323	3408723	0.79
2024-03-15 13:30:00	2099880	1624582	3724462	0.77
2024-03-15 14:00:00	2237220	1764807	4002027	0.79
2024-03-15 14:30:00	2361654	1893173	4254827	0.8
2024-03-15 15:00:00	2592296	2144335	4736631	0.83
2024-03-15 15:15:00	2635459	2269054	4904513	0.86
2024-03-14 09:00:00	170819	219713	390532	1.29
2024-03-14 09:30:00	323552	333931	657483	1.03
2024-03-14 10:00:00	467472	463201	930673	0.99
2024-03-14 10:30:00	701715	583288	1285003	0.83
2024-03-14 11:00:00	790306	682438	1472744	0.86
2024-03-14 11:30:00	859539	790696	1650235	0.92
2024-03-14 12:00:00	993568	892665	1886233	0.9
2024-03-14 12:30:00	1070918	969582	2040500	0.91
2024-03-14 13:00:00	1138492	1060190	2198682	0.93
2024-03-14 13:30:00	1199429	1139533	2338962	0.95
2024-03-14 14:00:00	1245597	1205227	2450824	0.97
2024-03-14 14:30:00	1360837	1455194	2816031	1.07
2024-03-14 15:00:00	1548250	1672690	3220940	1.08
2024-03-14 15:15:00	1600238	1747585	3347823	1.09
2024-03-13 09:00:00	85213	127266	212479	1.49
2024-03-13 09:30:00	161602	235102	396704	1.45
2024-03-13 10:00:00	536694	336568	873262	0.63
2024-03-13 10:30:00	626847	408691	1035538	0.65
2024-03-13 11:00:00	735245	467423	1202668	0.64
2024-03-13 11:30:00	826078	520524	1346602	0.63
2024-03-13 12:00:00	876083	599473	1475556	0.68
2024-03-13 12:30:00	923705	701688	1625393	0.76
2024-03-13 13:00:00	976788	809060	1785848	0.83
2024-03-13 13:30:00	1078007	949734	2027741	0.88
2024-03-13 14:00:00	1117884	1030362	2148246	0.92
2024-03-13 14:30:00	1165398	1117054	2282452	0.96
2024-03-13 15:00:00	1274816	1263760	2538576	0.99
2024-03-13 15:15:00	1308925	1343990	2652915	1.03
2024-03-12 09:00:00	149628	213823	363451	1.43
2024-03-12 09:30:00	250966	335862	586828	1.34
2024-03-12 10:00:00	321878	456623	778501	1.42
2024-03-12 10:30:00	453526	562110	1015636	1.24
2024-03-12 11:00:00	522213	650523	1172736	1.25
2024-03-12 11:30:00	581858	723884	1305742	1.24
2024-03-12 12:00:00	665749	787074	1452823	1.18
2024-03-12 12:30:00	758912	884328	1643240	1.17
2024-03-12 13:00:00	795532	927594	1723126	1.17
2024-03-12 13:30:00	865184	1019262	1884446	1.18
2024-03-12 14:00:00	954305	1140301	2094606	1.19
2024-03-12 14:30:00	1022199	1243619	2265818	1.22
2024-03-12 15:00:00	1131667	1412671	2544338	1.25
2024-03-12 15:15:00	1190158	1482577	2672735	1.25
2024-03-11 09:00:00	76394	155816	232210	2.04
2024-03-11 09:30:00	175842	251167	427009	1.43
2024-03-11 10:00:00	231716	356410	588126	1.54
2024-03-11 10:30:00	300208	442419	742627	1.47
2024-03-11 11:00:00	385517	566000	951517	1.47
2024-03-11 11:30:00	440083	651761	1091844	1.48
2024-03-11 12:00:00	487843	708282	1196125	1.45
2024-03-11 12:30:00	524284	777340	1301624	1.48
2024-03-11 13:00:00	565872	833560	1399432	1.47
2024-03-11 13:30:00	597317	888596	1485913	1.49
2024-03-11 14:00:00	638925	941512	1580437	1.47
2024-03-11 14:30:00	680525	1005741	1686266	1.48
2024-03-11 15:00:00	794688	1166383	1961071	1.47
2024-03-11 15:15:00	836503	1236994	2073497	1.48
2024-03-08 09:00:00	216486	300171	516657	1.39
2024-03-08 09:30:00	484070	531781	1015851	1.1
2024-03-08 10:00:00	650027	726380	1376407	1.12
2024-03-08 10:30:00	850798	963776	1814574	1.13
2024-03-08 11:00:00	1076935	1180417	2257352	1.1
2024-03-08 11:30:00	1226200	1328328	2554528	1.08
2024-03-08 12:00:00	1356572	1505418	2861990	1.11
2024-03-08 12:30:00	1504439	1684863	3189302	1.12
2024-03-08 13:00:00	1677441	1908254	3585695	1.14
2024-03-08 13:30:00	1857311	2084675	3941986	1.12
2024-03-08 14:00:00	2019563	2277284	4296847	1.13
2024-03-08 14:30:00	2175796	2492666	4668462	1.15
2024-03-08 15:00:00	2349196	2725599	5074795	1.16
2024-03-08 15:15:00	2392794	2836176	5228970	1.19
2024-03-07 09:00:00	204516	301487	506003	1.47
2024-03-07 09:30:00	349104	484905	834009	1.39
2024-03-07 10:00:00	574199	733858	1308057	1.28
2024-03-07 10:30:00	685721	865749	1551470	1.26
2024-03-07 11:00:00	773869	986576	1760445	1.27
2024-03-07 11:30:00	552009	661145	1213154	1.2
2024-03-07 12:00:00	585338	717205	1302543	1.23
2024-03-07 12:30:00	607426	790466	1397892	1.3
2024-03-07 13:00:00	675321	864894	1540215	1.28
2024-03-07 13:30:00	723928	920866	1644794	1.27
2024-03-07 14:00:00	781613	1026871	1808484	1.31
2024-03-07 14:30:00	869255	1130471	1999726	1.3
2024-03-07 15:00:00	974481	1244754	2219235	1.28
2024-03-07 15:15:00	1016803	1322484	2339287	1.3
2024-03-06 09:00:00	208540	229191	437731	1.1
2024-03-06 09:30:00	339839	373255	713094	1.1
2024-03-06 10:00:00	465468	505520	970988	1.09
2024-03-06 10:30:00	583148	625705	1208853	1.07
2024-03-06 11:00:00	676775	733338	1410113	1.08
2024-03-06 11:30:00	757402	825314	1582716	1.09
2024-03-06 12:00:00	830829	978810	1809639	1.18
2024-03-06 12:30:00	934878	1055150	1990028	1.13
2024-03-06 13:00:00	1098923	1287002	2385925	1.17
2024-03-06 13:30:00	601195	773623	1374818	1.29
2024-03-06 14:00:00	631468	823242	1454710	1.3
2024-03-06 14:30:00	701240	901215	1602455	1.29
2024-03-06 15:00:00	794059	1022770	1816829	1.29
2024-03-06 15:15:00	818943	1084961	1903904	1.32
2024-03-05 09:00:00	197114	303333	500447	1.54
2024-03-05 09:30:00	412025	633360	1045385	1.54
2024-03-05 10:00:00	609492	887468	1496960	1.46
2024-03-05 10:30:00	723242	1004353	1727595	1.39
2024-03-05 11:00:00	847075	1123295	1970370	1.33
2024-03-05 11:30:00	948649	1217746	2166395	1.28
2024-03-05 12:00:00	1019981	1309124	2329105	1.28
2024-03-05 12:30:00	1103468	1421089	2524557	1.29
2024-03-05 13:00:00	1213852	1607363	2821215	1.32
2024-03-05 13:30:00	1340709	1721488	3062197	1.28
2024-03-05 14:00:00	1534741	1937195	3471936	1.26
2024-03-05 14:30:00	1733786	2170853	3904639	1.25
2024-03-05 15:00:00	2017051	2462896	4479947	1.22
2024-03-05 15:15:00	2047997	2519044	4567041	1.23
2024-03-04 09:00:00	147406	225864	373270	1.53
2024-03-04 09:30:00	262046	388005	650051	1.48
2024-03-04 10:00:00	343691	516165	859856	1.5
2024-03-04 10:30:00	583841	623741	1207582	1.07
2024-03-04 11:00:00	650738	710264	1361002	1.09
2024-03-04 11:30:00	706715	792581	1499296	1.12
2024-03-04 12:00:00	773269	890513	1663782	1.15
2024-03-04 12:30:00	844936	970033	1814969	1.15
2024-03-04 13:00:00	957419	1074472	2031891	1.12
2024-03-04 13:30:00	1062247	1187794	2250041	1.12
2024-03-04 14:00:00	1221399	1329924	2551323	1.09
2024-03-04 14:30:00	1357057	1470398	2827455	1.08
2024-03-04 15:00:00	1555970	1748029	3303999	1.12
2024-03-04 15:15:00	1587907	1808686	3396593	1.14
2024-03-01 09:00:00	168265	233918	402183	1.39
2024-03-01 09:30:00	404543	443862	848405	1.1
2024-03-01 10:00:00	545963	636859	1182822	1.17
2024-03-01 10:30:00	716874	801907	1518781	1.12
2024-03-01 11:00:00	835645	944864	1780509	1.13
2024-03-01 11:30:00	922252	1042778	1965030	1.13
2024-03-01 12:00:00	1013996	1153683	2167679	1.14
2024-03-01 12:30:00	1134752	1274998	2409750	1.12
2024-03-01 13:00:00	1253391	1444354	2697745	1.15
2024-03-01 13:30:00	1452708	1609992	3062700	1.11
2024-03-01 14:00:00	1598496	1750080	3348576	1.09
2024-03-01 14:30:00	1792609	1948099	3740708	1.09
2024-03-01 15:00:00	1959582	2167868	4127450	1.11
2024-03-01 15:15:00	2002495	2255356	4257851	1.13
2024-02-29 09:00:00	167378	240379	407757	1.44
2024-02-29 09:30:00	317387	423371	740758	1.33
2024-02-29 10:00:00	397118	552373	949491	1.39
2024-02-29 10:30:00	485041	661967	1147008	1.36
2024-02-29 11:00:00	625234	843586	1468820	1.35
2024-02-29 11:30:00	689585	954840	1644425	1.38
2024-02-29 12:00:00	762027	1022593	1784620	1.34
2024-02-29 12:30:00	853574	1114344	1967918	1.31
2024-02-29 13:00:00	935739	1221788	2157527	1.31
2024-02-29 13:30:00	481192	748493	1229685	1.56
2024-02-29 14:00:00	527556	815315	1342871	1.55
2024-02-29 14:30:00	584297	874767	1459064	1.5
2024-02-29 15:00:00	727696	1017506	1745202	1.4
2024-02-29 15:15:00	782910	1091187	1874097	1.39
2024-02-28 09:00:00	196296	232159	428455	1.18
2024-02-28 09:30:00	337293	387408	724701	1.15
2024-02-28 10:00:00	429407	515442	944849	1.2
2024-02-28 10:30:00	537709	623362	1161071	1.16
2024-02-28 11:00:00	604583	703771	1308354	1.16
2024-02-28 11:30:00	675782	792858	1468640	1.17
2024-02-28 12:00:00	766568	905052	1671620	1.18
2024-02-28 12:30:00	452227	557734	1009961	1.23
2024-02-28 13:00:00	487193	611206	1098399	1.25
2024-02-28 13:30:00	519457	661924	1181381	1.27
2024-02-28 14:00:00	578360	726351	1304711	1.26
2024-02-28 14:30:00	645468	793860	1439328	1.23
2024-02-28 15:00:00	717652	955625	1673277	1.33
2024-02-28 15:15:00	753590	1014812	1768402	1.35
2024-02-27 09:00:00	174466	250588	425054	1.44
2024-02-27 09:30:00	353721	466647	820368	1.32
2024-02-27 10:00:00	477123	648322	1125445	1.36
2024-02-27 10:30:00	579296	778590	1357886	1.34
2024-02-27 11:00:00	668317	854914	1523231	1.28
2024-02-27 11:30:00	727140	913670	1640810	1.26
2024-02-27 12:00:00	799605	1001524	1801129	1.25
2024-02-27 12:30:00	885089	1091507	1976596	1.23
2024-02-27 13:00:00	945994	1167880	2113874	1.23
2024-02-27 13:30:00	1054437	1300833	2355270	1.23
2024-02-27 14:00:00	1135548	1407757	2543305	1.24
2024-02-27 14:30:00	1271847	1542545	2814392	1.21
2024-02-27 15:00:00	788188	1065992	1854180	1.35
2024-02-27 15:15:00	816971	1119129	1936100	1.37
2024-02-26 09:00:00	196612	282294	478906	1.44
2024-02-26 09:30:00	290675	393764	684439	1.35
2024-02-26 10:00:00	421133	509284	930417	1.21
2024-02-26 10:30:00	602604	624355	1226959	1.04
2024-02-26 11:00:00	660541	719699	1380240	1.09
2024-02-26 11:30:00	724601	798011	1522612	1.1
2024-02-26 12:00:00	784396	872805	1657201	1.11
2024-02-26 12:30:00	878324	1017333	1895657	1.16
2024-02-26 13:00:00	979103	1160498	2139601	1.19
2024-02-26 13:30:00	1068953	1277865	2346818	1.2
2024-02-26 14:00:00	1212343	1384007	2596350	1.14
2024-02-26 14:30:00	1330507	1499933	2830440	1.13
2024-02-26 15:00:00	1497203	1696453	3193656	1.13
2024-02-26 15:15:00	1536837	1797197	3334034	1.17
2024-02-23 09:00:00	222936	317533	540469	1.42
2024-02-23 09:30:00	413462	476058	889520	1.15
2024-02-23 10:00:00	576209	647401	1223610	1.12
2024-02-23 10:30:00	746654	887720	1634374	1.19
2024-02-23 11:00:00	841374	1011971	1853345	1.2
2024-02-23 11:30:00	923342	1131096	2054438	1.23
2024-02-23 12:00:00	1001572	1198869	2200441	1.2
2024-02-23 12:30:00	1050348	1276909	2327257	1.22
2024-02-23 13:00:00	1123984	1359930	2483914	1.21
2024-02-23 13:30:00	1237274	1471124	2708398	1.19
2024-02-23 14:00:00	1339027	1599528	2938555	1.19
2024-02-23 14:30:00	1451404	1775959	3227363	1.22
2024-02-23 15:00:00	1603905	1975628	3579533	1.23
2024-02-23 15:15:00	1644119	2057044	3701163	1.25
2024-02-22 09:00:00	150295	236416	386711	1.57
2024-02-22 09:30:00	360952	441986	802938	1.22
2024-02-22 10:00:00	453260	540568	993828	1.19
2024-02-22 10:30:00	557387	646281	1203668	1.16
2024-02-22 11:00:00	631180	708387	1339567	1.12
2024-02-22 11:30:00	704248	794220	1498468	1.13
2024-02-22 12:00:00	755033	866981	1622014	1.15
2024-02-22 12:30:00	810800	911735	1722535	1.12
2024-02-22 13:00:00	867957	971677	1839634	1.12
2024-02-22 13:30:00	947602	1068309	2015911	1.13
2024-02-22 14:00:00	1016408	1152119	2168527	1.13
2024-02-22 14:30:00	1078016	1244708	2322724	1.15
2024-02-22 15:00:00	1276091	1435959	2712050	1.13
2024-02-22 15:15:00	1329848	1506106	2835954	1.13
2024-02-21 09:00:00	138970	220630	359600	1.59
2024-02-21 09:30:00	235881	328505	564386	1.39
2024-02-21 10:00:00	340477	500838	841315	1.47
2024-02-21 10:30:00	421731	641167	1062898	1.52
2024-02-21 11:00:00	483371	741428	1224799	1.53
2024-02-21 11:30:00	551319	830055	1381374	1.51
2024-02-21 12:00:00	347110	643642	990752	1.85
2024-02-21 12:30:00	380303	687217	1067520	1.81
2024-02-21 13:00:00	817272	1133262	1950534	1.39
2024-02-21 13:30:00	487456	788744	1276200	1.62
2024-02-21 14:00:00	525129	856878	1382007	1.63
2024-02-21 14:30:00	571242	947865	1519107	1.66
2024-02-21 15:00:00	690329	1195804	1886133	1.73
2024-02-21 15:15:00	719140	1249355	1968495	1.74
2024-02-20 09:00:00	125466	115251	240717	0.92
2024-02-20 09:30:00	205537	247032	452569	1.2
2024-02-20 10:00:00	262534	352333	614867	1.34
2024-02-20 10:30:00	327597	433756	761353	1.32
2024-02-20 11:00:00	391954	512279	904233	1.31
2024-02-20 11:30:00	447977	578490	1026467	1.29
2024-02-20 12:00:00	509180	627747	1136927	1.23
2024-02-20 12:30:00	557426	691037	1248463	1.24
2024-02-20 13:00:00	607654	761537	1369191	1.25
2024-02-20 13:30:00	647633	797525	1445158	1.23
2024-02-20 14:00:00	694360	873143	1567503	1.26
2024-02-20 14:30:00	755545	969950	1725495	1.28
2024-02-20 15:00:00	879973	1100268	1980241	1.25
2024-02-20 15:15:00	916385	1173265	2089650	1.28
2024-02-16 09:00:00	223983	283750	507733	1.27
2024-02-16 09:30:00	374985	445133	820118	1.19
2024-02-16 10:00:00	498407	577526	1075933	1.16
2024-02-16 10:30:00	597805	697656	1295461	1.17
2024-02-16 11:00:00	721890	871036	1592926	1.21
2024-02-16 11:30:00	784452	1029657	1814109	1.31
2024-02-16 12:00:00	827920	1099226	1927146	1.33
2024-02-16 12:30:00	927708	1223454	2151162	1.32
2024-02-16 13:00:00	1002789	1323168	2325957	1.32
2024-02-16 13:30:00	1107982	1450220	2558202	1.31
2024-02-16 14:00:00	1252406	1688324	2940730	1.35
2024-02-16 14:30:00	1370696	1814566	3185262	1.32
2024-02-16 15:00:00	1534765	2057537	3592302	1.34
2024-02-16 15:15:00	1582268	2128821	3711089	1.35
2024-02-15 09:00:00	232942	248563	481505	1.07
2024-02-15 09:30:00	398878	399061	797939	1.0
2024-02-15 10:00:00	508017	513759	1021776	1.01
2024-02-15 10:30:00	821619	653323	1474942	0.8
2024-02-15 11:00:00	911749	789518	1701267	0.87
2024-02-15 11:30:00	991814	853662	1845476	0.86
2024-02-15 12:00:00	1126342	948456	2074798	0.84
2024-02-15 12:30:00	1254074	1077480	2331554	0.86
2024-02-15 13:00:00	1359105	1199959	2559064	0.88
2024-02-15 13:30:00	956568	813896	1770464	0.85
2024-02-15 14:00:00	1062776	902293	1965069	0.85
2024-02-15 14:30:00	1125670	1000567	2126237	0.89
2024-02-15 15:00:00	1237130	1162875	2400005	0.94
2024-02-15 15:15:00	1321283	1263363	2584646	0.96
2024-02-14 09:00:00	263251	497248	760499	1.89
2024-02-14 09:30:00	474558	729784	1204342	1.54
2024-02-14 10:00:00	799839	1015114	1814953	1.27
2024-02-14 10:30:00	954603	1185394	2139997	1.24
2024-02-14 11:00:00	1107987	1384586	2492573	1.25
2024-02-14 11:30:00	1478101	1558064	3036165	1.05
2024-02-14 12:00:00	1567815	1631384	3199199	1.04
2024-02-14 12:30:00	1638288	1727837	3366125	1.05
2024-02-14 13:00:00	1729241	1839980	3569221	1.06
2024-02-14 13:30:00	1834686	1982732	3817418	1.08
2024-02-14 14:00:00	1296837	1368269	2665106	1.06
2024-02-14 14:30:00	1371080	1492517	2863597	1.09
2024-02-14 15:00:00	1497664	1685557	3183221	1.13
2024-02-14 15:15:00	1546681	1765914	3312595	1.14
2024-02-13 09:00:00	459510	336175	795685	0.73
2024-02-13 09:30:00	796239	664951	1461190	0.84
2024-02-13 10:00:00	957939	824261	1782200	0.86
2024-02-13 10:30:00	1067626	950626	2018252	0.89
2024-02-13 11:00:00	1200502	1088544	2289046	0.91
2024-02-13 11:30:00	1386624	1232470	2619094	0.89
2024-02-13 12:00:00	1494579	1346663	2841242	0.9
2024-02-13 12:30:00	1585890	1448160	3034050	0.91
2024-02-13 13:00:00	1754516	1592606	3347122	0.91
2024-02-13 13:30:00	2104206	1868751	3972957	0.89
2024-02-13 14:00:00	2485632	2174852	4660484	0.87
2024-02-13 14:30:00	2821129	2472434	5293563	0.88
2024-02-13 15:00:00	3265881	2855251	6121132	0.87
2024-02-13 15:15:00	2490973	1996461	4487434	0.8
2024-02-12 09:00:00	202470	252291	454761	1.25
2024-02-12 09:30:00	314433	451029	765462	1.43
2024-02-12 10:00:00	487185	582163	1069348	1.19
2024-02-12 10:30:00	675185	787847	1463032	1.17
2024-02-12 11:00:00	822921	951395	1774316	1.16
2024-02-12 11:30:00	965160	1070518	2035678	1.11
2024-02-12 12:00:00	1094862	1181783	2276645	1.08
2024-02-12 12:30:00	1220866	1270459	2491325	1.04
2024-02-12 13:00:00	1355064	1418500	2773564	1.05
2024-02-12 13:30:00	1501470	1615647	3117117	1.08
2024-02-12 14:00:00	1629977	1772444	3402421	1.09
2024-02-12 14:30:00	1719178	1881236	3600414	1.09
2024-02-12 15:00:00	1160823	1352753	2513576	1.17
2024-02-12 15:15:00	1258452	1444783	2703235	1.15
2024-02-09 09:00:00	192946	270765	463711	1.4
2024-02-09 09:30:00	344189	425435	769624	1.24
2024-02-09 10:00:00	554296	557074	1111370	1.01
2024-02-09 10:30:00	650227	670151	1320378	1.03
2024-02-09 11:00:00	752756	842442	1595198	1.12
2024-02-09 11:30:00	844301	927800	1772101	1.1
2024-02-09 12:00:00	1116999	1064786	2181785	0.95
2024-02-09 12:30:00	1254965	1200965	2455930	0.96
2024-02-09 13:00:00	1394198	1363840	2758038	0.98
2024-02-09 13:30:00	1488968	1508974	2997942	1.01
2024-02-09 14:00:00	1662917	1667497	3330414	1.0
2024-02-09 14:30:00	1794906	1808834	3603740	1.01
2024-02-09 15:00:00	1971732	2066854	4038586	1.05
2024-02-09 15:15:00	2022808	2156827	4179635	1.07
2024-02-08 09:00:00	237565	213144	450709	0.9
2024-02-08 09:30:00	334354	349380	683734	1.04
2024-02-08 10:00:00	457465	458642	916107	1.0
2024-02-08 10:30:00	647373	584013	1231386	0.9
2024-02-08 11:00:00	733808	657420	1391228	0.9
2024-02-08 11:30:00	793911	725826	1519737	0.91
2024-02-08 12:00:00	849581	811158	1660739	0.95
2024-02-08 12:30:00	930772	900428	1831200	0.97
2024-02-08 13:00:00	989835	1007913	1997748	1.02
2024-02-08 13:30:00	1068353	1096476	2164829	1.03
2024-02-08 14:00:00	1173426	1207204	2380630	1.03
2024-02-08 14:30:00	813524	845808	1659332	1.04
2024-02-08 15:00:00	887660	967568	1855228	1.09
2024-02-08 15:15:00	937912	1011231	1949143	1.08
2024-02-07 09:00:00	292011	288891	580902	0.99
2024-02-07 09:30:00	614303	488674	1102977	0.8
2024-02-07 10:00:00	753866	700251	1454117	0.93
2024-02-07 10:30:00	899515	864199	1763714	0.96
2024-02-07 11:00:00	993275	999131	1992406	1.01
2024-02-07 11:30:00	1121370	1083637	2205007	0.97
2024-02-07 12:00:00	1188910	1185169	2374079	1.0
2024-02-07 12:30:00	1304544	1322473	2627017	1.01
2024-02-07 13:00:00	1456532	1464017	2920549	1.01
2024-02-07 13:30:00	1574738	1565991	3140729	0.99
2024-02-07 14:00:00	1709737	1720213	3429950	1.01
2024-02-07 14:30:00	1843998	1890406	3734404	1.03
2024-02-07 15:00:00	2030637	2103456	4134093	1.04
2024-02-07 15:15:00	2074399	2183988	4258387	1.05
2024-02-06 09:00:00	227271	241698	468969	1.06
2024-02-06 09:30:00	458840	443352	902192	0.97
2024-02-06 10:00:00	610338	547922	1158260	0.9
2024-02-06 10:30:00	714209	627358	1341567	0.88
2024-02-06 11:00:00	931858	719875	1651733	0.77
2024-02-06 11:30:00	1059931	800245	1860176	0.75
2024-02-06 12:00:00	1124402	853705	1978107	0.76
2024-02-06 12:30:00	1187691	929441	2117132	0.78
2024-02-06 13:00:00	1279489	1009166	2288655	0.79
2024-02-06 13:30:00	1431104	1140486	2571590	0.8
2024-02-06 14:00:00	1598760	1277686	2876446	0.8
2024-02-06 14:30:00	1703112	1411389	3114501	0.83
2024-02-06 15:00:00	1195737	998437	2194174	0.83
2024-02-06 15:15:00	1222869	1055644	2278513	0.86
2024-02-05 09:00:00	168614	212764	381378	1.26
2024-02-05 09:30:00	402125	498940	901065	1.24
2024-02-05 10:00:00	551907	662298	1214205	1.2
2024-02-05 10:30:00	664240	769315	1433555	1.16
2024-02-05 11:00:00	785689	961065	1746754	1.22
2024-02-05 11:30:00	881091	1061527	1942618	1.2
2024-02-05 12:00:00	997105	1176292	2173397	1.18
2024-02-05 12:30:00	1081826	1278476	2360302	1.18
2024-02-05 13:00:00	1149628	1391974	2541602	1.21
2024-02-05 13:30:00	1306698	1521684	2828382	1.16
2024-02-05 14:00:00	1540301	1697377	3237678	1.1
2024-02-05 14:30:00	1684085	1904821	3588906	1.13
2024-02-05 15:00:00	1866177	2133081	3999258	1.14
2024-02-05 15:15:00	2018988	2201739	4220727	1.09
2024-02-02 09:00:00	218551	230180	448731	1.05
2024-02-02 09:30:00	337328	388804	726132	1.15
2024-02-02 10:00:00	505281	551393	1056674	1.09
2024-02-02 10:30:00	635643	690464	1326107	1.09
2024-02-02 11:00:00	831581	944011	1775592	1.14
2024-02-02 11:30:00	955937	1130399	2086336	1.18
2024-02-02 12:00:00	1107970	1398992	2506962	1.26
2024-02-02 12:30:00	1208897	1515632	2724529	1.25
2024-02-02 13:00:00	1306508	1657983	2964491	1.27
2024-02-02 13:30:00	1473210	1803540	3276750	1.22
2024-02-02 14:00:00	1639629	1995273	3634902	1.22
2024-02-02 14:30:00	1780664	2199324	3979988	1.24
2024-02-02 15:00:00	1989873	2460161	4450034	1.24
2024-02-02 15:15:00	2058540	2578596	4637136	1.25
2024-02-01 09:00:00	155659	247463	403122	1.59
2024-02-01 09:30:00	333672	413552	747224	1.24
2024-02-01 10:00:00	458834	592077	1050911	1.29
2024-02-01 10:30:00	610638	734664	1345302	1.2
2024-02-01 11:00:00	727998	856966	1584964	1.18
2024-02-01 11:30:00	851069	989731	1840800	1.16
2024-02-01 12:00:00	967479	1131661	2099140	1.17
2024-02-01 12:30:00	1052087	1221900	2273987	1.16
2024-02-01 13:00:00	1131089	1321362	2452451	1.17
2024-02-01 13:30:00	1239405	1449792	2689197	1.17
2024-02-01 14:00:00	1351907	1587743	2939650	1.17
2024-02-01 14:30:00	1474257	1755369	3229626	1.19
2024-02-01 15:00:00	873196	1085431	1958627	1.24
2024-02-01 15:15:00	948224	1172621	2120845	1.24
2024-01-31 09:00:00	190135	232583	422718	1.22
2024-01-31 09:30:00	320798	375452	696250	1.17
2024-01-31 10:00:00	483096	515235	998331	1.07
2024-01-31 10:30:00	566922	606013	1172935	1.07
2024-01-31 11:00:00	641982	688413	1330395	1.07
2024-01-31 11:30:00	689854	747912	1437766	1.08
2024-01-31 12:00:00	729608	810233	1539841	1.11
2024-01-31 12:30:00	788902	880148	1669050	1.12
2024-01-31 13:00:00	874227	961302	1835529	1.1
2024-01-31 13:30:00	1030567	1083473	2114040	1.05
2024-01-31 14:00:00	1229555	1255395	2484950	1.02
2024-01-31 14:30:00	1483662	1539602	3023264	1.04
2024-01-31 15:00:00	1719128	1861211	3580339	1.08
2024-01-31 15:15:00	1816996	2023228	3840224	1.11
2024-01-30 09:00:00	193878	215577	409455	1.11
2024-01-30 09:30:00	353684	465871	819555	1.32
2024-01-30 10:00:00	458659	574057	1032716	1.25
2024-01-30 10:30:00	545730	668743	1214473	1.23
2024-01-30 11:00:00	620416	766775	1387191	1.24
2024-01-30 11:30:00	695427	851975	1547402	1.23
2024-01-30 12:00:00	788194	938917	1727111	1.19
2024-01-30 12:30:00	853600	1009450	1863050	1.18
2024-01-30 13:00:00	514842	649178	1164020	1.26
2024-01-30 13:30:00	1049154	1214295	2263449	1.16
2024-01-30 14:00:00	705996	819243	1525239	1.16
2024-01-30 14:30:00	1293479	1456414	2749893	1.13
2024-01-30 15:00:00	827556	1010805	1838361	1.22
2024-01-30 15:15:00	857212	1098574	1955786	1.28
2024-01-29 09:00:00	129921	164505	294426	1.27
2024-01-29 09:30:00	246207	322905	569112	1.31
2024-01-29 10:00:00	365272	439904	805176	1.2
2024-01-29 10:30:00	441591	565340	1006931	1.28
2024-01-29 11:00:00	492960	652308	1145268	1.32
2024-01-29 11:30:00	552630	735388	1288018	1.33
2024-01-29 12:00:00	640964	822699	1463663	1.28
2024-01-29 12:30:00	697130	902690	1599820	1.29
2024-01-29 13:00:00	743544	990906	1734450	1.33
2024-01-29 13:30:00	821323	1081276	1902599	1.32
2024-01-29 14:00:00	917839	1199510	2117349	1.31
2024-01-29 14:30:00	1195763	1464241	2660004	1.22
2024-01-29 15:00:00	1412141	1702179	3114320	1.21
2024-01-29 15:15:00	1459281	1791768	3251049	1.23
2024-01-26 09:00:00	268514	214678	483192	0.8
2024-01-26 09:30:00	377200	382160	759360	1.01
2024-01-26 10:00:00	499267	525382	1024649	1.05
2024-01-26 10:30:00	592968	634920	1227888	1.07
2024-01-26 11:00:00	780171	763108	1543279	0.98
2024-01-26 11:30:00	856107	844844	1700951	0.99
2024-01-26 12:00:00	1029821	1015311	2045132	0.99
2024-01-26 12:30:00	1121143	1109981	2231124	0.99
2024-01-26 13:00:00	1212981	1186221	2399202	0.98
2024-01-26 13:30:00	1295415	1273841	2569256	0.98
2024-01-26 14:00:00	1410215	1381076	2791291	0.98
2024-01-26 14:30:00	1489728	1500440	2990168	1.01
2024-01-26 15:00:00	1640574	1734718	3375292	1.06
2024-01-26 15:15:00	1681333	1809519	3490852	1.08
2024-01-25 09:00:00	160726	231400	392126	1.44
2024-01-25 09:30:00	274414	356112	630526	1.3
2024-01-25 10:00:00	397972	486211	884183	1.22
2024-01-25 10:30:00	489340	607149	1096489	1.24
2024-01-25 11:00:00	558016	718403	1276419	1.29
2024-01-25 11:30:00	666441	831085	1497526	1.25
2024-01-25 12:00:00	742000	919124	1661124	1.24
2024-01-25 12:30:00	823624	1020691	1844315	1.24
2024-01-25 13:00:00	900079	1111773	2011852	1.24
2024-01-25 13:30:00	999943	1239608	2239551	1.24
2024-01-25 14:00:00	502037	696346	1198383	1.39
2024-01-25 14:30:00	620328	774771	1395099	1.25
2024-01-25 15:00:00	698755	898539	1597294	1.29
2024-01-25 15:15:00	736094	954712	1690806	1.3
2024-01-24 09:00:00	191053	265226	456279	1.39
2024-01-24 09:30:00	453685	445415	899100	0.98
2024-01-24 10:00:00	663025	640865	1303890	0.97
2024-01-24 10:30:00	780785	826841	1607626	1.06
2024-01-24 11:00:00	894706	931147	1825853	1.04
2024-01-24 11:30:00	987464	1111444	2098908	1.13
2024-01-24 12:00:00	1070431	1220470	2290901	1.14
2024-01-24 12:30:00	1199377	1391957	2591334	1.16
2024-01-24 13:00:00	731961	983111	1715072	1.34
2024-01-24 13:30:00	792677	1054677	1847354	1.33
2024-01-24 14:00:00	838502	1129519	1968021	1.35
2024-01-24 14:30:00	892817	1233990	2126807	1.38
2024-01-24 15:00:00	967025	1399788	2366813	1.45
2024-01-24 15:15:00	1012148	1471506	2483654	1.45
2024-01-23 09:00:00	205569	178056	383625	0.87
2024-01-23 09:30:00	329324	318118	647442	0.97
2024-01-23 10:00:00	525524	471548	997072	0.9
2024-01-23 10:30:00	699811	616948	1316759	0.88
2024-01-23 11:00:00	832886	733872	1566758	0.88
2024-01-23 11:30:00	929621	812876	1742497	0.87
2024-01-23 12:00:00	1090081	917515	2007596	0.84
2024-01-23 12:30:00	1207719	998332	2206051	0.83
2024-01-23 13:00:00	1299814	1109958	2409772	0.85
2024-01-23 13:30:00	1413926	1208674	2622600	0.85
2024-01-23 14:00:00	1549331	1329750	2879081	0.86
2024-01-23 14:30:00	1706388	1455540	3161928	0.85
2024-01-23 15:00:00	1840760	1613951	3454711	0.88
2024-01-23 15:15:00	1870010	1675084	3545094	0.9
2024-01-22 09:00:00	246780	249885	496665	1.01
2024-01-22 09:30:00	443376	458862	902238	1.03
2024-01-22 10:00:00	605628	682492	1288120	1.13
2024-01-22 10:30:00	769762	863168	1632930	1.12
2024-01-22 11:00:00	876257	986975	1863232	1.13
2024-01-22 11:30:00	967858	1089318	2057176	1.13
2024-01-22 12:00:00	1105797	1190623	2296420	1.08
2024-01-22 12:30:00	1377551	1321604	2699155	0.96
2024-01-22 13:00:00	1462969	1417592	2880561	0.97
2024-01-22 13:30:00	1565131	1529267	3094398	0.98
2024-01-22 14:00:00	1660077	1616645	3276722	0.97
2024-01-22 14:30:00	1801744	1762905	3564649	0.98
2024-01-22 15:00:00	2005903	2013985	4019888	1.0
2024-01-22 15:15:00	2047833	2081418	4129251	1.02
2024-01-19 09:00:00	218806	258096	476902	1.18
2024-01-19 09:30:00	477430	498230	975660	1.04
2024-01-19 10:00:00	589035	701210	1290245	1.19
2024-01-19 10:30:00	725325	925957	1651282	1.28
2024-01-19 11:00:00	851568	1107400	1958968	1.3
2024-01-19 11:30:00	943933	1220187	2164120	1.29
2024-01-19 12:00:00	1102976	1362474	2465450	1.24
2024-01-19 12:30:00	1328369	1549777	2878146	1.17
2024-01-19 13:00:00	1522857	1725663	3248520	1.13
2024-01-19 13:30:00	1755771	1944182	3699953	1.11
2024-01-19 14:00:00	1902398	2117306	4019704	1.11
2024-01-19 14:30:00	2048140	2300924	4349064	1.12
2024-01-19 15:00:00	2260555	2552005	4812560	1.13
2024-01-19 15:15:00	2336937	2666808	5003745	1.14
2024-01-18 09:00:00	103763	152142	255905	1.47
2024-01-18 09:30:00	186105	272473	458578	1.46
2024-01-18 10:00:00	262875	365615	628490	1.39
2024-01-18 10:30:00	302305	446716	749021	1.48
2024-01-18 11:00:00	412878	519182	932060	1.26
2024-01-18 11:30:00	481687	605462	1087149	1.26
2024-01-18 12:00:00	510520	653340	1163860	1.28
2024-01-18 12:30:00	558443	716271	1274714	1.28
2024-01-18 13:00:00	600761	788321	1389082	1.31
2024-01-18 13:30:00	687175	882840	1570015	1.28
2024-01-18 14:00:00	752280	983608	1735888	1.31
2024-01-18 14:30:00	882018	1095094	1977112	1.24
2024-01-18 15:00:00	998892	1259694	2258586	1.26
2024-01-18 15:15:00	1048203	1332736	2380939	1.27
2024-01-17 09:00:00	141615	278048	419663	1.96
2024-01-17 09:30:00	252347	452399	704746	1.79
2024-01-17 10:00:00	359079	540174	899253	1.5
2024-01-17 10:30:00	439435	608651	1048086	1.39
2024-01-17 11:00:00	489658	659934	1149592	1.35
2024-01-17 11:30:00	676209	772106	1448315	1.14
2024-01-17 12:00:00	874405	840519	1714924	0.96
2024-01-17 12:30:00	1006980	917753	1924733	0.91
2024-01-17 13:00:00	1094059	1008060	2102119	0.92
2024-01-17 13:30:00	1150776	1071667	2222443	0.93
2024-01-17 14:00:00	1209576	1206135	2415711	1.0
2024-01-17 14:30:00	1307000	1346182	2653182	1.03
2024-01-17 15:00:00	1393970	1554582	2948552	1.12
2024-01-17 15:15:00	1443709	1633779	3077488	1.13
2024-01-16 09:00:00	151967	172780	324747	1.14
2024-01-16 09:30:00	270329	286125	556454	1.06
2024-01-16 10:00:00	416010	425380	841390	1.02
2024-01-16 10:30:00	542191	529950	1072141	0.98
2024-01-16 11:00:00	593686	626064	1219750	1.05
2024-01-16 11:30:00	688586	689300	1377886	1.0
2024-01-16 12:00:00	771980	754379	1526359	0.98
2024-01-16 12:30:00	912825	811121	1723946	0.89
2024-01-16 13:00:00	982768	868607	1851375	0.88
2024-01-16 13:30:00	1064388	959470	2023858	0.9
2024-01-16 14:00:00	1156917	1053727	2210644	0.91
2024-01-16 14:30:00	1225856	1150143	2375999	0.94
2024-01-16 15:00:00	1322123	1325260	2647383	1.0
2024-01-16 15:15:00	1373669	1415986	2789655	1.03
2024-01-12 09:00:00	310874	363385	674259	1.17
2024-01-12 09:30:00	566810	575638	1142448	1.02
2024-01-12 10:00:00	1014936	742011	1756947	0.73
2024-01-12 10:30:00	1154911	859854	2014765	0.74
2024-01-12 11:00:00	1285817	1020623	2306440	0.79
2024-01-12 11:30:00	1397367	1105986	2503353	0.79
2024-01-12 12:00:00	1530151	1177283	2707434	0.77
2024-01-12 12:30:00	1721902	1292735	3014637	0.75
2024-01-12 13:00:00	1878359	1390011	3268370	0.74
2024-01-12 13:30:00	2084191	1517697	3601888	0.73
2024-01-12 14:00:00	2199593	1652117	3851710	0.75
2024-01-12 14:30:00	2341357	1802401	4143758	0.77
2024-01-12 15:00:00	2556968	2049228	4606196	0.8
2024-01-12 15:15:00	2668975	2143226	4812201	0.8
2024-01-11 09:00:00	119197	216207	335404	1.81
2024-01-11 09:30:00	205774	344540	550314	1.67
2024-01-11 10:00:00	287395	404014	691409	1.41
2024-01-11 10:30:00	368530	479917	848447	1.3
2024-01-11 11:00:00	460962	539449	1000411	1.17
2024-01-11 11:30:00	500982	594724	1095706	1.19
2024-01-11 12:00:00	545890	653381	1199271	1.2
2024-01-11 12:30:00	602236	709960	1312196	1.18
2024-01-11 13:00:00	696728	793553	1490281	1.14
2024-01-11 13:30:00	731698	881179	1612877	1.2
2024-01-11 14:00:00	782497	940536	1723033	1.2
2024-01-11 14:30:00	840940	1041206	1882146	1.24
2024-01-11 15:00:00	901258	1165312	2066570	1.29
2024-01-11 15:15:00	925267	1201918	2127185	1.3
2024-01-11 09:00:00	262630	335991	598621	1.28
2024-01-11 09:30:00	465558	591874	1057432	1.27
2024-01-11 10:00:00	616365	718657	1335022	1.17
2024-01-11 10:30:00	773387	876835	1650222	1.13
2024-01-11 11:00:00	927315	995540	1922855	1.07
2024-01-11 11:30:00	1013568	1095596	2109164	1.08
2024-01-11 12:00:00	1115015	1195578	2310593	1.07
2024-01-11 12:30:00	1234021	1321292	2555313	1.07
2024-01-11 13:00:00	1386376	1469743	2856119	1.06
2024-01-11 13:30:00	1484967	1620959	3105926	1.09
2024-01-11 14:00:00	1608530	1748125	3356655	1.09
2024-01-11 14:30:00	1737813	1936611	3674424	1.11
2024-01-11 15:00:00	1866573	2122570	3989143	1.14
2024-01-11 15:15:00	1890582	2159176	4049758	1.14
2024-01-10 09:00:00	272652	207849	480501	0.76
2024-01-10 09:30:00	457651	385977	843628	0.84
2024-01-10 10:00:00	692739	589999	1282738	0.85
2024-01-10 10:30:00	823976	679780	1503756	0.82
2024-01-10 11:00:00	929027	788945	1717972	0.85
2024-01-10 11:30:00	1045160	881705	1926865	0.84
2024-01-10 12:00:00	1132106	969709	2101815	0.86
2024-01-10 12:30:00	1320298	1147693	2467991	0.87
2024-01-10 13:00:00	1408440	1251570	2660010	0.89
2024-01-10 13:30:00	1593506	1407413	3000919	0.88
2024-01-10 14:00:00	1757025	1544673	3301698	0.88
2024-01-10 14:30:00	1945692	1768492	3714184	0.91
2024-01-10 15:00:00	2151208	2075795	4227003	0.96
2024-01-10 15:15:00	2189874	2141824	4331698	0.98
2024-01-05 09:00:00	193958	246800	440758	1.27
2024-01-05 09:30:00	431075	448417	879492	1.04
2024-01-05 10:00:00	520924	575279	1096203	1.1
2024-01-05 10:30:00	648216	763671	1411887	1.18
2024-01-05 11:00:00	735237	909051	1644288	1.24
2024-01-05 11:30:00	864374	1079667	1944041	1.25
2024-01-05 12:00:00	938014	1178883	2116897	1.26
2024-01-05 12:30:00	1028086	1306100	2334186	1.27
2024-01-05 13:00:00	1130724	1424168	2554892	1.26
2024-01-05 13:30:00	1228028	1567496	2795524	1.28
2024-01-05 14:00:00	1350758	1750793	3101551	1.3
2024-01-05 14:30:00	1468241	1909395	3377636	1.3
2024-01-05 15:00:00	1651629	2170475	3822104	1.31
2024-01-05 15:15:00	1697565	2245301	3942866	1.32
2024-01-04 09:00:00	158277	198555	356832	1.25
2024-01-04 09:30:00	377011	423593	800604	1.12
2024-01-04 10:00:00	460691	521355	982046	1.13
2024-01-04 10:30:00	577516	651338	1228854	1.13
2024-01-04 11:00:00	682093	769384	1451477	1.13
2024-01-04 11:30:00	760301	849050	1609351	1.12
2024-01-04 12:00:00	844959	967667	1812626	1.15
2024-01-04 12:30:00	434760	563184	997944	1.3
2024-01-04 13:00:00	473589	598332	1071921	1.26
2024-01-04 13:30:00	1115138	1220445	2335583	1.09
2024-01-04 14:00:00	1258695	1374430	2633125	1.09
2024-01-04 14:30:00	682573	828186	1510759	1.21
2024-01-04 15:00:00	798023	952159	1750182	1.19
2024-01-04 15:15:00	852222	1022073	1874295	1.2
2024-01-03 09:00:00	215912	232522	448434	1.08
2024-01-03 09:30:00	405944	559887	965831	1.38
2024-01-03 10:00:00	531213	714552	1245765	1.35
2024-01-03 10:30:00	616030	808476	1424506	1.31
2024-01-03 11:00:00	700110	880139	1580249	1.26
2024-01-03 11:30:00	752932	949980	1702912	1.26
2024-01-03 12:00:00	838260	1027207	1865467	1.23
2024-01-03 12:30:00	905530	1127821	2033351	1.25
2024-01-03 13:00:00	978371	1224224	2202595	1.25
2024-01-03 13:30:00	579449	831709	1411158	1.44
2024-01-03 14:00:00	1229936	1487097	2717033	1.21
2024-01-03 14:30:00	1377680	1634814	3012494	1.19
2024-01-03 15:00:00	1558029	1862466	3420495	1.2
2024-01-03 15:15:00	882815	1220078	2102893	1.38
2024-01-02 09:00:00	213166	240728	453894	1.13
2024-01-02 09:30:00	355557	408204	763761	1.15
2024-01-02 10:00:00	466307	523525	989832	1.12
2024-01-02 10:30:00	568874	609214	1178088	1.07
2024-01-02 11:00:00	682197	786798	1468995	1.15
2024-01-02 11:30:00	749470	883548	1633018	1.18
2024-01-02 12:00:00	827384	983989	1811373	1.19
2024-01-02 12:30:00	889438	1065734	1955172	1.2
2024-01-02 13:00:00	972621	1171902	2144523	1.2
2024-01-02 13:30:00	1055960	1283358	2339318	1.22
2024-01-02 14:00:00	1316217	1434106	2750323	1.09
2024-01-02 14:30:00	848387	951969	1800356	1.12
2024-01-02 15:00:00	1077808	1126790	2204598	1.05
2024-01-02 15:15:00	1113378	1196136	2309514	1.07
