TIME	CALLS	PUTS	TOTAL	P/C RATIO
2024-11-29 09:00:00	559974	438443	998417	0.78
2024-11-29 09:30:00	1089130	903843	1992973	0.83
2024-11-29 10:00:00	1482802	1240188	2722990	0.84
2024-11-29 10:30:00	1854816	1566866	3421682	0.84
2024-11-29 11:00:00	2169521	1825863	3995384	0.84
2024-11-29 11:30:00	2515877	2115582	4631459	0.84
2024-11-29 12:00:00	2945381	2541236	5486617	0.86
2024-11-29 12:30:00	2995888	2623476	5619364	0.88
2024-11-29 13:00:00	2995888	2623476	5619364	0.88
2024-11-29 13:30:00	2995888	2623476	5619364	0.88
2024-11-29 14:00:00	2995888	2623476	5619364	0.88
2024-11-29 14:30:00	2995888	2623476	5619364	0.88
2024-11-29 15:00:00	2995888	2623476	5619364	0.88
2024-11-29 15:15:00	2995888	2623476	5619364	0.88
2024-11-27 09:00:00	506038	403331	909369	0.8
2024-11-27 09:30:00	955943	790506	1746449	0.83
2024-11-27 10:00:00	1334838	1126282	2461120	0.84
2024-11-27 10:30:00	1609248	1362315	2971563	0.85
2024-11-27 11:00:00	1860897	1572291	3433188	0.84
2024-11-27 11:30:00	1456833	1140093	2596926	0.78
2024-11-27 12:00:00	1595370	1248671	2844041	0.78
2024-11-27 12:30:00	2499433	2092439	4591872	0.84
2024-11-27 13:00:00	2684577	2237767	4922344	0.83
2024-11-27 13:30:00	2867734	2366912	5234646	0.83
2024-11-27 14:00:00	3051976	2529467	5581443	0.83
2024-11-27 14:30:00	3303192	2737213	6040405	0.83
2024-11-27 15:00:00	3606597	3060543	6667140	0.85
2024-11-27 15:15:00	3656714	3160390	6817104	0.86
2024-11-26 09:00:00	471419	352317	823736	0.75
2024-11-26 09:30:00	772224	579105	1351329	0.75
2024-11-26 10:00:00	1011742	758069	1769811	0.75
2024-11-26 10:30:00	1250426	920501	2170927	0.74
2024-11-26 11:00:00	1457618	1048734	2506352	0.72
2024-11-26 11:30:00	1592665	1208212	2800877	0.76
2024-11-26 12:00:00	1988924	1382772	3371696	0.7
2024-11-26 12:30:00	2211966	1512737	3724703	0.68
2024-11-26 13:00:00	2519610	1617519	4137129	0.64
2024-11-26 13:30:00	2674242	1769105	4443347	0.66
2024-11-26 14:00:00	2838299	1923230	4761529	0.68
2024-11-26 14:30:00	3034920	2115187	5150107	0.7
2024-11-26 15:00:00	3341019	2370566	5711585	0.71
2024-11-26 15:15:00	3391212	2455004	5846216	0.72
2024-11-25 09:00:00	745183	463470	1208653	0.62
2024-11-25 09:30:00	1188376	804239	1992615	0.68
2024-11-25 10:00:00	1540355	1045143	2585498	0.68
2024-11-25 10:30:00	1840792	1275158	3115950	0.69
2024-11-25 11:00:00	2085297	1440344	3525641	0.69
2024-11-25 11:30:00	2307532	1596324	3903856	0.69
2024-11-25 12:00:00	2488027	1771249	4259276	0.71
2024-11-25 12:30:00	2634423	1863380	4497803	0.71
2024-11-25 13:00:00	2782516	1950452	4732968	0.7
2024-11-25 13:30:00	2935433	2059486	4994919	0.7
2024-11-25 14:00:00	4378954	3279133	7658087	0.75
2024-11-25 14:30:00	4663281	3506682	8169963	0.75
2024-11-25 15:00:00	3636114	2606384	6242498	0.72
2024-11-25 15:15:00	3700473	2661897	6362370	0.72
2024-11-22 09:00:00	644980	489537	1134517	0.76
2024-11-22 09:30:00	1152540	876793	2029333	0.76
2024-11-22 10:00:00	1700398	1489838	3190236	0.88
2024-11-22 10:30:00	2009589	1775440	3785029	0.88
2024-11-22 11:00:00	2331328	2000861	4332189	0.86
2024-11-22 11:30:00	2579590	2389888	4969478	0.93
2024-11-22 12:00:00	2942828	2407104	5349932	0.82
2024-11-22 12:30:00	3167307	2594771	5762078	0.82
2024-11-22 13:00:00	3423038	2797336	6220374	0.82
2024-11-22 13:30:00	3671805	3012116	6683921	0.82
2024-11-22 14:00:00	3916211	3212949	7129160	0.82
2024-11-22 14:30:00	4210237	3515645	7725882	0.84
2024-11-22 15:00:00	4655527	3911203	8566730	0.84
2024-11-22 15:15:00	4703798	3987732	8691530	0.85
2024-11-21 09:00:00	591412	420534	1011946	0.71
2024-11-21 09:30:00	971073	704098	1675171	0.73
2024-11-21 10:00:00	1315854	920579	2236433	0.7
2024-11-21 10:30:00	1552162	1084180	2636342	0.7
2024-11-21 11:00:00	1825663	1303324	3128987	0.71
2024-11-21 11:30:00	2036350	1444476	3480826	0.71
2024-11-21 12:00:00	2289080	1605085	3894165	0.7
2024-11-21 12:30:00	2510394	1737059	4247453	0.69
2024-11-21 13:00:00	2708973	1887225	4596198	0.7
2024-11-21 13:30:00	2875231	2031307	4906538	0.71
2024-11-21 14:00:00	4208661	3260030	7468691	0.77
2024-11-21 14:30:00	4501701	3513906	8015607	0.78
2024-11-21 15:00:00	4927618	3879128	8806746	0.79
2024-11-21 15:15:00	4999391	3974274	8973665	0.79
2024-11-20 09:00:00	772636	580121	1352757	0.75
2024-11-20 09:30:00	1288411	1007584	2295995	0.78
2024-11-20 10:00:00	1635944	1272784	2908728	0.78
2024-11-20 10:30:00	1907985	1516364	3424349	0.79
2024-11-20 11:00:00	2215402	1749744	3965146	0.79
2024-11-20 11:30:00	2504486	1973418	4477904	0.79
2024-11-20 12:00:00	2717798	2141416	4859214	0.79
2024-11-20 12:30:00	2919791	2286432	5206223	0.78
2024-11-20 13:00:00	3111714	2472991	5584705	0.79
2024-11-20 13:30:00	3309873	2636425	5946298	0.8
2024-11-20 14:00:00	3537912	2863824	6401736	0.81
2024-11-20 14:30:00	3774184	3052186	6826370	0.81
2024-11-20 15:00:00	4335900	3495348	7831248	0.81
2024-11-20 15:15:00	4416635	3579734	7996369	0.81
2024-11-19 09:00:00	443761	421466	865227	0.95
2024-11-19 09:30:00	733762	697542	1431304	0.95
2024-11-19 10:00:00	1078963	938076	2017039	0.87
2024-11-19 10:30:00	1267201	1159606	2426807	0.92
2024-11-19 11:00:00	1446972	1286173	2733145	0.89
2024-11-19 11:30:00	1670753	1440261	3111014	0.86
2024-11-19 12:00:00	1866358	1553992	3420350	0.83
2024-11-19 12:30:00	2929560	2572509	5502069	0.88
2024-11-19 13:00:00	3235706	2825328	6061034	0.87
2024-11-19 13:30:00	3471016	3064543	6535559	0.88
2024-11-19 14:00:00	3765072	3316515	7081587	0.88
2024-11-19 14:30:00	4058736	3544399	7603135	0.87
2024-11-19 15:00:00	4482853	3897021	8379874	0.87
2024-11-19 15:15:00	4570856	3953128	8523984	0.86
2024-11-18 09:00:00	642859	561862	1204721	0.87
2024-11-18 09:30:00	1137573	943289	2080862	0.83
2024-11-18 10:00:00	1534566	1256282	2790848	0.82
2024-11-18 10:30:00	1941446	1562996	3504442	0.81
2024-11-18 11:00:00	2307283	1875208	4182491	0.81
2024-11-18 11:30:00	2548433	2055274	4603707	0.81
2024-11-18 12:00:00	2798954	2264140	5063094	0.81
2024-11-18 12:30:00	3046671	2409179	5455850	0.79
2024-11-18 13:00:00	3326850	2609119	5935969	0.78
2024-11-18 13:30:00	3549280	2806016	6355296	0.79
2024-11-18 14:00:00	3798881	3022065	6820946	0.8
2024-11-18 14:30:00	4034218	3270789	7305007	0.81
2024-11-18 15:00:00	4366375	3610210	7976585	0.83
2024-11-18 15:15:00	4414178	3675903	8090081	0.83
2024-11-15 09:00:00	845979	764298	1610277	0.9
2024-11-15 09:30:00	1469722	1455678	2925400	0.99
2024-11-15 10:00:00	2001586	1958238	3959824	0.98
2024-11-15 10:30:00	2427029	2411999	4839028	0.99
2024-11-15 11:00:00	2858143	2905729	5763872	1.02
2024-11-15 11:30:00	3225096	3201215	6426311	0.99
2024-11-15 12:00:00	3646327	3533088	7179415	0.97
2024-11-15 12:30:00	3924518	3798405	7722923	0.97
2024-11-15 13:00:00	4264412	4120489	8384901	0.97
2024-11-15 13:30:00	4632726	4410030	9042756	0.95
2024-11-15 14:00:00	5052693	4763050	9815743	0.94
2024-11-15 14:30:00	5503278	5218743	10722021	0.95
2024-11-15 15:00:00	6093236	5714720	11807956	0.94
2024-11-15 15:15:00	6190061	5821701	12011762	0.94
2024-11-14 09:00:00	671565	420738	1092303	0.63
2024-11-14 09:30:00	1088055	734226	1822281	0.67
2024-11-14 10:00:00	1422445	926426	2348871	0.65
2024-11-14 10:30:00	1677637	1095012	2772649	0.65
2024-11-14 11:00:00	1878496	1265654	3144150	0.67
2024-11-14 11:30:00	2083665	1414325	3497990	0.68
2024-11-14 12:00:00	2328974	1648226	3977200	0.71
2024-11-14 12:30:00	2532513	1848735	4381248	0.73
2024-11-14 13:00:00	2712743	2058126	4770869	0.76
2024-11-14 13:30:00	2899535	2223825	5123360	0.77
2024-11-14 14:00:00	3951879	3316512	7268391	0.84
2024-11-14 14:30:00	4339595	3735961	8075556	0.86
2024-11-14 15:00:00	3664276	3056495	6720771	0.83
2024-11-14 15:15:00	3741300	3150757	6892057	0.84
2024-11-13 09:00:00	488069	408942	897011	0.84
2024-11-13 09:30:00	889286	668882	1558168	0.75
2024-11-13 10:00:00	1226987	910375	2137362	0.74
2024-11-13 10:30:00	1594034	1150054	2744088	0.72
2024-11-13 11:00:00	1826676	1383705	3210381	0.76
2024-11-13 11:30:00	2033228	1516044	3549272	0.75
2024-11-13 12:00:00	2980438	2357230	5337668	0.79
2024-11-13 12:30:00	3234141	2534831	5768972	0.78
2024-11-13 13:00:00	3434168	2708226	6142394	0.79
2024-11-13 13:30:00	3702532	2962663	6665195	0.8
2024-11-13 14:00:00	4027033	3225945	7252978	0.8
2024-11-13 14:30:00	4395932	3538982	7934914	0.81
2024-11-13 15:00:00	3619792	2731560	6351352	0.75
2024-11-13 15:15:00	3680500	2829308	6509808	0.77
2024-11-12 09:00:00	526453	315893	842346	0.6
2024-11-12 09:30:00	959584	618025	1577609	0.64
2024-11-12 10:00:00	1307011	826057	2133068	0.63
2024-11-12 10:30:00	1541354	989571	2530925	0.64
2024-11-12 11:00:00	1755978	1200421	2956399	0.68
2024-11-12 11:30:00	2012310	1410557	3422867	0.7
2024-11-12 12:00:00	2913724	2323624	5237348	0.8
2024-11-12 12:30:00	2497766	1785815	4283581	0.71
2024-11-12 13:00:00	3557838	2830166	6388004	0.8
2024-11-12 13:30:00	3799505	3043294	6842799	0.8
2024-11-12 14:00:00	4036747	3268413	7305160	0.81
2024-11-12 14:30:00	4378371	3546873	7925244	0.81
2024-11-12 15:00:00	4757821	3938290	8696111	0.83
2024-11-12 15:15:00	4812358	4019388	8831746	0.84
2024-11-11 09:00:00	796281	605988	1402269	0.76
2024-11-11 09:30:00	1455115	966810	2421925	0.66
2024-11-11 10:00:00	2072922	1303899	3376821	0.63
2024-11-11 10:30:00	2403640	1590290	3993930	0.66
2024-11-11 11:00:00	2770307	1881011	4651318	0.68
2024-11-11 11:30:00	3028016	2060614	5088630	0.68
2024-11-11 12:00:00	3261011	2286855	5547866	0.7
2024-11-11 12:30:00	3541581	2603443	6145024	0.74
2024-11-11 13:00:00	3822022	2811694	6633716	0.74
2024-11-11 13:30:00	4052785	2956819	7009604	0.73
2024-11-11 14:00:00	4313120	3170126	7483246	0.73
2024-11-11 14:30:00	4576023	3348497	7924520	0.73
2024-11-11 15:00:00	4921274	3664961	8586235	0.74
2024-11-11 15:15:00	4970924	3718615	8689539	0.75
2024-11-08 09:00:00	722972	629631	1352603	0.87
2024-11-08 09:30:00	1248886	1059374	2308260	0.85
2024-11-08 10:00:00	1777404	1362211	3139615	0.77
2024-11-08 10:30:00	2090825	1608700	3699525	0.77
2024-11-08 11:00:00	2357918	1886010	4243928	0.8
2024-11-08 11:30:00	2630261	2132708	4762969	0.81
2024-11-08 12:00:00	2941580	2365107	5306687	0.8
2024-11-08 12:30:00	3156469	2544885	5701354	0.81
2024-11-08 13:00:00	3551828	2879171	6430999	0.81
2024-11-08 13:30:00	3829838	3107276	6937114	0.81
2024-11-08 14:00:00	4171939	3382525	7554464	0.81
2024-11-08 14:30:00	4518599	3692485	8211084	0.82
2024-11-08 15:00:00	5038342	4111001	9149343	0.82
2024-11-08 15:15:00	5103770	4208598	9312368	0.82
2024-11-07 09:00:00	765098	816479	1581577	1.07
2024-11-07 09:30:00	1455605	1248547	2704152	0.86
2024-11-07 10:00:00	2040262	1686720	3726982	0.83
2024-11-07 10:30:00	2361195	1889862	4251057	0.8
2024-11-07 11:00:00	2621518	2144039	4765557	0.82
2024-11-07 11:30:00	2837439	2410749	5248188	0.85
2024-11-07 12:00:00	3100124	2648226	5748350	0.85
2024-11-07 12:30:00	3312717	2843201	6155918	0.86
2024-11-07 13:00:00	3878078	3054598	6932676	0.79
2024-11-07 13:30:00	4112495	3286607	7399102	0.8
2024-11-07 14:00:00	4498870	3646361	8145231	0.81
2024-11-07 14:30:00	4915531	3997190	8912721	0.81
2024-11-07 15:00:00	5376705	4377861	9754566	0.81
2024-11-07 15:15:00	5450316	4502362	9952678	0.83
2024-11-06 09:00:00	1148475	849046	1997521	0.74
2024-11-06 09:30:00	1840697	1340169	3180866	0.73
2024-11-06 10:00:00	2368174	1713736	4081910	0.72
2024-11-06 10:30:00	2942660	1999159	4941819	0.68
2024-11-06 11:00:00	3262839	2254741	5517580	0.69
2024-11-06 11:30:00	3541525	2509904	6051429	0.71
2024-11-06 12:00:00	3813083	2821849	6634932	0.74
2024-11-06 12:30:00	4142703	3103911	7246614	0.75
2024-11-06 13:00:00	4434245	3525232	7959477	0.8
2024-11-06 13:30:00	4771243	3944984	8716227	0.83
2024-11-06 14:00:00	5080818	4190347	9271165	0.82
2024-11-06 14:30:00	5472763	4513054	9985817	0.82
2024-11-06 15:00:00	5907158	4943722	10850880	0.84
2024-11-06 15:15:00	5967482	5020629	10988111	0.84
2024-11-05 09:00:00	587725	523614	1111339	0.89
2024-11-05 09:30:00	1078987	882010	1960997	0.82
2024-11-05 10:00:00	1436829	1346053	2782882	0.94
2024-11-05 10:30:00	1682597	1641291	3323888	0.98
2024-11-05 11:00:00	1915380	1957120	3872500	1.02
2024-11-05 11:30:00	2147113	2199737	4346850	1.02
2024-11-05 12:00:00	2352174	2413714	4765888	1.03
2024-11-05 12:30:00	2593675	2639060	5232735	1.02
2024-11-05 13:00:00	2785107	2844184	5629291	1.02
2024-11-05 13:30:00	2998721	3022630	6021351	1.01
2024-11-05 14:00:00	3223128	3262540	6485668	1.01
2024-11-05 14:30:00	3484345	3538095	7022440	1.02
2024-11-05 15:00:00	3937943	3860057	7798000	0.98
2024-11-05 15:15:00	3989617	3950121	7939738	0.99
2024-11-04 09:00:00	541534	640215	1181749	1.18
2024-11-04 09:30:00	905868	1223248	2129116	1.35
2024-11-04 10:00:00	1173780	1602535	2776315	1.37
2024-11-04 10:30:00	1512212	2047242	3559454	1.35
2024-11-04 11:00:00	1789070	2378943	4168013	1.33
2024-11-04 11:30:00	2043613	2647348	4690961	1.3
2024-11-04 12:00:00	2222974	2840816	5063790	1.28
2024-11-04 12:30:00	2408688	3079771	5488459	1.28
2024-11-04 13:00:00	2530118	3241733	5771851	1.28
2024-11-04 13:30:00	2680284	3460873	6141157	1.29
2024-11-04 14:00:00	2831788	3669310	6501098	1.3
2024-11-04 14:30:00	2995602	3908825	6904427	1.3
2024-11-04 15:00:00	3269152	4324457	7593609	1.32
2024-11-04 15:15:00	3378203	4388494	7766697	1.3
2024-11-01 09:00:00	549039	528859	1077898	0.96
2024-11-01 09:30:00	1075510	969477	2044987	0.9
2024-11-01 10:00:00	1465103	1380386	2845489	0.94
2024-11-01 10:30:00	1721159	1642896	3364055	0.95
2024-11-01 11:00:00	1969972	1910592	3880564	0.97
2024-11-01 11:30:00	2178049	2084208	4262257	0.96
2024-11-01 12:00:00	2404718	2582750	4987468	1.07
2024-11-01 12:30:00	2609130	2854298	5463428	1.09
2024-11-01 13:00:00	2846770	3178707	6025477	1.12
2024-11-01 13:30:00	3086960	3415747	6502707	1.11
2024-11-01 14:00:00	3259272	3632783	6892055	1.11
2024-11-01 14:30:00	3508913	3952363	7461276	1.13
2024-11-01 15:00:00	3847900	4407863	8255763	1.15
2024-11-01 15:15:00	3892076	4511272	8403348	1.16
2024-10-31 09:00:00	640568	607004	1247572	0.95
2024-10-31 09:30:00	1434225	1045673	2479898	0.73
2024-10-31 10:00:00	1943413	1476655	3420068	0.76
2024-10-31 10:30:00	2244224	1792715	4036939	0.8
2024-10-31 11:00:00	2457782	1984697	4442479	0.81
2024-10-31 11:30:00	2669065	2148198	4817263	0.8
2024-10-31 12:00:00	2787205	2303519	5090724	0.83
2024-10-31 12:30:00	2970378	2513683	5484061	0.85
2024-10-31 13:00:00	3139576	2664742	5804318	0.85
2024-10-31 13:30:00	3309165	3114171	6423336	0.94
2024-10-31 14:00:00	3495334	3356020	6851354	0.96
2024-10-31 14:30:00	3747802	3733391	7481193	1.0
2024-10-31 15:00:00	4098410	4130622	8229032	1.01
2024-10-31 15:15:00	4175742	4289126	8464868	1.03
2024-10-30 09:00:00	464392	434754	899146	0.94
2024-10-30 09:30:00	795378	677247	1472625	0.85
2024-10-30 10:00:00	1020851	872146	1892997	0.85
2024-10-30 10:30:00	1245683	1025619	2271302	0.82
2024-10-30 11:00:00	1436366	1150391	2586757	0.8
2024-10-30 11:30:00	1614763	1284737	2899500	0.8
2024-10-30 12:00:00	1767273	1462144	3229417	0.83
2024-10-30 12:30:00	1947920	1623172	3571092	0.83
2024-10-30 13:00:00	2147081	1851357	3998438	0.86
2024-10-30 13:30:00	2330498	1992319	4322817	0.85
2024-10-30 14:00:00	2561832	2126256	4688088	0.83
2024-10-30 14:30:00	2770955	2307980	5078935	0.83
2024-10-30 15:00:00	3184172	2696848	5881020	0.85
2024-10-30 15:15:00	3265511	2812851	6078362	0.86
2024-10-29 09:00:00	375696	284985	660681	0.76
2024-10-29 09:30:00	680210	538488	1218698	0.79
2024-10-29 10:00:00	870231	667807	1538038	0.77
2024-10-29 10:30:00	1064848	797389	1862237	0.75
2024-10-29 11:00:00	1211624	960214	2171838	0.79
2024-10-29 11:30:00	1417183	1085542	2502725	0.77
2024-10-29 12:00:00	1497900	1162803	2660703	0.78
2024-10-29 12:30:00	1639734	1318091	2957825	0.8
2024-10-29 13:00:00	1764165	1430358	3194523	0.81
2024-10-29 13:30:00	1904845	1579303	3484148	0.83
2024-10-29 14:00:00	2048790	1711875	3760665	0.84
2024-10-29 14:30:00	2233012	1872275	4105287	0.84
2024-10-29 15:00:00	2544692	2159298	4703990	0.85
2024-10-29 15:15:00	2592236	2221941	4814177	0.86
2024-10-28 09:00:00	369069	270681	639750	0.73
2024-10-28 09:30:00	639967	469790	1109757	0.73
2024-10-28 10:00:00	834527	634469	1468996	0.76
2024-10-28 10:30:00	989369	769755	1759124	0.78
2024-10-28 11:00:00	1136919	919132	2056051	0.81
2024-10-28 11:30:00	1254770	1106619	2361389	0.88
2024-10-28 12:00:00	1376234	1212080	2588314	0.88
2024-10-28 12:30:00	1495414	1313696	2809110	0.88
2024-10-28 13:00:00	1603007	1423123	3026130	0.89
2024-10-28 13:30:00	1702499	1513960	3216459	0.89
2024-10-28 14:00:00	1818357	1628881	3447238	0.9
2024-10-28 14:30:00	1974225	1805999	3780224	0.91
2024-10-28 15:00:00	2214511	2027357	4241868	0.92
2024-10-28 15:15:00	2252210	2098095	4350305	0.93
2024-10-25 09:00:00	624535	491583	1116118	0.79
2024-10-25 09:30:00	1073981	900397	1974378	0.84
2024-10-25 10:00:00	1404222	1256663	2660885	0.89
2024-10-25 10:30:00	1673675	1530932	3204607	0.91
2024-10-25 11:00:00	1941828	1833216	3775044	0.94
2024-10-25 11:30:00	2527206	2057568	4584774	0.81
2024-10-25 12:00:00	2712214	2206641	4918855	0.81
2024-10-25 12:30:00	2987426	2502658	5490084	0.84
2024-10-25 13:00:00	3326929	2880785	6207714	0.87
2024-10-25 13:30:00	3648215	3159917	6808132	0.87
2024-10-25 14:00:00	3919344	3372508	7291852	0.86
2024-10-25 14:30:00	4166342	3634704	7801046	0.87
2024-10-25 15:00:00	4555316	4036742	8592058	0.89
2024-10-25 15:15:00	4629363	4142348	8771711	0.89
2024-10-24 09:00:00	409933	305645	715578	0.75
2024-10-24 09:30:00	782007	532942	1314949	0.68
2024-10-24 10:00:00	1030382	712043	1742425	0.69
2024-10-24 10:30:00	1214203	845683	2059886	0.7
2024-10-24 11:00:00	1395510	975852	2371362	0.7
2024-10-24 11:30:00	1647497	1132683	2780180	0.69
2024-10-24 12:00:00	1779364	1257822	3037186	0.71
2024-10-24 12:30:00	2104985	1642688	3747673	0.78
2024-10-24 13:00:00	2217301	1766565	3983866	0.8
2024-10-24 13:30:00	2377003	1858583	4235586	0.78
2024-10-24 14:00:00	2502363	1973760	4476123	0.79
2024-10-24 14:30:00	2654037	2124095	4778132	0.8
2024-10-24 15:00:00	2946389	2431969	5378358	0.83
2024-10-24 15:15:00	2992873	2485257	5478130	0.83
2024-10-23 09:00:00	313397	297957	611354	0.95
2024-10-23 09:30:00	562326	483197	1045523	0.86
2024-10-23 10:00:00	718507	598136	1316643	0.83
2024-10-23 10:30:00	917188	821411	1738599	0.9
2024-10-23 11:00:00	1135473	1000172	2135645	0.88
2024-10-23 11:30:00	1298556	1153413	2451969	0.89
2024-10-23 12:00:00	1575472	1307439	2882911	0.83
2024-10-23 12:30:00	1765274	1483327	3248601	0.84
2024-10-23 13:00:00	1956327	1646182	3602509	0.84
2024-10-23 13:30:00	2236243	1933811	4170054	0.86
2024-10-23 14:00:00	2457745	2089432	4547177	0.85
2024-10-23 14:30:00	2611531	2231602	4843133	0.85
2024-10-23 15:00:00	2868746	2552202	5420948	0.89
2024-10-23 15:15:00	2946943	2625815	5572758	0.89
2024-10-22 09:00:00	388695	474567	863262	1.22
2024-10-22 09:30:00	692442	821695	1514137	1.19
2024-10-22 10:00:00	888063	988173	1876236	1.11
2024-10-22 10:30:00	1027229	1096754	2123983	1.07
2024-10-22 11:00:00	1170128	1232272	2402400	1.05
2024-10-22 11:30:00	1277020	1334581	2611601	1.05
2024-10-22 12:00:00	1488441	1552103	3040544	1.04
2024-10-22 12:30:00	1587551	1632042	3219593	1.03
2024-10-22 13:00:00	1769617	1761937	3531554	1.0
2024-10-22 13:30:00	1907370	1893657	3801027	0.99
2024-10-22 14:00:00	2004723	2002894	4007617	1.0
2024-10-22 14:30:00	2125003	2132777	4257780	1.0
2024-10-22 15:00:00	2434630	2342599	4777229	0.96
2024-10-22 15:15:00	2476326	2385272	4861598	0.96
2024-10-21 09:00:00	469697	324881	794578	0.69
2024-10-21 09:30:00	771745	503594	1275339	0.65
2024-10-21 10:00:00	1022549	726127	1748676	0.71
2024-10-21 10:30:00	1220944	917099	2138043	0.75
2024-10-21 11:00:00	1395371	1078698	2474069	0.77
2024-10-21 11:30:00	1530344	1174689	2705033	0.77
2024-10-21 12:00:00	1643256	1271240	2914496	0.77
2024-10-21 12:30:00	1752769	1356556	3109325	0.77
2024-10-21 13:00:00	1884589	1462524	3347113	0.78
2024-10-21 13:30:00	1997427	1633482	3630909	0.82
2024-10-21 14:00:00	2084990	1734532	3819522	0.83
2024-10-21 14:30:00	2229669	1864494	4094163	0.84
2024-10-21 15:00:00	2480828	2106905	4587733	0.85
2024-10-21 15:15:00	2536962	2185944	4722906	0.86
2024-10-18 09:00:00	585365	445112	1030477	0.76
2024-10-18 09:30:00	957721	736641	1694362	0.77
2024-10-18 10:00:00	1311827	1039421	2351248	0.79
2024-10-18 10:30:00	1619486	1276113	2895599	0.79
2024-10-18 11:00:00	1868928	1591973	3460901	0.85
2024-10-18 11:30:00	2077722	1788000	3865722	0.86
2024-10-18 12:00:00	2364107	2010650	4374757	0.85
2024-10-18 12:30:00	2572959	2215919	4788878	0.86
2024-10-18 13:00:00	3118197	2463249	5581446	0.79
2024-10-18 13:30:00	3361380	2690721	6052101	0.8
2024-10-18 14:00:00	3619926	2907785	6527711	0.8
2024-10-18 14:30:00	3888144	3208505	7096649	0.83
2024-10-18 15:00:00	4277175	3552958	7830133	0.83
2024-10-18 15:15:00	4335160	3620227	7955387	0.84
2024-10-17 09:00:00	558420	365329	923749	0.65
2024-10-17 09:30:00	930743	802614	1733357	0.86
2024-10-17 10:00:00	1198567	1011433	2210000	0.84
2024-10-17 10:30:00	1468991	1205792	2674783	0.82
2024-10-17 11:00:00	1648313	1379253	3027566	0.84
2024-10-17 11:30:00	1802940	1511663	3314603	0.84
2024-10-17 12:00:00	1949604	1630780	3580384	0.84
2024-10-17 12:30:00	2147087	1779266	3926353	0.83
2024-10-17 13:00:00	2348893	1945396	4294289	0.83
2024-10-17 13:30:00	2564684	2175872	4740556	0.85
2024-10-17 14:00:00	2800367	2296285	5096652	0.82
2024-10-17 14:30:00	2947875	2635131	5583006	0.89
2024-10-17 15:00:00	3255983	3188779	6444762	0.98
2024-10-17 15:15:00	3309561	3253359	6562920	0.98
2024-10-16 09:00:00	501612	388868	890480	0.78
2024-10-16 09:30:00	791396	610965	1402361	0.77
2024-10-16 10:00:00	1067906	807538	1875444	0.76
2024-10-16 10:30:00	1281452	944232	2225684	0.74
2024-10-16 11:00:00	1597041	1067749	2664790	0.67
2024-10-16 11:30:00	1768932	1262808	3031740	0.71
2024-10-16 12:00:00	1906024	1411588	3317612	0.74
2024-10-16 12:30:00	2090726	1540199	3630925	0.74
2024-10-16 13:00:00	2229652	1648826	3878478	0.74
2024-10-16 13:30:00	2389898	1782977	4172875	0.75
2024-10-16 14:00:00	2542212	1922950	4465162	0.76
2024-10-16 14:30:00	2726316	2157175	4883491	0.79
2024-10-16 15:00:00	3034384	2531802	5566186	0.83
2024-10-16 15:15:00	3074128	2608733	5682861	0.85
2024-10-15 09:00:00	477202	368598	845800	0.77
2024-10-15 09:30:00	868376	685824	1554200	0.79
2024-10-15 10:00:00	1303592	980179	2283771	0.75
2024-10-15 10:30:00	1510197	1182674	2692871	0.78
2024-10-15 11:00:00	1719788	1349901	3069689	0.78
2024-10-15 11:30:00	1889785	1501415	3391200	0.79
2024-10-15 12:00:00	2066469	1638309	3704778	0.79
2024-10-15 12:30:00	2198563	1780396	3978959	0.81
2024-10-15 13:00:00	2371932	1908606	4280538	0.8
2024-10-15 13:30:00	2521922	2086023	4607945	0.83
2024-10-15 14:00:00	2692672	2201145	4893817	0.82
2024-10-15 14:30:00	2957603	2447488	5405091	0.83
2024-10-15 15:00:00	3394743	2743058	6137801	0.81
2024-10-15 15:15:00	3585808	2883706	6469514	0.8
2024-10-14 09:00:00	582916	373128	956044	0.64
2024-10-14 09:30:00	951745	687974	1639719	0.72
2024-10-14 10:00:00	1234618	932388	2167006	0.76
2024-10-14 10:30:00	1558737	1080267	2639004	0.69
2024-10-14 11:00:00	1745829	1224536	2970365	0.7
2024-10-14 11:30:00	1916490	1349101	3265591	0.7
2024-10-14 12:00:00	2106884	1501829	3608713	0.71
2024-10-14 12:30:00	2242683	1609953	3852636	0.72
2024-10-14 13:00:00	2374278	1720410	4094688	0.72
2024-10-14 13:30:00	2505123	1844258	4349381	0.74
2024-10-14 14:00:00	2678239	1993085	4671324	0.74
2024-10-14 14:30:00	2832566	2176198	5008764	0.77
2024-10-14 15:00:00	3175992	2438617	5614609	0.77
2024-10-14 15:15:00	3251960	2525269	5777229	0.78
2024-10-11 09:00:00	588805	491065	1079870	0.83
2024-10-11 09:30:00	1191054	960799	2151853	0.81
2024-10-11 10:00:00	1573540	1290048	2863588	0.82
2024-10-11 10:30:00	1849324	1521808	3371132	0.82
2024-10-11 11:00:00	2128425	1736079	3864504	0.82
2024-10-11 11:30:00	2433537	1968721	4402258	0.81
2024-10-11 12:00:00	2691089	2198123	4889212	0.82
2024-10-11 12:30:00	2898602	2388876	5287478	0.82
2024-10-11 13:00:00	3107418	2866093	5973511	0.92
2024-10-11 13:30:00	3383132	3090463	6473595	0.91
2024-10-11 14:00:00	3676349	3364880	7041229	0.92
2024-10-11 14:30:00	4048659	3706774	7755433	0.92
2024-10-11 15:00:00	4488016	4138801	8626817	0.92
2024-10-11 15:15:00	4569314	4249871	8819185	0.93
2024-10-10 09:00:00	612790	400866	1013656	0.65
2024-10-10 09:30:00	945947	745633	1691580	0.79
2024-10-10 10:00:00	1219968	944413	2164381	0.77
2024-10-10 10:30:00	1612377	1347983	2960360	0.84
2024-10-10 11:00:00	1798423	1497822	3296245	0.83
2024-10-10 11:30:00	1991121	1646140	3637261	0.83
2024-10-10 12:00:00	2166560	1777794	3944354	0.82
2024-10-10 12:30:00	2355680	1903750	4259430	0.81
2024-10-10 13:00:00	2485791	2010052	4495843	0.81
2024-10-10 13:30:00	2734294	2158241	4892535	0.79
2024-10-10 14:00:00	2896355	2277402	5173757	0.79
2024-10-10 14:30:00	3243126	2496337	5739463	0.77
2024-10-10 15:00:00	3494363	2774395	6268758	0.79
2024-10-10 15:15:00	3563895	2836502	6400397	0.8
2024-10-09 09:00:00	385588	291814	677402	0.76
2024-10-09 09:30:00	771277	574022	1345299	0.74
2024-10-09 10:00:00	1018908	766032	1784940	0.75
2024-10-09 10:30:00	1323488	1030032	2353520	0.78
2024-10-09 11:00:00	1533943	1242914	2776857	0.81
2024-10-09 11:30:00	1709019	1425459	3134478	0.83
2024-10-09 12:00:00	1858857	1546634	3405491	0.83
2024-10-09 12:30:00	1998487	1658244	3656731	0.83
2024-10-09 13:00:00	2118883	1761629	3880512	0.83
2024-10-09 13:30:00	2252413	1864248	4116661	0.83
2024-10-09 14:00:00	2403823	2020157	4423980	0.84
2024-10-09 14:30:00	2562344	2182541	4744885	0.85
2024-10-09 15:00:00	2833405	2601308	5434713	0.92
2024-10-09 15:15:00	2950987	2749546	5700533	0.93
2024-10-08 09:00:00	396682	303531	700213	0.77
2024-10-08 09:30:00	729851	601245	1331096	0.82
2024-10-08 10:00:00	1090956	863498	1954454	0.79
2024-10-08 10:30:00	1295720	1022449	2318169	0.79
2024-10-08 11:00:00	1493639	1182376	2676015	0.79
2024-10-08 11:30:00	1608039	1292918	2900957	0.8
2024-10-08 12:00:00	1749645	1394237	3143882	0.8
2024-10-08 12:30:00	1897173	1543428	3440601	0.81
2024-10-08 13:00:00	2001567	1618271	3619838	0.81
2024-10-08 13:30:00	2135816	1754773	3890589	0.82
2024-10-08 14:00:00	2302989	1926143	4229132	0.84
2024-10-08 14:30:00	2457344	2086436	4543780	0.85
2024-10-08 15:00:00	2782900	2349906	5132806	0.84
2024-10-08 15:15:00	2847472	2422095	5269567	0.85
2024-10-07 09:00:00	413729	320315	734044	0.77
2024-10-07 09:30:00	673792	507817	1181609	0.75
2024-10-07 10:00:00	948024	677649	1625673	0.71
2024-10-07 10:30:00	1267794	853760	2121554	0.67
2024-10-07 11:00:00	1436914	1052949	2489863	0.73
2024-10-07 11:30:00	1593450	1172746	2766196	0.74
2024-10-07 12:00:00	1716748	1282353	2999101	0.75
2024-10-07 12:30:00	1863002	1394580	3257582	0.75
2024-10-07 13:00:00	1993589	1487023	3480612	0.75
2024-10-07 13:30:00	2145643	1625696	3771339	0.76
2024-10-07 14:00:00	2442659	1887683	4330342	0.77
2024-10-07 14:30:00	3120357	2073222	5193579	0.66
2024-10-07 15:00:00	3515801	2388192	5903993	0.68
2024-10-07 15:15:00	3561995	2486500	6048495	0.7
2024-10-04 09:00:00	685819	729400	1415219	1.06
2024-10-04 09:30:00	1130181	1145707	2275888	1.01
2024-10-04 10:00:00	1454463	1430442	2884905	0.98
2024-10-04 10:30:00	1734091	1713415	3447506	0.99
2024-10-04 11:00:00	2018970	1917997	3936967	0.95
2024-10-04 11:30:00	2252601	2117265	4369866	0.94
2024-10-04 12:00:00	2538448	2390692	4929140	0.94
2024-10-04 12:30:00	2741770	2573036	5314806	0.94
2024-10-04 13:00:00	2989249	2839853	5829102	0.95
2024-10-04 13:30:00	3216660	3048918	6265578	0.95
2024-10-04 14:00:00	3523573	3288811	6812384	0.93
2024-10-04 14:30:00	3841200	3591856	7433056	0.94
2024-10-04 15:00:00	4532083	4609023	9141106	1.02
2024-10-04 15:15:00	4589357	4716776	9306133	1.03
2024-10-03 09:00:00	415916	380209	796125	0.91
2024-10-03 09:30:00	1101063	662589	1763652	0.6
2024-10-03 10:00:00	1351083	837970	2189053	0.62
2024-10-03 10:30:00	1774827	1032467	2807294	0.58
2024-10-03 11:00:00	1945704	1159365	3105069	0.6
2024-10-03 11:30:00	2147827	1281293	3429120	0.6
2024-10-03 12:00:00	2325626	1416248	3741874	0.61
2024-10-03 12:30:00	2501425	1590959	4092384	0.64
2024-10-03 13:00:00	2633058	1681735	4314793	0.64
2024-10-03 13:30:00	2753375	1773514	4526889	0.64
2024-10-03 14:00:00	2869762	1862193	4731955	0.65
2024-10-03 14:30:00	3045497	2028307	5073804	0.67
2024-10-03 15:00:00	3323257	2588101	5911358	0.78
2024-10-03 15:15:00	3364298	2664584	6028882	0.79
2024-10-02 09:00:00	357276	334873	692149	0.94
2024-10-02 09:30:00	648994	639045	1288039	0.98
2024-10-02 10:00:00	900579	856871	1757450	0.95
2024-10-02 10:30:00	1130296	983629	2113925	0.87
2024-10-02 11:00:00	1259250	1099693	2358943	0.87
2024-10-02 11:30:00	1399210	1217488	2616698	0.87
2024-10-02 12:00:00	1517530	1347082	2864612	0.89
2024-10-02 12:30:00	1618099	1433424	3051523	0.89
2024-10-02 13:00:00	1717565	1529976	3247541	0.89
2024-10-02 13:30:00	1846599	1699245	3545844	0.92
2024-10-02 14:00:00	1941180	1786955	3728135	0.92
2024-10-02 14:30:00	2094384	1933607	4027991	0.92
2024-10-02 15:00:00	2368488	2202602	4571090	0.93
2024-10-02 15:15:00	2405909	2271278	4677187	0.94
2024-10-01 09:00:00	404521	353573	758094	0.87
2024-10-01 09:30:00	759594	693659	1453253	0.91
2024-10-01 10:00:00	1324731	1044915	2369646	0.79
2024-10-01 10:30:00	1557753	1298105	2855858	0.83
2024-10-01 11:00:00	1761858	1425733	3187591	0.81
2024-10-01 11:30:00	1976425	1568739	3545164	0.79
2024-10-01 12:00:00	2141330	1699986	3841316	0.79
2024-10-01 12:30:00	2294869	1829072	4123941	0.8
2024-10-01 13:00:00	2479012	1987396	4466408	0.8
2024-10-01 13:30:00	2664648	2098785	4763433	0.79
2024-10-01 14:00:00	2827663	2254477	5082140	0.8
2024-10-01 14:30:00	2954213	2392836	5347049	0.81
2024-10-01 15:00:00	3198527	2656924	5855451	0.83
2024-10-01 15:15:00	3288303	2717042	6005345	0.83
2024-09-30 09:00:00	453163	303615	756778	0.67
2024-09-30 09:30:00	750890	509227	1260117	0.68
2024-09-30 10:00:00	1023221	672156	1695377	0.66
2024-09-30 10:30:00	1203974	803038	2007012	0.67
2024-09-30 11:00:00	1344891	938761	2283652	0.7
2024-09-30 11:30:00	1450457	1045078	2495535	0.72
2024-09-30 12:00:00	1540278	1116909	2657187	0.73
2024-09-30 12:30:00	1645878	1197321	2843199	0.73
2024-09-30 13:00:00	1739150	1292508	3031658	0.74
2024-09-30 13:30:00	1943044	1524244	3467288	0.78
2024-09-30 14:00:00	2082519	1675317	3757836	0.8
2024-09-30 14:30:00	2222829	1797503	4020332	0.81
2024-09-30 15:00:00	2486121	2083735	4569856	0.84
2024-09-30 15:15:00	2628025	2323071	4951096	0.88
2024-09-27 09:00:00	534623	456378	991001	0.85
2024-09-27 09:30:00	960475	760328	1720803	0.79
2024-09-27 10:00:00	1252217	1060207	2312424	0.85
2024-09-27 10:30:00	1548769	1273427	2822196	0.82
2024-09-27 11:00:00	1811302	1535292	3346594	0.85
2024-09-27 11:30:00	2052844	1760467	3813311	0.86
2024-09-27 12:00:00	2259132	1894891	4154023	0.84
2024-09-27 12:30:00	2541972	2087953	4629925	0.82
2024-09-27 13:00:00	2767265	2261549	5028814	0.82
2024-09-27 13:30:00	2995982	2475911	5471893	0.83
2024-09-27 14:00:00	3777306	2785423	6562729	0.74
2024-09-27 14:30:00	4072548	3032956	7105504	0.74
2024-09-27 15:00:00	4492459	3393069	7885528	0.76
2024-09-27 15:15:00	4538510	3465106	8003616	0.76
2024-09-26 09:00:00	532543	368896	901439	0.69
2024-09-26 09:30:00	1117618	850075	1967693	0.76
2024-09-26 10:00:00	1461326	1112175	2573501	0.76
2024-09-26 10:30:00	1688086	1287666	2975752	0.76
2024-09-26 11:00:00	1882140	1387090	3269230	0.74
2024-09-26 11:30:00	2030013	1478457	3508470	0.73
2024-09-26 12:00:00	2294818	1584301	3879119	0.69
2024-09-26 12:30:00	2482485	1716569	4199054	0.69
2024-09-26 13:00:00	2609291	1801163	4410454	0.69
2024-09-26 13:30:00	2806258	1908268	4714526	0.68
2024-09-26 14:00:00	2968706	2010653	4979359	0.68
2024-09-26 14:30:00	3145268	2149681	5294949	0.68
2024-09-26 15:00:00	3384667	2441986	5826653	0.72
2024-09-26 15:15:00	3431700	2509878	5941578	0.73
2024-09-25 09:00:00	469093	325398	794491	0.69
2024-09-25 09:30:00	864560	525513	1390073	0.61
2024-09-25 10:00:00	1093110	706082	1799192	0.65
2024-09-25 10:30:00	1282052	813179	2095231	0.63
2024-09-25 11:00:00	1481345	975474	2456819	0.66
2024-09-25 11:30:00	1885405	1100911	2986316	0.58
2024-09-25 12:00:00	2033793	1222304	3256097	0.6
2024-09-25 12:30:00	2166848	1363948	3530796	0.63
2024-09-25 13:00:00	2344924	1494245	3839169	0.64
2024-09-25 13:30:00	2491477	1597933	4089410	0.64
2024-09-25 14:00:00	2631081	1705479	4336560	0.65
2024-09-25 14:30:00	2732986	1833735	4566721	0.67
2024-09-25 15:00:00	2952433	2046822	4999255	0.69
2024-09-25 15:15:00	3000733	2125359	5126092	0.71
2024-09-24 09:00:00	357346	243182	600528	0.68
2024-09-24 09:30:00	628464	451676	1080140	0.72
2024-09-24 10:00:00	833746	683728	1517474	0.82
2024-09-24 10:30:00	1009088	815242	1824330	0.81
2024-09-24 11:00:00	1216995	956293	2173288	0.79
2024-09-24 11:30:00	1381461	1101450	2482911	0.8
2024-09-24 12:00:00	1536951	1261784	2798735	0.82
2024-09-24 12:30:00	1648480	1372818	3021298	0.83
2024-09-24 13:00:00	1795721	1474659	3270380	0.82
2024-09-24 13:30:00	1950958	1619719	3570677	0.83
2024-09-24 14:00:00	2101040	1786109	3887149	0.85
2024-09-24 14:30:00	2290933	1927887	4218820	0.84
2024-09-24 15:00:00	2524732	2120771	4645503	0.84
2024-09-24 15:15:00	2564009	2184457	4748466	0.85
2024-09-23 09:00:00	588973	431356	1020329	0.73
2024-09-23 09:30:00	993365	633219	1626584	0.64
2024-09-23 10:00:00	1240817	814827	2055644	0.66
2024-09-23 10:30:00	1383144	970601	2353745	0.7
2024-09-23 11:00:00	1561604	1160473	2722077	0.74
2024-09-23 11:30:00	1699937	1404217	3104154	0.83
2024-09-23 12:00:00	1838631	1552386	3391017	0.84
2024-09-23 12:30:00	2060438	1665283	3725721	0.81
2024-09-23 13:00:00	2166593	1751746	3918339	0.81
2024-09-23 13:30:00	2292165	1838048	4130213	0.8
2024-09-23 14:00:00	2396894	1926581	4323475	0.8
2024-09-23 14:30:00	2532099	2050795	4582894	0.81
2024-09-23 15:00:00	2795981	2260229	5056210	0.81
2024-09-23 15:15:00	2868423	2349961	5218384	0.82
2024-09-20 09:00:00	601614	735139	1336753	1.22
2024-09-20 09:30:00	1035249	1103058	2138307	1.07
2024-09-20 10:00:00	1472373	1375628	2848001	0.93
2024-09-20 10:30:00	1794413	1699591	3494004	0.95
2024-09-20 11:00:00	2112132	1957073	4069205	0.93
2024-09-20 11:30:00	2390742	2160955	4551697	0.9
2024-09-20 12:00:00	2661348	2334635	4995983	0.88
2024-09-20 12:30:00	2881502	2551285	5432787	0.89
2024-09-20 13:00:00	3128261	2763211	5891472	0.88
2024-09-20 13:30:00	3378011	3047486	6425497	0.9
2024-09-20 14:00:00	3709262	3359526	7068788	0.91
2024-09-20 14:30:00	4065593	3636507	7702100	0.89
2024-09-20 15:00:00	4593090	4049704	8642794	0.88
2024-09-20 15:15:00	4634430	4106883	8741313	0.89
2024-09-19 09:00:00	710075	844565	1554640	1.19
2024-09-19 09:30:00	1199065	1193716	2392781	1.0
2024-09-19 10:00:00	1578575	1428009	3006584	0.9
2024-09-19 10:30:00	1838648	1654786	3493434	0.9
2024-09-19 11:00:00	2108596	1876510	3985106	0.89
2024-09-19 11:30:00	2326010	2082249	4408259	0.9
2024-09-19 12:00:00	2506435	2248430	4754865	0.9
2024-09-19 12:30:00	2679738	2402918	5082656	0.9
2024-09-19 13:00:00	2859078	2561487	5420565	0.9
2024-09-19 13:30:00	3063115	2730100	5793215	0.89
2024-09-19 14:00:00	3238385	2958934	6197319	0.91
2024-09-19 14:30:00	3690488	3276898	6967386	0.89
2024-09-19 15:00:00	4017192	3974802	7991994	0.99
2024-09-19 15:15:00	4075253	4052771	8128024	0.99
2024-09-18 09:00:00	315996	518524	834520	1.64
2024-09-18 09:30:00	578245	664885	1243130	1.15
2024-09-18 10:00:00	776821	815467	1592288	1.05
2024-09-18 10:30:00	1026249	1039105	2065354	1.01
2024-09-18 11:00:00	1193958	1218420	2412378	1.02
2024-09-18 11:30:00	1302063	1320072	2622135	1.01
2024-09-18 12:00:00	1413430	1416358	2829788	1.0
2024-09-18 12:30:00	1542695	1507685	3050380	0.98
2024-09-18 13:00:00	1677027	1613032	3290059	0.96
2024-09-18 13:30:00	1994641	1833555	3828196	0.92
2024-09-18 14:00:00	2264389	2031439	4295828	0.9
2024-09-18 14:30:00	2533202	2261062	4794264	0.89
2024-09-18 15:00:00	2855961	2636265	5492226	0.92
2024-09-18 15:15:00	2911207	2740392	5651599	0.94
2024-09-17 09:00:00	481237	410443	891680	0.85
2024-09-17 09:30:00	832684	653612	1486296	0.78
2024-09-17 10:00:00	1144560	838487	1983047	0.73
2024-09-17 10:30:00	1486607	1018925	2505532	0.69
2024-09-17 11:00:00	1669548	1169900	2839448	0.7
2024-09-17 11:30:00	1843658	1329597	3173255	0.72
2024-09-17 12:00:00	2147844	1487353	3635197	0.69
2024-09-17 12:30:00	2327271	1604873	3932144	0.69
2024-09-17 13:00:00	2508163	1740151	4248314	0.69
2024-09-17 13:30:00	2629357	1842313	4471670	0.7
2024-09-17 14:00:00	2778535	1972658	4751193	0.71
2024-09-17 14:30:00	2958057	2110007	5068064	0.71
2024-09-17 15:00:00	3269928	2342691	5612619	0.72
2024-09-17 15:15:00	3366349	2406275	5772624	0.71
2024-09-16 09:00:00	485831	337925	823756	0.7
2024-09-16 09:30:00	803649	599807	1403456	0.75
2024-09-16 10:00:00	1068121	793724	1861845	0.74
2024-09-16 10:30:00	1237444	925828	2163272	0.75
2024-09-16 11:00:00	1405582	1093967	2499549	0.78
2024-09-16 11:30:00	1577734	1224966	2802700	0.78
2024-09-16 12:00:00	1740357	1337854	3078211	0.77
2024-09-16 12:30:00	1872552	1446300	3318852	0.77
2024-09-16 13:00:00	2013877	1578878	3592755	0.78
2024-09-16 13:30:00	2178595	1673259	3851854	0.77
2024-09-16 14:00:00	2481462	1801436	4282898	0.73
2024-09-16 14:30:00	2640921	1937788	4578709	0.73
2024-09-16 15:00:00	2896380	2145559	5041939	0.74
2024-09-16 15:15:00	2937864	2200963	5138827	0.75
2024-09-13 09:00:00	662603	493700	1156303	0.75
2024-09-13 09:30:00	1119880	1035146	2155026	0.92
2024-09-13 10:00:00	1609129	1456198	3065327	0.9
2024-09-13 10:30:00	1929872	1698292	3628164	0.88
2024-09-13 11:00:00	2196805	1951975	4148780	0.89
2024-09-13 11:30:00	2434836	2196606	4631442	0.9
2024-09-13 12:00:00	2639263	2371671	5010934	0.9
2024-09-13 12:30:00	2858769	2571090	5429859	0.9
2024-09-13 13:00:00	3052438	2764547	5816985	0.91
2024-09-13 13:30:00	3320021	3114296	6434317	0.94
2024-09-13 14:00:00	3606373	3358740	6965113	0.93
2024-09-13 14:30:00	3872366	3608531	7480897	0.93
2024-09-13 15:00:00	4298672	3949166	8247838	0.92
2024-09-13 15:15:00	4380662	4075412	8456074	0.93
2024-09-12 09:00:00	554094	440918	995012	0.8
2024-09-12 09:30:00	953208	700434	1653642	0.73
2024-09-12 10:00:00	1249223	995226	2244449	0.8
2024-09-12 10:30:00	1479856	1163796	2643652	0.79
2024-09-12 11:00:00	1685213	1321612	3006825	0.78
2024-09-12 11:30:00	1810037	1437294	3247331	0.79
2024-09-12 12:00:00	1963764	1578258	3542022	0.8
2024-09-12 12:30:00	2118275	1727532	3845807	0.82
2024-09-12 13:00:00	2425420	1915361	4340781	0.79
2024-09-12 13:30:00	2627349	2521516	5148865	0.96
2024-09-12 14:00:00	2828849	2690077	5518926	0.95
2024-09-12 14:30:00	2989527	2856035	5845562	0.96
2024-09-12 15:00:00	3301684	3121513	6423197	0.95
2024-09-12 15:15:00	3349705	3207473	6557178	0.96
2024-09-11 09:00:00	439662	291741	731403	0.66
2024-09-11 09:30:00	744387	618654	1363041	0.83
2024-09-11 10:00:00	962521	841056	1803577	0.87
2024-09-11 10:30:00	1168152	1000513	2168665	0.86
2024-09-11 11:00:00	1383557	1179005	2562562	0.85
2024-09-11 11:30:00	1658859	1409918	3068777	0.85
2024-09-11 12:00:00	1815882	1562637	3378519	0.86
2024-09-11 12:30:00	2081799	1750101	3831900	0.84
2024-09-11 13:00:00	2286672	1915535	4202207	0.84
2024-09-11 13:30:00	2450503	2055218	4505721	0.84
2024-09-11 14:00:00	2658110	2225907	4884017	0.84
2024-09-11 14:30:00	2852992	2410012	5263004	0.84
2024-09-11 15:00:00	3246523	2723761	5970284	0.84
2024-09-11 15:15:00	3320368	2854920	6175288	0.86
2024-09-10 09:00:00	307401	245403	552804	0.8
2024-09-10 09:30:00	604779	504465	1109244	0.83
2024-09-10 10:00:00	770743	671923	1442666	0.87
2024-09-10 10:30:00	885817	809166	1694983	0.91
2024-09-10 11:00:00	1038412	963409	2001821	0.93
2024-09-10 11:30:00	1210761	1144585	2355346	0.95
2024-09-10 12:00:00	1362390	1267467	2629857	0.93
2024-09-10 12:30:00	1481683	1376640	2858323	0.93
2024-09-10 13:00:00	1571144	1475357	3046501	0.94
2024-09-10 13:30:00	1723921	1597033	3320954	0.93
2024-09-10 14:00:00	1871120	1724681	3595801	0.92
2024-09-10 14:30:00	2091688	1864190	3955878	0.89
2024-09-10 15:00:00	2469598	2092159	4561757	0.85
2024-09-10 15:15:00	2514117	2149965	4664082	0.86
2024-09-09 09:00:00	349124	283618	632742	0.81
2024-09-09 09:30:00	557986	536924	1094910	0.96
2024-09-09 10:00:00	715314	684363	1399677	0.96
2024-09-09 10:30:00	859498	848686	1708184	0.99
2024-09-09 11:00:00	981772	1002813	1984585	1.02
2024-09-09 11:30:00	1109836	1115363	2225199	1.0
2024-09-09 12:00:00	1282662	1388469	2671131	1.08
2024-09-09 12:30:00	1388989	1478757	2867746	1.06
2024-09-09 13:00:00	1500572	1587789	3088361	1.06
2024-09-09 13:30:00	1608057	1701269	3309326	1.06
2024-09-09 14:00:00	1767157	1852962	3620119	1.05
2024-09-09 14:30:00	1889364	2065811	3955175	1.09
2024-09-09 15:00:00	2104674	2301757	4406431	1.09
2024-09-09 15:15:00	2163036	2371386	4534422	1.1
2024-09-06 09:00:00	536435	610692	1147127	1.14
2024-09-06 09:30:00	927415	973744	1901159	1.05
2024-09-06 10:00:00	1364527	1441457	2805984	1.06
2024-09-06 10:30:00	1720244	1981501	3701745	1.15
2024-09-06 11:00:00	2027192	2348727	4375919	1.16
2024-09-06 11:30:00	2315881	2646914	4962795	1.14
2024-09-06 12:00:00	2562827	2978886	5541713	1.16
2024-09-06 12:30:00	2793769	3247139	6040908	1.16
2024-09-06 13:00:00	2991248	3465779	6457027	1.16
2024-09-06 13:30:00	3237409	3707391	6944800	1.15
2024-09-06 14:00:00	3472903	3922043	7394946	1.13
2024-09-06 14:30:00	3785606	4282368	8067974	1.13
2024-09-06 15:00:00	4185957	4781798	8967755	1.14
2024-09-06 15:15:00	4244846	4876657	9121503	1.15
2024-09-05 09:00:00	384001	315343	699344	0.82
2024-09-05 09:30:00	892201	535166	1427367	0.6
2024-09-05 10:00:00	1074252	728780	1803032	0.68
2024-09-05 10:30:00	1297257	935827	2233084	0.72
2024-09-05 11:00:00	2375939	1087210	3463149	0.46
2024-09-05 11:30:00	2526900	1298899	3825799	0.51
2024-09-05 12:00:00	2627665	1385920	4013585	0.53
2024-09-05 12:30:00	2740353	1480404	4220757	0.54
2024-09-05 13:00:00	2884548	1599073	4483621	0.55
2024-09-05 13:30:00	2988989	1768344	4757333	0.59
2024-09-05 14:00:00	3104765	1891478	4996243	0.61
2024-09-05 14:30:00	3270201	2294996	5565197	0.7
2024-09-05 15:00:00	3518967	2759440	6278407	0.78
2024-09-05 15:15:00	3564775	2832345	6397120	0.79
2024-09-04 09:00:00	480404	535041	1015445	1.11
2024-09-04 09:30:00	805922	831625	1637547	1.03
2024-09-04 10:00:00	1153046	1200804	2353850	1.04
2024-09-04 10:30:00	1333942	1336551	2670493	1.0
2024-09-04 11:00:00	1478120	1471823	2949943	1.0
2024-09-04 11:30:00	1575165	1599600	3174765	1.02
2024-09-04 12:00:00	1666514	1700700	3367214	1.02
2024-09-04 12:30:00	1772283	1802858	3575141	1.02
2024-09-04 13:00:00	1893576	1931484	3825060	1.02
2024-09-04 13:30:00	2006416	2027017	4033433	1.01
2024-09-04 14:00:00	2122816	2144284	4267100	1.01
2024-09-04 14:30:00	2412473	2349487	4761960	0.97
2024-09-04 15:00:00	2729281	2646718	5375999	0.97
2024-09-04 15:15:00	2791768	2714819	5506587	0.97
2024-09-03 09:00:00	379500	335214	714714	0.88
2024-09-03 09:30:00	740723	718393	1459116	0.97
2024-09-03 10:00:00	1086265	963420	2049685	0.89
2024-09-03 10:30:00	1271817	1119145	2390962	0.88
2024-09-03 11:00:00	1521105	1261759	2782864	0.83
2024-09-03 11:30:00	1678641	1387458	3066099	0.83
2024-09-03 12:00:00	1799056	1509540	3308596	0.84
2024-09-03 12:30:00	1950663	1617948	3568611	0.83
2024-09-03 13:00:00	2072818	1739647	3812465	0.84
2024-09-03 13:30:00	2405803	1982933	4388736	0.82
2024-09-03 14:00:00	2607498	2172208	4779706	0.83
2024-09-03 14:30:00	2881464	2425343	5306807	0.84
2024-09-03 15:00:00	3977166	2914864	6892030	0.73
2024-09-03 15:15:00	4139068	3116014	7255082	0.75
2024-08-30 09:00:00	536646	376292	912938	0.7
2024-08-30 09:30:00	910671	689707	1600378	0.76
2024-08-30 10:00:00	1219965	970920	2190885	0.8
2024-08-30 10:30:00	1510599	1238106	2748705	0.82
2024-08-30 11:00:00	1781182	1492867	3274049	0.84
2024-08-30 11:30:00	2180107	1713242	3893349	0.79
2024-08-30 12:00:00	2404317	1965070	4369387	0.82
2024-08-30 12:30:00	2844610	2141618	4986228	0.75
2024-08-30 13:00:00	3298602	2288761	5587363	0.69
2024-08-30 13:30:00	3516188	2487735	6003923	0.71
2024-08-30 14:00:00	3851993	2683737	6535730	0.7
2024-08-30 14:30:00	4126334	2924524	7050858	0.71
2024-08-30 15:00:00	4620119	3347541	7967660	0.72
2024-08-30 15:15:00	4708763	3452411	8161174	0.73
2024-08-29 09:00:00	475057	416482	891539	0.88
2024-08-29 09:30:00	784847	697800	1482647	0.89
2024-08-29 10:00:00	1040412	878491	1918903	0.84
2024-08-29 10:30:00	1216521	1031423	2247944	0.85
2024-08-29 11:00:00	1332496	1178476	2510972	0.88
2024-08-29 11:30:00	1481898	1290250	2772148	0.87
2024-08-29 12:00:00	1625585	1392225	3017810	0.86
2024-08-29 12:30:00	1734515	1486499	3221014	0.86
2024-08-29 13:00:00	1849677	1576720	3426397	0.85
2024-08-29 13:30:00	1986678	1700878	3687556	0.86
2024-08-29 14:00:00	2249789	1957196	4206985	0.87
2024-08-29 14:30:00	2417650	2122911	4540561	0.88
2024-08-29 15:00:00	2663632	2329820	4993452	0.87
2024-08-29 15:15:00	2698036	2368483	5066519	0.88
2024-08-28 09:00:00	286554	216228	502782	0.75
2024-08-28 09:30:00	484345	357805	842150	0.74
2024-08-28 10:00:00	684713	519484	1204197	0.76
2024-08-28 10:30:00	903449	750731	1654180	0.83
2024-08-28 11:00:00	1056797	903289	1960086	0.85
2024-08-28 11:30:00	1196318	1032935	2229253	0.86
2024-08-28 12:00:00	1312560	1128118	2440678	0.86
2024-08-28 12:30:00	1410048	1231390	2641438	0.87
2024-08-28 13:00:00	1560661	1344993	2905654	0.86
2024-08-28 13:30:00	1720532	1481873	3202405	0.86
2024-08-28 14:00:00	1946282	1631103	3577385	0.84
2024-08-28 14:30:00	2141502	1821103	3962605	0.85
2024-08-28 15:00:00	2452640	2097231	4549871	0.86
2024-08-28 15:15:00	2487464	2140573	4628037	0.86
2024-08-27 09:00:00	263050	267243	530293	1.02
2024-08-27 09:30:00	453044	485691	938735	1.07
2024-08-27 10:00:00	641794	635098	1276892	0.99
2024-08-27 10:30:00	797640	756225	1553865	0.95
2024-08-27 11:00:00	923355	860958	1784313	0.93
2024-08-27 11:30:00	1028186	929583	1957769	0.9
2024-08-27 12:00:00	1138503	1021964	2160467	0.9
2024-08-27 12:30:00	1218094	1090517	2308611	0.9
2024-08-27 13:00:00	1353650	1205486	2559136	0.89
2024-08-27 13:30:00	1442691	1286902	2729593	0.89
2024-08-27 14:00:00	1553452	1372131	2925583	0.88
2024-08-27 14:30:00	1652003	1533020	3185023	0.93
2024-08-27 15:00:00	1837904	1775723	3613627	0.97
2024-08-27 15:15:00	1883272	1813296	3696568	0.96
2024-08-26 09:00:00	364673	268331	633004	0.74
2024-08-26 09:30:00	617163	509677	1126840	0.83
2024-08-26 10:00:00	819781	862345	1682126	1.05
2024-08-26 10:30:00	952317	982930	1935247	1.03
2024-08-26 11:00:00	1065511	1097769	2163280	1.03
2024-08-26 11:30:00	1167469	1181606	2349075	1.01
2024-08-26 12:00:00	1283788	1258014	2541802	0.98
2024-08-26 12:30:00	1380146	1323066	2703212	0.96
2024-08-26 13:00:00	1527013	1437493	2964506	0.94
2024-08-26 13:30:00	1667661	1532116	3199777	0.92
2024-08-26 14:00:00	1793989	1627662	3421651	0.91
2024-08-26 14:30:00	1934268	1781011	3715279	0.92
2024-08-26 15:00:00	2158378	1951003	4109381	0.9
2024-08-26 15:15:00	2188624	1998735	4187359	0.91
2024-08-23 09:00:00	393308	355759	749067	0.9
2024-08-23 09:30:00	908641	933183	1841824	1.03
2024-08-23 10:00:00	1319389	1776382	3095771	1.35
2024-08-23 10:30:00	1598492	2001197	3599689	1.25
2024-08-23 11:00:00	1826032	2262172	4088204	1.24
2024-08-23 11:30:00	2058596	2474639	4533235	1.2
2024-08-23 12:00:00	2304619	2747273	5051892	1.19
2024-08-23 12:30:00	2465264	2916244	5381508	1.18
2024-08-23 13:00:00	2641999	3178960	5820959	1.2
2024-08-23 13:30:00	2809499	3388077	6197576	1.21
2024-08-23 14:00:00	3109259	3571636	6680895	1.15
2024-08-23 14:30:00	3434099	3814367	7248466	1.11
2024-08-23 15:00:00	3840441	4139600	7980041	1.08
2024-08-23 15:15:00	3913351	4240528	8153879	1.08
2024-08-22 09:00:00	396648	265768	662416	0.67
2024-08-22 09:30:00	654698	473106	1127804	0.72
2024-08-22 10:00:00	851953	624982	1476935	0.73
2024-08-22 10:30:00	1052530	755037	1807567	0.72
2024-08-22 11:00:00	1270790	962381	2233171	0.76
2024-08-22 11:30:00	1423369	1110148	2533517	0.78
2024-08-22 12:00:00	1570746	1250491	2821237	0.8
2024-08-22 12:30:00	1694327	1369565	3063892	0.81
2024-08-22 13:00:00	1901397	1519167	3420564	0.8
2024-08-22 13:30:00	2062402	1655987	3718389	0.8
2024-08-22 14:00:00	2187408	1757207	3944615	0.8
2024-08-22 14:30:00	2374669	2025203	4399872	0.85
2024-08-22 15:00:00	2673298	2368025	5041323	0.89
2024-08-22 15:15:00	2718415	2424071	5142486	0.89
2024-08-21 09:00:00	327923	262584	590507	0.8
2024-08-21 09:30:00	609580	465611	1075191	0.76
2024-08-21 10:00:00	833440	644349	1477789	0.77
2024-08-21 10:30:00	1065771	779572	1845343	0.73
2024-08-21 11:00:00	1195413	888003	2083416	0.74
2024-08-21 11:30:00	1340370	1030436	2370806	0.77
2024-08-21 12:00:00	1419233	1107504	2526737	0.78
2024-08-21 12:30:00	1522788	1183782	2706570	0.78
2024-08-21 13:00:00	1638401	1276238	2914639	0.78
2024-08-21 13:30:00	1772528	1399984	3172512	0.79
2024-08-21 14:00:00	2002917	1561551	3564468	0.78
2024-08-21 14:30:00	2155581	1721013	3876594	0.8
2024-08-21 15:00:00	2389539	1945710	4335249	0.81
2024-08-21 15:15:00	2438409	2017297	4455706	0.83
2024-08-20 09:00:00	455335	330126	785461	0.73
2024-08-20 09:30:00	899571	740896	1640467	0.82
2024-08-20 10:00:00	1313391	976338	2289729	0.74
2024-08-20 10:30:00	1540864	1133279	2674143	0.74
2024-08-20 11:00:00	1821562	1311180	3132742	0.72
2024-08-20 11:30:00	1960964	1433835	3394799	0.73
2024-08-20 12:00:00	2093113	1590878	3683991	0.76
2024-08-20 12:30:00	2209577	1706106	3915683	0.77
2024-08-20 13:00:00	2306965	1818629	4125594	0.79
2024-08-20 13:30:00	2429857	1934659	4364516	0.8
2024-08-20 14:00:00	2572122	2035183	4607305	0.79
2024-08-20 14:30:00	2718367	2176451	4894818	0.8
2024-08-20 15:00:00	2952411	2391068	5343479	0.81
2024-08-20 15:15:00	3012036	2441819	5453855	0.81
2024-08-19 09:00:00	484902	299929	784831	0.62
2024-08-19 09:30:00	792333	520508	1312841	0.66
2024-08-19 10:00:00	1022341	699406	1721747	0.68
2024-08-19 10:30:00	1339486	901078	2240564	0.67
2024-08-19 11:00:00	1599204	1087136	2686340	0.68
2024-08-19 11:30:00	1741247	1221037	2962284	0.7
2024-08-19 12:00:00	1969453	1336510	3305963	0.68
2024-08-19 12:30:00	2126884	1447758	3574642	0.68
2024-08-19 13:00:00	2266391	1569259	3835650	0.69
2024-08-19 13:30:00	2427556	1686356	4113912	0.69
2024-08-19 14:00:00	2665891	1880268	4546159	0.71
2024-08-19 14:30:00	2905449	2021768	4927217	0.7
2024-08-19 15:00:00	3275466	2310948	5586414	0.71
2024-08-19 15:15:00	3346856	2435343	5782199	0.73
2024-08-16 09:00:00	583149	454552	1037701	0.78
2024-08-16 09:30:00	1023385	770895	1794280	0.75
2024-08-16 10:00:00	1439118	1084842	2523960	0.75
2024-08-16 10:30:00	1683929	1292508	2976437	0.77
2024-08-16 11:00:00	1979589	1580878	3560467	0.8
2024-08-16 11:30:00	2217428	1797681	4015109	0.81
2024-08-16 12:00:00	2493216	2040781	4533997	0.82
2024-08-16 12:30:00	2736716	2267380	5004096	0.83
2024-08-16 13:00:00	2969163	2523417	5492580	0.85
2024-08-16 13:30:00	3266240	2730680	5996920	0.84
2024-08-16 14:00:00	3755103	2979867	6734970	0.79
2024-08-16 14:30:00	4061593	3684554	7746147	0.91
2024-08-16 15:00:00	4482380	4064722	8547102	0.91
2024-08-16 15:15:00	4540404	4147056	8687460	0.91
2024-08-15 09:00:00	619039	567199	1186238	0.92
2024-08-15 09:30:00	1075132	896377	1971509	0.83
2024-08-15 10:00:00	1522114	1280172	2802286	0.84
2024-08-15 10:30:00	1799327	1570464	3369791	0.87
2024-08-15 11:00:00	2108081	2087733	4195814	0.99
2024-08-15 11:30:00	2323916	2237741	4561657	0.96
2024-08-15 12:00:00	2591449	2407402	4998851	0.93
2024-08-15 12:30:00	2768911	2536849	5305760	0.92
2024-08-15 13:00:00	2939109	2861123	5800232	0.97
2024-08-15 13:30:00	3138572	3007372	6145944	0.96
2024-08-15 14:00:00	3348247	3213626	6561873	0.96
2024-08-15 14:30:00	3583964	3451786	7035750	0.96
2024-08-15 15:00:00	3931646	3777351	7708997	0.96
2024-08-15 15:15:00	4006109	3898258	7904367	0.97
2024-08-13 09:00:00	427325	426962	854287	1.0
2024-08-13 09:30:00	750709	668268	1418977	0.89
2024-08-13 10:00:00	1033692	879562	1913254	0.85
2024-08-13 10:30:00	1217865	1038121	2255986	0.85
2024-08-13 11:00:00	1395604	1194938	2590542	0.86
2024-08-13 11:30:00	1548166	1322287	2870453	0.85
2024-08-13 12:00:00	1705090	1449930	3155020	0.85
2024-08-13 12:30:00	1902852	1912210	3815062	1.0
2024-08-13 13:00:00	2090199	2081602	4171801	1.0
2024-08-13 13:30:00	2329286	2254125	4583411	0.97
2024-08-13 14:00:00	2588896	2412696	5001592	0.93
2024-08-13 14:30:00	2792082	2622648	5414730	0.94
2024-08-13 15:00:00	3161848	2978434	6140282	0.94
2024-08-13 15:15:00	3250246	3049720	6299966	0.94
2024-08-12 09:00:00	331679	294456	626135	0.89
2024-08-12 09:30:00	708016	707744	1415760	1.0
2024-08-12 10:00:00	938243	978536	1916779	1.04
2024-08-12 10:30:00	1231553	1276455	2508008	1.04
2024-08-12 11:00:00	1406721	1438046	2844767	1.02
2024-08-12 11:30:00	1534331	1572990	3107321	1.03
2024-08-12 12:00:00	1659525	1682341	3341866	1.01
2024-08-12 12:30:00	1827699	1806815	3634514	0.99
2024-08-12 13:00:00	1943264	1948408	3891672	1.0
2024-08-12 13:30:00	2193030	2107605	4300635	0.96
2024-08-12 14:00:00	2313542	2212336	4525878	0.96
2024-08-12 14:30:00	2452590	2460611	4913201	1.0
2024-08-12 15:00:00	2678274	2691388	5369662	1.0
2024-08-12 15:15:00	2726106	2752819	5478925	1.01
2024-08-09 09:00:00	608377	566510	1174887	0.93
2024-08-09 09:30:00	1064269	936198	2000467	0.88
2024-08-09 10:00:00	1374645	1257439	2632084	0.91
2024-08-09 10:30:00	1691202	1528131	3219333	0.9
2024-08-09 11:00:00	1935702	1793778	3729480	0.93
2024-08-09 11:30:00	2161160	2079410	4240570	0.96
2024-08-09 12:00:00	2401137	2287477	4688614	0.95
2024-08-09 12:30:00	2730785	2573222	5304007	0.94
2024-08-09 13:00:00	3010892	2854865	5865757	0.95
2024-08-09 13:30:00	3288500	3072383	6360883	0.93
2024-08-09 14:00:00	3540966	3299408	6840374	0.93
2024-08-09 14:30:00	3819081	3661813	7480894	0.96
2024-08-09 15:00:00	4214863	4065820	8280683	0.96
2024-08-09 15:15:00	4274156	4153885	8428041	0.97
2024-08-08 09:00:00	403824	507217	911041	1.26
2024-08-08 09:30:00	661327	794284	1455611	1.2
2024-08-08 10:00:00	1009044	1182039	2191083	1.17
2024-08-08 10:30:00	1191391	1378010	2569401	1.16
2024-08-08 11:00:00	1403020	1555491	2958511	1.11
2024-08-08 11:30:00	1615376	1780064	3395440	1.1
2024-08-08 12:00:00	1762454	1966218	3728672	1.12
2024-08-08 12:30:00	1900941	2108688	4009629	1.11
2024-08-08 13:00:00	2111564	2292146	4403710	1.09
2024-08-08 13:30:00	2404365	2497516	4901881	1.04
2024-08-08 14:00:00	2538440	2711938	5250378	1.07
2024-08-08 14:30:00	2789372	3362072	6151444	1.21
2024-08-08 15:00:00	3041427	3695577	6737004	1.22
2024-08-08 15:15:00	3083457	3773458	6856915	1.22
2024-08-07 09:00:00	461107	522736	983843	1.13
2024-08-07 09:30:00	1086537	847531	1934068	0.78
2024-08-07 10:00:00	1334730	1049551	2384281	0.79
2024-08-07 10:30:00	1515573	1296784	2812357	0.86
2024-08-07 11:00:00	1745767	1522662	3268429	0.87
2024-08-07 11:30:00	1926150	1773767	3699917	0.92
2024-08-07 12:00:00	2100560	1982336	4082896	0.94
2024-08-07 12:30:00	2314738	2197070	4511808	0.95
2024-08-07 13:00:00	2482462	2441142	4923604	0.98
2024-08-07 13:30:00	2737822	2798073	5535895	1.02
2024-08-07 14:00:00	2964047	3184095	6148142	1.07
2024-08-07 14:30:00	3167953	3389327	6557280	1.07
2024-08-07 15:00:00	3528165	3725512	7253677	1.06
2024-08-07 15:15:00	3594739	3805806	7400545	1.06
2024-08-06 09:00:00	362333	437886	800219	1.21
2024-08-06 09:30:00	667284	756394	1423678	1.13
2024-08-06 10:00:00	959324	1057131	2016455	1.1
2024-08-06 10:30:00	1175765	1295157	2470922	1.1
2024-08-06 11:00:00	1364635	1507539	2872174	1.1
2024-08-06 11:30:00	1561153	1755486	3316639	1.12
2024-08-06 12:00:00	1713742	2003328	3717070	1.17
2024-08-06 12:30:00	1865473	2174611	4040084	1.17
2024-08-06 13:00:00	2053994	2338207	4392201	1.14
2024-08-06 13:30:00	2229384	2519650	4749034	1.13
2024-08-06 14:00:00	2414018	2697529	5111547	1.12
2024-08-06 14:30:00	2655131	3009837	5664968	1.13
2024-08-06 15:00:00	2887173	3289784	6176957	1.14
2024-08-06 15:15:00	2961041	3374041	6335082	1.14
2024-08-05 09:00:00	582648	736137	1318785	1.26
2024-08-05 09:30:00	1021320	1193118	2214438	1.17
2024-08-05 10:00:00	1388494	1654637	3043131	1.19
2024-08-05 10:30:00	1863732	2336135	4199867	1.25
2024-08-05 11:00:00	2125910	2742568	4868478	1.29
2024-08-05 11:30:00	2342198	2968657	5310855	1.27
2024-08-05 12:00:00	2568655	3270263	5838918	1.27
2024-08-05 12:30:00	2739715	3564856	6304571	1.3
2024-08-05 13:00:00	2900740	3789275	6690015	1.31
2024-08-05 13:30:00	3058011	4007111	7065122	1.31
2024-08-05 14:00:00	3292623	4287903	7580526	1.3
2024-08-05 14:30:00	3491525	4643643	8135168	1.33
2024-08-05 15:00:00	3920214	5052099	8972313	1.29
2024-08-05 15:15:00	3988420	5190209	9178629	1.3
2024-08-02 09:00:00	825381	1008892	1834273	1.22
2024-08-02 09:30:00	1577595	2261622	3839217	1.43
2024-08-02 10:00:00	2126126	3013377	5139503	1.42
2024-08-02 10:30:00	2853146	3511071	6364217	1.23
2024-08-02 11:00:00	3417497	3977612	7395109	1.16
2024-08-02 11:30:00	3754901	4451407	8206308	1.19
2024-08-02 12:00:00	4080032	4798394	8878426	1.18
2024-08-02 12:30:00	4310025	5012223	9322248	1.16
2024-08-02 13:00:00	4602013	5329943	9931956	1.16
2024-08-02 13:30:00	4859766	5664105	10523871	1.17
2024-08-02 14:00:00	5128783	6060796	11189579	1.18
2024-08-02 14:30:00	5504280	6456286	11960566	1.17
2024-08-02 15:00:00	6006029	7020742	13026771	1.17
2024-08-02 15:15:00	6120449	7165300	13285749	1.17
2024-08-01 09:00:00	428413	321759	750172	0.75
2024-08-01 09:30:00	889021	657852	1546873	0.74
2024-08-01 10:00:00	1271024	1009023	2280047	0.79
2024-08-01 10:30:00	1527626	1354721	2882347	0.89
2024-08-01 11:00:00	1762891	1575182	3338073	0.89
2024-08-01 11:30:00	1958881	1773036	3731917	0.91
2024-08-01 12:00:00	2147065	1973670	4120735	0.92
2024-08-01 12:30:00	2448363	2226091	4674454	0.91
2024-08-01 13:00:00	2705316	2534139	5239455	0.94
2024-08-01 13:30:00	2874826	2758941	5633767	0.96
2024-08-01 14:00:00	3166686	3060509	6227195	0.97
2024-08-01 14:30:00	3510521	3319648	6830169	0.95
2024-08-01 15:00:00	4106938	3744880	7851818	0.91
2024-08-01 15:15:00	4152582	3867106	8019688	0.93
2024-07-31 09:00:00	516383	384719	901102	0.75
2024-07-31 09:30:00	1011152	837726	1848878	0.83
2024-07-31 10:00:00	1285554	1126518	2412072	0.88
2024-07-31 10:30:00	1429040	1309901	2738941	0.92
2024-07-31 11:00:00	1577979	1462500	3040479	0.93
2024-07-31 11:30:00	1736034	1619819	3355853	0.93
2024-07-31 12:00:00	1846002	1751550	3597552	0.95
2024-07-31 12:30:00	1970484	1860154	3830638	0.94
2024-07-31 13:00:00	2102645	2006438	4109083	0.95
2024-07-31 13:30:00	2218959	2103236	4322195	0.95
2024-07-31 14:00:00	2425119	2340824	4765943	0.97
2024-07-31 14:30:00	2684090	2604770	5288860	0.97
2024-07-31 15:00:00	3054497	2901924	5956421	0.95
2024-07-31 15:15:00	3103682	2996573	6100255	0.97
2024-07-30 09:00:00	255233	262421	517654	1.03
2024-07-30 09:30:00	489096	479038	968134	0.98
2024-07-30 10:00:00	638712	656713	1295425	1.03
2024-07-30 10:30:00	895601	873733	1769334	0.98
2024-07-30 11:00:00	1078166	1126407	2204573	1.04
2024-07-30 11:30:00	1209826	1274430	2484256	1.05
2024-07-30 12:00:00	1365852	1480153	2846005	1.08
2024-07-30 12:30:00	1547659	1649816	3197475	1.07
2024-07-30 13:00:00	1718086	1777145	3495231	1.03
2024-07-30 13:30:00	1851673	1917160	3768833	1.04
2024-07-30 14:00:00	1974574	2020527	3995101	1.02
2024-07-30 14:30:00	2119575	2161614	4281189	1.02
2024-07-30 15:00:00	2374214	2444291	4818505	1.03
2024-07-30 15:15:00	2428547	2524027	4952574	1.04
2024-07-29 09:00:00	336943	273506	610449	0.81
2024-07-29 09:30:00	619568	517580	1137148	0.84
2024-07-29 10:00:00	749060	698185	1447245	0.93
2024-07-29 10:30:00	989212	916583	1905795	0.93
2024-07-29 11:00:00	1147883	1046977	2194860	0.91
2024-07-29 11:30:00	1565935	1157221	2723156	0.74
2024-07-29 12:00:00	1660125	1347945	3008070	0.81
2024-07-29 12:30:00	1761058	1472419	3233477	0.84
2024-07-29 13:00:00	1847382	1546738	3394120	0.84
2024-07-29 13:30:00	2019738	1656606	3676344	0.82
2024-07-29 14:00:00	2114506	1765121	3879627	0.83
2024-07-29 14:30:00	2237382	1902417	4139799	0.85
2024-07-29 15:00:00	2430028	2142599	4572627	0.88
2024-07-29 15:15:00	2462151	2204208	4666359	0.9
2024-07-26 09:00:00	494646	427973	922619	0.87
2024-07-26 09:30:00	867076	773693	1640769	0.89
2024-07-26 10:00:00	1200040	1122149	2322189	0.94
2024-07-26 10:30:00	1713724	1673085	3386809	0.98
2024-07-26 11:00:00	1964502	1937700	3902202	0.99
2024-07-26 11:30:00	2227318	2160584	4387902	0.97
2024-07-26 12:00:00	2479265	2354610	4833875	0.95
2024-07-26 12:30:00	2673844	2573594	5247438	0.96
2024-07-26 13:00:00	2913680	2872069	5785749	0.99
2024-07-26 13:30:00	3086502	3105374	6191876	1.01
2024-07-26 14:00:00	3271942	3347495	6619437	1.02
2024-07-26 14:30:00	3519735	3627570	7147305	1.03
2024-07-26 15:00:00	3879629	4051357	7930986	1.04
2024-07-26 15:15:00	3973211	4162126	8135337	1.05
2024-07-25 09:00:00	516738	492670	1009408	0.95
2024-07-25 09:30:00	1062605	973270	2035875	0.92
2024-07-25 10:00:00	1485090	1282502	2767592	0.86
2024-07-25 10:30:00	1769703	1552226	3321929	0.88
2024-07-25 11:00:00	1967353	1750163	3717516	0.89
2024-07-25 11:30:00	2139071	1932394	4071465	0.9
2024-07-25 12:00:00	2340624	2092097	4432721	0.89
2024-07-25 12:30:00	2558578	2256478	4815056	0.88
2024-07-25 13:00:00	2755722	2360103	5115825	0.86
2024-07-25 13:30:00	2911418	2654436	5565854	0.91
2024-07-25 14:00:00	3077581	2971390	6048971	0.97
2024-07-25 14:30:00	3300804	3130606	6431410	0.95
2024-07-25 15:00:00	3588816	3442655	7031471	0.96
2024-07-25 15:15:00	3685941	3548550	7234491	0.96
2024-07-24 09:00:00	569128	574788	1143916	1.01
2024-07-24 09:30:00	941828	913648	1855476	0.97
2024-07-24 10:00:00	1195763	1182555	2378318	0.99
2024-07-24 10:30:00	1500711	1457767	2958478	0.97
2024-07-24 11:00:00	1680740	1701388	3382128	1.01
2024-07-24 11:30:00	1912447	1990729	3903176	1.04
2024-07-24 12:00:00	2157819	2182837	4340656	1.01
2024-07-24 12:30:00	2425753	2398973	4824726	0.99
2024-07-24 13:00:00	2622366	2537003	5159369	0.97
2024-07-24 13:30:00	2799590	2739003	5538593	0.98
2024-07-24 14:00:00	3082751	3067401	6150152	1.0
2024-07-24 14:30:00	3352277	3365204	6717481	1.0
2024-07-24 15:00:00	3765310	3896514	7661824	1.03
2024-07-24 15:15:00	3851033	4021666	7872699	1.04
2024-07-23 09:00:00	362448	235478	597926	0.65
2024-07-23 09:30:00	757133	722269	1479402	0.95
2024-07-23 10:00:00	974607	940343	1914950	0.96
2024-07-23 10:30:00	1164061	1067138	2231199	0.92
2024-07-23 11:00:00	1311690	1188726	2500416	0.91
2024-07-23 11:30:00	1453677	1319392	2773069	0.91
2024-07-23 12:00:00	1604637	1466424	3071061	0.91
2024-07-23 12:30:00	1702238	1551488	3253726	0.91
2024-07-23 13:00:00	1810863	1636170	3447033	0.9
2024-07-23 13:30:00	1919416	1743755	3663171	0.91
2024-07-23 14:00:00	2050842	1876764	3927606	0.92
2024-07-23 14:30:00	2180144	2095812	4275956	0.96
2024-07-23 15:00:00	2510728	2431783	4942511	0.97
2024-07-23 15:15:00	2559202	2507447	5066649	0.98
2024-07-22 09:00:00	525546	353909	879455	0.67
2024-07-22 09:30:00	808962	578367	1387329	0.71
2024-07-22 10:00:00	1012681	754130	1766811	0.74
2024-07-22 10:30:00	1189858	943871	2133729	0.79
2024-07-22 11:00:00	1336692	1076930	2413622	0.81
2024-07-22 11:30:00	1480787	1222242	2703029	0.83
2024-07-22 12:00:00	1614100	1358437	2972537	0.84
2024-07-22 12:30:00	1742329	1478991	3221320	0.85
2024-07-22 13:00:00	1883742	1602879	3486621	0.85
2024-07-22 13:30:00	2045019	1708590	3753609	0.84
2024-07-22 14:00:00	2222655	1852251	4074906	0.83
2024-07-22 14:30:00	2397117	2044481	4441598	0.85
2024-07-22 15:00:00	2703336	2268809	4972145	0.84
2024-07-22 15:15:00	2869450	2432681	5302131	0.85
2024-07-19 09:00:00	668235	536593	1204828	0.8
2024-07-19 09:30:00	1188917	968309	2157226	0.81
2024-07-19 10:00:00	1763785	1305829	3069614	0.74
2024-07-19 10:30:00	2172167	1670598	3842765	0.77
2024-07-19 11:00:00	2564717	2003182	4567899	0.78
2024-07-19 11:30:00	2864788	2265851	5130639	0.79
2024-07-19 12:00:00	3180243	2539577	5719820	0.8
2024-07-19 12:30:00	3538538	2883118	6421656	0.81
2024-07-19 13:00:00	3824067	3124183	6948250	0.82
2024-07-19 13:30:00	4124550	3336022	7460572	0.81
2024-07-19 14:00:00	4515042	3639305	8154347	0.81
2024-07-19 14:30:00	4924800	3960071	8884871	0.8
2024-07-19 15:00:00	5487196	4465351	9952547	0.81
2024-07-19 15:15:00	5605999	4643217	10249216	0.83
2024-07-17 09:00:00	661413	551427	1212840	0.83
2024-07-17 09:30:00	1199650	911250	2110900	0.76
2024-07-17 10:00:00	1618743	1259590	2878333	0.78
2024-07-17 10:30:00	2108804	1595963	3704767	0.76
2024-07-17 11:00:00	2340214	1797063	4137277	0.77
2024-07-17 11:30:00	2595342	2009048	4604390	0.77
2024-07-17 12:00:00	3009684	2310629	5320313	0.77
2024-07-17 12:30:00	3178520	2499735	5678255	0.79
2024-07-17 13:00:00	3333497	2627621	5961118	0.79
2024-07-17 13:30:00	3503360	2782912	6286272	0.79
2024-07-17 14:00:00	3680320	2928992	6609312	0.8
2024-07-17 14:30:00	3911573	3137062	7048635	0.8
2024-07-17 15:00:00	4240461	3436236	7676697	0.81
2024-07-17 15:15:00	4325889	3558833	7884722	0.82
2024-07-16 09:00:00	434770	315092	749862	0.72
2024-07-16 09:30:00	818893	639528	1458421	0.78
2024-07-16 10:00:00	1132219	859096	1991315	0.76
2024-07-16 10:30:00	1400662	1135315	2535977	0.81
2024-07-16 11:00:00	1772231	1285262	3057493	0.73
2024-07-16 11:30:00	2006656	1439263	3445919	0.72
2024-07-16 12:00:00	2214743	1602259	3817002	0.72
2024-07-16 12:30:00	2346256	1717976	4064232	0.73
2024-07-16 13:00:00	2786131	2101950	4888081	0.75
2024-07-16 13:30:00	3002112	2312103	5314215	0.77
2024-07-16 14:00:00	3243967	2522897	5766864	0.78
2024-07-16 14:30:00	3531984	2693839	6225823	0.76
2024-07-16 15:00:00	3914717	2996077	6910794	0.77
2024-07-16 15:15:00	4194554	3122421	7316975	0.74
2024-07-15 09:00:00	535675	306970	842645	0.57
2024-07-15 09:30:00	873118	502315	1375433	0.58
2024-07-15 10:00:00	1298399	1043478	2341877	0.8
2024-07-15 10:30:00	1706690	1383079	3089769	0.81
2024-07-15 11:00:00	1955319	1619431	3574750	0.83
2024-07-15 11:30:00	2268624	1799395	4068019	0.79
2024-07-15 12:00:00	2481997	1997964	4479961	0.8
2024-07-15 12:30:00	2685648	2154992	4840640	0.8
2024-07-15 13:00:00	2835296	2391047	5226343	0.84
2024-07-15 13:30:00	3205060	2523762	5728822	0.79
2024-07-15 14:00:00	3363301	2665839	6029140	0.79
2024-07-15 14:30:00	3532288	2806862	6339150	0.79
2024-07-15 15:00:00	3809818	3089466	6899284	0.81
2024-07-15 15:15:00	3860860	3162934	7023794	0.82
2024-07-12 09:00:00	720683	557861	1278544	0.77
2024-07-12 09:30:00	1216494	989699	2206193	0.81
2024-07-12 10:00:00	1970899	1660733	3631632	0.84
2024-07-12 10:30:00	2309731	1967512	4277243	0.85
2024-07-12 11:00:00	2698228	2200092	4898320	0.82
2024-07-12 11:30:00	3011555	2443299	5454854	0.81
2024-07-12 12:00:00	3385892	2670932	6056824	0.79
2024-07-12 12:30:00	3650083	2898432	6548515	0.79
2024-07-12 13:00:00	4100534	3241539	7342073	0.79
2024-07-12 13:30:00	4427469	3476656	7904125	0.79
2024-07-12 14:00:00	4771088	3705474	8476562	0.78
2024-07-12 14:30:00	5074166	3956708	9030874	0.78
2024-07-12 15:00:00	5649523	4611286	10260809	0.82
2024-07-12 15:15:00	5743873	4743193	10487066	0.83
2024-07-11 09:00:00	527809	411509	939318	0.78
2024-07-11 09:30:00	1058971	780523	1839494	0.74
2024-07-11 10:00:00	1368289	1045407	2413696	0.76
2024-07-11 10:30:00	1661261	1294132	2955393	0.78
2024-07-11 11:00:00	1961393	1513447	3474840	0.77
2024-07-11 11:30:00	2342385	1726563	4068948	0.74
2024-07-11 12:00:00	2522502	1870790	4393292	0.74
2024-07-11 12:30:00	2727552	1999668	4727220	0.73
2024-07-11 13:00:00	2867417	2126737	4994154	0.74
2024-07-11 13:30:00	3046506	2273858	5320364	0.75
2024-07-11 14:00:00	3241686	2507230	5748916	0.77
2024-07-11 14:30:00	3452688	2725015	6177703	0.79
2024-07-11 15:00:00	3732241	3017296	6749537	0.81
2024-07-11 15:15:00	3824290	3093706	6917996	0.81
2024-07-10 09:00:00	384986	322035	707021	0.84
2024-07-10 09:30:00	769073	558498	1327571	0.73
2024-07-10 10:00:00	1000599	748701	1749300	0.75
2024-07-10 10:30:00	1232776	927147	2159923	0.75
2024-07-10 11:00:00	1390381	1082855	2473236	0.78
2024-07-10 11:30:00	1610427	1256014	2866441	0.78
2024-07-10 12:00:00	1908577	1435482	3344059	0.75
2024-07-10 12:30:00	2116747	1578136	3694883	0.75
2024-07-10 13:00:00	2282628	1792036	4074664	0.79
2024-07-10 13:30:00	2464919	1940526	4405445	0.79
2024-07-10 14:00:00	2634100	2109878	4743978	0.8
2024-07-10 14:30:00	2840387	2286961	5127348	0.81
2024-07-10 15:00:00	3142928	2606567	5749495	0.83
2024-07-10 15:15:00	3248622	2729909	5978531	0.84
2024-07-09 09:00:00	398356	288746	687102	0.72
2024-07-09 09:30:00	746005	553126	1299131	0.74
2024-07-09 10:00:00	987561	798436	1785997	0.81
2024-07-09 10:30:00	1170967	963205	2134172	0.82
2024-07-09 11:00:00	1311737	1100124	2411861	0.84
2024-07-09 11:30:00	1507660	1256183	2763843	0.83
2024-07-09 12:00:00	1672750	1391514	3064264	0.83
2024-07-09 12:30:00	1838165	1531545	3369710	0.83
2024-07-09 13:00:00	1951473	1651749	3603222	0.85
2024-07-09 13:30:00	2089863	1818612	3908475	0.87
2024-07-09 14:00:00	2282586	2002196	4284782	0.88
2024-07-09 14:30:00	2406151	2123879	4530030	0.88
2024-07-09 15:00:00	2632248	2311297	4943545	0.88
2024-07-09 15:15:00	2675845	2352718	5028563	0.88
2024-07-08 09:00:00	515480	334835	850315	0.65
2024-07-08 09:30:00	844963	577968	1422931	0.68
2024-07-08 10:00:00	1090462	877124	1967586	0.8
2024-07-08 10:30:00	1600688	1032951	2633639	0.65
2024-07-08 11:00:00	1804170	1233497	3037667	0.68
2024-07-08 11:30:00	2020538	1443149	3463687	0.71
2024-07-08 12:00:00	2161789	1568918	3730707	0.73
2024-07-08 12:30:00	2294921	1662431	3957352	0.72
2024-07-08 13:00:00	2452493	1776736	4229229	0.72
2024-07-08 13:30:00	2554002	1893534	4447536	0.74
2024-07-08 14:00:00	2695154	2012278	4707432	0.75
2024-07-08 14:30:00	2843203	2159762	5002965	0.76
2024-07-08 15:00:00	3081550	2378178	5459728	0.77
2024-07-08 15:15:00	3132618	2446303	5578921	0.78
2024-07-05 09:00:00	618977	518656	1137633	0.84
2024-07-05 09:30:00	1035874	877438	1913312	0.85
2024-07-05 10:00:00	1385872	1165499	2551371	0.84
2024-07-05 10:30:00	1657318	1442209	3099527	0.87
2024-07-05 11:00:00	1910607	1683479	3594086	0.88
2024-07-05 11:30:00	2152007	1921234	4073241	0.89
2024-07-05 12:00:00	2360431	2086016	4446447	0.88
2024-07-05 12:30:00	2549979	2277345	4827324	0.89
2024-07-05 13:00:00	2793302	2496247	5289549	0.89
2024-07-05 13:30:00	3015396	2670490	5685886	0.89
2024-07-05 14:00:00	3235741	2881867	6117608	0.89
2024-07-05 14:30:00	3489869	3097826	6587695	0.89
2024-07-05 15:00:00	3901720	3454327	7356047	0.89
2024-07-05 15:15:00	4003224	3597722	7600946	0.9
2024-07-03 09:00:00	481586	261203	742789	0.54
2024-07-03 09:30:00	911555	579393	1490948	0.64
2024-07-03 10:00:00	1229556	789224	2018780	0.64
2024-07-03 10:30:00	1470421	986671	2457092	0.67
2024-07-03 11:00:00	1657116	1184485	2841601	0.71
2024-07-03 11:30:00	1971533	1528815	3500348	0.78
2024-07-03 12:00:00	2349389	1866160	4215549	0.79
2024-07-03 12:30:00	2410774	1974086	4384860	0.82
2024-07-03 13:00:00	2410714	1972275	4382989	0.82
2024-07-03 13:30:00	2410714	1972275	4382989	0.82
2024-07-03 14:00:00	2410714	1972275	4382989	0.82
2024-07-03 14:30:00	2410714	1972275	4382989	0.82
2024-07-03 15:00:00	2410714	1972275	4382989	0.82
2024-07-03 15:15:00	2410714	1972275	4382989	0.82
2024-07-02 09:00:00	327091	259814	586905	0.79
2024-07-02 09:30:00	619980	493067	1113047	0.8
2024-07-02 10:00:00	873335	702125	1575460	0.8
2024-07-02 10:30:00	1120047	896606	2016653	0.8
2024-07-02 11:00:00	1260508	1035305	2295813	0.82
2024-07-02 11:30:00	1373453	1136853	2510306	0.83
2024-07-02 12:00:00	1474127	1223302	2697429	0.83
2024-07-02 12:30:00	1641791	1397787	3039578	0.85
2024-07-02 13:00:00	1784007	1528266	3312273	0.86
2024-07-02 13:30:00	1917590	1679662	3597252	0.88
2024-07-02 14:00:00	2089011	1909408	3998419	0.91
2024-07-02 14:30:00	2271715	2056968	4328683	0.91
2024-07-02 15:00:00	2556773	2334681	4891454	0.91
2024-07-02 15:15:00	2632177	2404195	5036372	0.91
2024-07-01 09:00:00	481446	396413	877859	0.82
2024-07-01 09:30:00	771596	639889	1411485	0.83
2024-07-01 10:00:00	1139775	834988	1974763	0.73
2024-07-01 10:30:00	1317333	1041656	2358989	0.79
2024-07-01 11:00:00	1463596	1200242	2663838	0.82
2024-07-01 11:30:00	1610508	1309200	2919708	0.81
2024-07-01 12:00:00	1723182	1431043	3154225	0.83
2024-07-01 12:30:00	1841544	1543272	3384816	0.84
2024-07-01 13:00:00	1952266	1635081	3587347	0.84
2024-07-01 13:30:00	2100330	1743090	3843420	0.83
2024-07-01 14:00:00	2250308	1893402	4143710	0.84
2024-07-01 14:30:00	2452963	2087159	4540122	0.85
2024-07-01 15:00:00	2701785	2314171	5015956	0.86
2024-07-01 15:15:00	2743914	2439590	5183504	0.89
2024-06-28 09:00:00	638094	399747	1037841	0.63
2024-06-28 09:30:00	1185056	813848	1998904	0.69
2024-06-28 10:00:00	1721016	1187579	2908595	0.69
2024-06-28 10:30:00	2264859	1736277	4001136	0.77
2024-06-28 11:00:00	2510270	2133781	4644051	0.85
2024-06-28 11:30:00	2810257	2449653	5259910	0.87
2024-06-28 12:00:00	3082649	2691526	5774175	0.87
2024-06-28 12:30:00	3279367	2854961	6134328	0.87
2024-06-28 13:00:00	3551524	3012237	6563761	0.85
2024-06-28 13:30:00	3879045	3304642	7183687	0.85
2024-06-28 14:00:00	4151418	3523356	7674774	0.85
2024-06-28 14:30:00	4440608	3818498	8259106	0.86
2024-06-28 15:00:00	4924435	4309076	9233511	0.88
2024-06-28 15:15:00	5065580	4561339	9626919	0.9
2024-06-27 09:00:00	389005	248981	637986	0.64
2024-06-27 09:30:00	637334	437207	1074541	0.69
2024-06-27 10:00:00	895827	618168	1513995	0.69
2024-06-27 10:30:00	1100944	739908	1840852	0.67
2024-06-27 11:00:00	1237882	842193	2080075	0.68
2024-06-27 11:30:00	1424828	926398	2351226	0.65
2024-06-27 12:00:00	1547487	1020603	2568090	0.66
2024-06-27 12:30:00	1666455	1097000	2763455	0.66
2024-06-27 13:00:00	1772014	1175496	2947510	0.66
2024-06-27 13:30:00	2037139	1305168	3342307	0.64
2024-06-27 14:00:00	2173894	1422423	3596317	0.65
2024-06-27 14:30:00	2348068	1768883	4116951	0.75
2024-06-27 15:00:00	2570017	1992445	4562462	0.78
2024-06-27 15:15:00	2622247	2068708	4690955	0.79
2024-06-26 09:00:00	461149	311079	772228	0.67
2024-06-26 09:30:00	788616	545005	1333621	0.69
2024-06-26 10:00:00	1109325	706212	1815537	0.64
2024-06-26 10:30:00	1423430	889710	2313140	0.63
2024-06-26 11:00:00	1655250	1039647	2694897	0.63
2024-06-26 11:30:00	1806644	1137622	2944266	0.63
2024-06-26 12:00:00	1955431	1251097	3206528	0.64
2024-06-26 12:30:00	2057632	1351426	3409058	0.66
2024-06-26 13:00:00	2278313	1455453	3733766	0.64
2024-06-26 13:30:00	2444672	1551819	3996491	0.63
2024-06-26 14:00:00	2646708	1667994	4314702	0.63
2024-06-26 14:30:00	2803873	1836733	4640606	0.66
2024-06-26 15:00:00	3081065	2086203	5167268	0.68
2024-06-26 15:15:00	3128480	2160675	5289155	0.69
2024-06-25 09:00:00	349280	369909	719189	1.06
2024-06-25 09:30:00	603900	549826	1153726	0.91
2024-06-25 10:00:00	776272	677527	1453799	0.87
2024-06-25 10:30:00	970148	844142	1814290	0.87
2024-06-25 11:00:00	1119701	955131	2074832	0.85
2024-06-25 11:30:00	1252710	1071883	2324593	0.86
2024-06-25 12:00:00	1376863	1187239	2564102	0.86
2024-06-25 12:30:00	1573620	1310387	2884007	0.83
2024-06-25 13:00:00	1671016	1385949	3056965	0.83
2024-06-25 13:30:00	1782930	1524142	3307072	0.85
2024-06-25 14:00:00	1916622	1626918	3543540	0.85
2024-06-25 14:30:00	2070098	1752828	3822926	0.85
2024-06-25 15:00:00	2285165	1947743	4232908	0.85
2024-06-25 15:15:00	2326210	2005097	4331307	0.86
2024-06-24 09:00:00	353586	347064	700650	0.98
2024-06-24 09:30:00	684050	659305	1343355	0.96
2024-06-24 10:00:00	977179	862753	1839932	0.88
2024-06-24 10:30:00	1154499	1044694	2199193	0.9
2024-06-24 11:00:00	1292360	1196050	2488410	0.93
2024-06-24 11:30:00	1414617	1285113	2699730	0.91
2024-06-24 12:00:00	1538676	1409127	2947803	0.92
2024-06-24 12:30:00	1676558	1562891	3239449	0.93
2024-06-24 13:00:00	1793710	1672093	3465803	0.93
2024-06-24 13:30:00	1922876	1785061	3707937	0.93
2024-06-24 14:00:00	2065781	1932484	3998265	0.94
2024-06-24 14:30:00	2191241	2059158	4250399	0.94
2024-06-24 15:00:00	2423557	2317922	4741479	0.96
2024-06-24 15:15:00	2486920	2395009	4881929	0.96
2024-06-21 09:00:00	634519	582187	1216706	0.92
2024-06-21 09:30:00	1126342	1053575	2179917	0.94
2024-06-21 10:00:00	1499074	1351673	2850747	0.9
2024-06-21 10:30:00	1808011	1621157	3429168	0.9
2024-06-21 11:00:00	2118116	1888565	4006681	0.89
2024-06-21 11:30:00	2363480	2089805	4453285	0.88
2024-06-21 12:00:00	2583669	2260567	4844236	0.87
2024-06-21 12:30:00	2828273	2463327	5291600	0.87
2024-06-21 13:00:00	3143061	2673467	5816528	0.85
2024-06-21 13:30:00	3451145	2860975	6312120	0.83
2024-06-21 14:00:00	3677177	3073266	6750443	0.84
2024-06-21 14:30:00	3926202	3322489	7248691	0.85
2024-06-21 15:00:00	4385612	3730600	8116212	0.85
2024-06-21 15:15:00	4439951	3827578	8267529	0.86
2024-06-20 09:00:00	574264	469251	1043515	0.82
2024-06-20 09:30:00	1171055	844138	2015193	0.72
2024-06-20 10:00:00	1442272	1126645	2568917	0.78
2024-06-20 10:30:00	1926706	1383053	3309759	0.72
2024-06-20 11:00:00	2126214	1592225	3718439	0.75
2024-06-20 11:30:00	2334958	1759184	4094142	0.75
2024-06-20 12:00:00	2577292	1982755	4560047	0.77
2024-06-20 12:30:00	2797359	2233117	5030476	0.8
2024-06-20 13:00:00	2988329	2419865	5408194	0.81
2024-06-20 13:30:00	3160861	2590638	5751499	0.82
2024-06-20 14:00:00	3306563	2744470	6051033	0.83
2024-06-20 14:30:00	3563752	2945400	6509152	0.83
2024-06-20 15:00:00	3872981	3330191	7203172	0.86
2024-06-20 15:15:00	3929844	3425546	7355390	0.87
2024-06-18 09:00:00	473864	512501	986365	1.08
2024-06-18 09:30:00	803873	795140	1599013	0.99
2024-06-18 10:00:00	1222738	1077548	2300286	0.88
2024-06-18 10:30:00	1624452	1310935	2935387	0.81
2024-06-18 11:00:00	1812301	1451532	3263833	0.8
2024-06-18 11:30:00	2034354	1590257	3624611	0.78
2024-06-18 12:00:00	2204762	1755932	3960694	0.8
2024-06-18 12:30:00	2373289	1904253	4277542	0.8
2024-06-18 13:00:00	2631208	2051424	4682632	0.78
2024-06-18 13:30:00	2841578	2240195	5081773	0.79
2024-06-18 14:00:00	3004957	2393989	5398946	0.8
2024-06-18 14:30:00	3197938	2582753	5780691	0.81
2024-06-18 15:00:00	3498856	2849453	6348309	0.81
2024-06-18 15:15:00	3566217	2949909	6516126	0.83
2024-06-17 09:00:00	363561	349162	712723	0.96
2024-06-17 09:30:00	672828	621453	1294281	0.92
2024-06-17 10:00:00	1045969	858370	1904339	0.82
2024-06-17 10:30:00	1466734	1083436	2550170	0.74
2024-06-17 11:00:00	1809964	1318768	3128732	0.73
2024-06-17 11:30:00	1964220	1509128	3473348	0.77
2024-06-17 12:00:00	2191396	1731242	3922638	0.79
2024-06-17 12:30:00	2391212	1949670	4340882	0.82
2024-06-17 13:00:00	2682091	2152982	4835073	0.8
2024-06-17 13:30:00	3009773	2410708	5420481	0.8
2024-06-17 14:00:00	3232746	2619857	5852603	0.81
2024-06-17 14:30:00	3540082	2988175	6528257	0.84
2024-06-17 15:00:00	3943831	3438901	7382732	0.87
2024-06-17 15:15:00	4004621	3531047	7535668	0.88
2024-06-14 09:00:00	632238	566782	1199020	0.9
2024-06-14 09:30:00	1237901	1016336	2254237	0.82
2024-06-14 10:00:00	1689447	1424837	3114284	0.84
2024-06-14 10:30:00	1978612	1670647	3649259	0.84
2024-06-14 11:00:00	2263399	2226304	4489703	0.98
2024-06-14 11:30:00	2545035	2655456	5200491	1.04
2024-06-14 12:00:00	2783040	2845654	5628694	1.02
2024-06-14 12:30:00	3111097	3079969	6191066	0.99
2024-06-14 13:00:00	3362909	3269633	6632542	0.97
2024-06-14 13:30:00	3585605	3474924	7060529	0.97
2024-06-14 14:00:00	3942451	3706721	7649172	0.94
2024-06-14 14:30:00	4336469	4055166	8391635	0.94
2024-06-14 15:00:00	4834069	4462863	9296932	0.92
2024-06-14 15:15:00	4913872	4605636	9519508	0.94
2024-06-13 09:00:00	582229	458898	1041127	0.79
2024-06-13 09:30:00	905003	848382	1753385	0.94
2024-06-13 10:00:00	1212333	1130351	2342684	0.93
2024-06-13 10:30:00	1532434	1311045	2843479	0.86
2024-06-13 11:00:00	1774820	1469591	3244411	0.83
2024-06-13 11:30:00	1971752	1633799	3605551	0.83
2024-06-13 12:00:00	2238068	1794980	4033048	0.8
2024-06-13 12:30:00	2382989	1919279	4302268	0.81
2024-06-13 13:00:00	2513342	2010086	4523428	0.8
2024-06-13 13:30:00	2642817	2119448	4762265	0.8
2024-06-13 14:00:00	2791135	2245031	5036166	0.8
2024-06-13 14:30:00	3015199	2934012	5949211	0.97
2024-06-13 15:00:00	3313593	3393755	6707348	1.02
2024-06-13 15:15:00	3366879	3474460	6841339	1.03
2024-06-12 09:00:00	785397	538047	1323444	0.69
2024-06-12 09:30:00	1261082	849886	2110968	0.67
2024-06-12 10:00:00	1724969	1170596	2895565	0.68
2024-06-12 10:30:00	2046276	1474724	3521000	0.72
2024-06-12 11:00:00	2268529	1722001	3990530	0.76
2024-06-12 11:30:00	2531939	1876972	4408911	0.74
2024-06-12 12:00:00	2702300	2053936	4756236	0.76
2024-06-12 12:30:00	2913019	2218818	5131837	0.76
2024-06-12 13:00:00	3097301	2374616	5471917	0.77
2024-06-12 13:30:00	3297582	2532568	5830150	0.77
2024-06-12 14:00:00	3519368	2719589	6238957	0.77
2024-06-12 14:30:00	3798938	2975279	6774217	0.78
2024-06-12 15:00:00	4183676	3311353	7495029	0.79
2024-06-12 15:15:00	4250675	3403566	7654241	0.8
2024-06-11 09:00:00	362470	306764	669234	0.85
2024-06-11 09:30:00	709193	621327	1330520	0.88
2024-06-11 10:00:00	953013	807117	1760130	0.85
2024-06-11 10:30:00	1125348	953995	2079343	0.85
2024-06-11 11:00:00	1313123	1117890	2431013	0.85
2024-06-11 11:30:00	1465137	1241478	2706615	0.85
2024-06-11 12:00:00	1603045	1340085	2943130	0.84
2024-06-11 12:30:00	1728336	1427977	3156313	0.83
2024-06-11 13:00:00	1839168	1523501	3362669	0.83
2024-06-11 13:30:00	2042388	1665127	3707515	0.82
2024-06-11 14:00:00	2223776	1859704	4083480	0.84
2024-06-11 14:30:00	2405533	2040871	4446404	0.85
2024-06-11 15:00:00	2714826	2286579	5001405	0.84
2024-06-11 15:15:00	2783371	2368951	5152322	0.85
2024-06-10 09:00:00	356003	361625	717628	1.02
2024-06-10 09:30:00	620519	561326	1181845	0.9
2024-06-10 10:00:00	850264	708397	1558661	0.83
2024-06-10 10:30:00	1030326	875045	1905371	0.85
2024-06-10 11:00:00	1216040	1068548	2284588	0.88
2024-06-10 11:30:00	1421884	1185851	2607735	0.83
2024-06-10 12:00:00	1542537	1309977	2852514	0.85
2024-06-10 12:30:00	1665854	1412698	3078552	0.85
2024-06-10 13:00:00	1802122	1538855	3340977	0.85
2024-06-10 13:30:00	1955768	1667332	3623100	0.85
2024-06-10 14:00:00	2092408	1788668	3881076	0.85
2024-06-10 14:30:00	2333913	1983710	4317623	0.85
2024-06-10 15:00:00	2556879	2236603	4793482	0.87
2024-06-10 15:15:00	2583157	2306333	4889490	0.89
2024-06-07 09:00:00	547043	439668	986711	0.8
2024-06-07 09:30:00	925217	766727	1691944	0.83
2024-06-07 10:00:00	1554657	1111031	2665688	0.71
2024-06-07 10:30:00	1886062	1406631	3292693	0.75
2024-06-07 11:00:00	2089959	1627771	3717730	0.78
2024-06-07 11:30:00	2287277	1798175	4085452	0.79
2024-06-07 12:00:00	2535121	2002812	4537933	0.79
2024-06-07 12:30:00	2755601	2185270	4940871	0.79
2024-06-07 13:00:00	2954345	2364101	5318446	0.8
2024-06-07 13:30:00	3294366	2724586	6018952	0.83
2024-06-07 14:00:00	3537303	2917836	6455139	0.82
2024-06-07 14:30:00	3816286	3185299	7001585	0.83
2024-06-07 15:00:00	4241597	3580734	7822331	0.84
2024-06-07 15:15:00	4284574	3652313	7936887	0.85
2024-06-06 09:00:00	427931	1085309	1513240	2.54
2024-06-06 09:30:00	673298	1351145	2024443	2.01
2024-06-06 10:00:00	860344	1489456	2349800	1.73
2024-06-06 10:30:00	1097773	1623686	2721459	1.48
2024-06-06 11:00:00	1372321	1744869	3117190	1.27
2024-06-06 11:30:00	1530390	1881684	3412074	1.23
2024-06-06 12:00:00	1914003	2014715	3928718	1.05
2024-06-06 12:30:00	2108056	2129184	4237240	1.01
2024-06-06 13:00:00	2293011	2264630	4557641	0.99
2024-06-06 13:30:00	2443783	2399530	4843313	0.98
2024-06-06 14:00:00	2602190	2524772	5126962	0.97
2024-06-06 14:30:00	2809973	2676693	5486666	0.95
2024-06-06 15:00:00	3062157	2970970	6033127	0.97
2024-06-06 15:15:00	3099009	3028377	6127386	0.98
2024-06-05 09:00:00	360216	364267	724483	1.01
2024-06-05 09:30:00	601726	590864	1192590	0.98
2024-06-05 10:00:00	963268	781367	1744635	0.81
2024-06-05 10:30:00	1212421	971365	2183786	0.8
2024-06-05 11:00:00	1385236	1128077	2513313	0.81
2024-06-05 11:30:00	1555941	1251988	2807929	0.8
2024-06-05 12:00:00	1699600	1357084	3056684	0.8
2024-06-05 12:30:00	1827407	1493027	3320434	0.82
2024-06-05 13:00:00	1946871	1593355	3540226	0.82
2024-06-05 13:30:00	2118845	1761895	3880740	0.83
2024-06-05 14:00:00	2289011	1948671	4237682	0.85
2024-06-05 14:30:00	2474064	2189301	4663365	0.88
2024-06-05 15:00:00	2766597	2474063	5240660	0.89
2024-06-05 15:15:00	2825992	2631276	5457268	0.93
2024-06-04 09:00:00	296993	243979	540972	0.82
2024-06-04 09:30:00	509798	433741	943539	0.85
2024-06-04 10:00:00	754680	645858	1400538	0.86
2024-06-04 10:30:00	903974	839397	1743371	0.93
2024-06-04 11:00:00	1013134	938686	1951820	0.93
2024-06-04 11:30:00	1124928	1066499	2191427	0.95
2024-06-04 12:00:00	1230107	1189844	2419951	0.97
2024-06-04 12:30:00	1336344	1284663	2621007	0.96
2024-06-04 13:00:00	1454905	1373494	2828399	0.94
2024-06-04 13:30:00	1644144	1521629	3165773	0.93
2024-06-04 14:00:00	1786676	1647181	3433857	0.92
2024-06-04 14:30:00	1975703	1830653	3806356	0.93
2024-06-04 15:00:00	2183433	2027134	4210567	0.93
2024-06-04 15:15:00	2236407	2078110	4314517	0.93
2024-06-03 09:00:00	836355	532681	1369036	0.64
2024-06-03 09:30:00	1200178	809915	2010093	0.67
2024-06-03 10:00:00	1611346	1163228	2774574	0.72
2024-06-03 10:30:00	1823762	1426396	3250158	0.78
2024-06-03 11:00:00	1985264	1579555	3564819	0.8
2024-06-03 11:30:00	2219471	1881217	4100688	0.85
2024-06-03 12:00:00	2424986	2086229	4511215	0.86
2024-06-03 12:30:00	2671557	2341951	5013508	0.88
2024-06-03 13:00:00	2893059	2536162	5429221	0.88
2024-06-03 13:30:00	3078223	2709467	5787690	0.88
2024-06-03 14:00:00	3324358	2887015	6211373	0.87
2024-06-03 14:30:00	3523051	3070478	6593529	0.87
2024-06-03 15:00:00	3848129	3367383	7215512	0.88
2024-06-03 15:15:00	3902704	3436933	7339637	0.88
2024-05-31 09:00:00	507770	459795	967565	0.91
2024-05-31 09:30:00	960099	854725	1814824	0.89
2024-05-31 10:00:00	1340818	1220669	2561487	0.91
2024-05-31 10:30:00	1618843	1456050	3074893	0.9
2024-05-31 11:00:00	1906572	1701998	3608570	0.89
2024-05-31 11:30:00	2263409	2118047	4381456	0.94
2024-05-31 12:00:00	2575986	2469966	5045952	0.96
2024-05-31 12:30:00	2786371	2676023	5462394	0.96
2024-05-31 13:00:00	2971961	2863537	5835498	0.96
2024-05-31 13:30:00	3146620	3046770	6193390	0.97
2024-05-31 14:00:00	3366247	3282648	6648895	0.98
2024-05-31 14:30:00	3677944	3592209	7270153	0.98
2024-05-31 15:00:00	4289282	4105640	8394922	0.96
2024-05-31 15:15:00	4538521	4280125	8818646	0.94
2024-05-30 09:00:00	371825	301543	673368	0.81
2024-05-30 09:30:00	646387	544269	1190656	0.84
2024-05-30 10:00:00	890771	763112	1653883	0.86
2024-05-30 10:30:00	1065489	911419	1976908	0.86
2024-05-30 11:00:00	1212017	1020321	2232338	0.84
2024-05-30 11:30:00	1407444	1143518	2550962	0.81
2024-05-30 12:00:00	1533031	1238232	2771263	0.81
2024-05-30 12:30:00	1680276	1346457	3026733	0.8
2024-05-30 13:00:00	1822400	1454761	3277161	0.8
2024-05-30 13:30:00	1982979	1603301	3586280	0.81
2024-05-30 14:00:00	2116530	1713585	3830115	0.81
2024-05-30 14:30:00	2317289	2203160	4520449	0.95
2024-05-30 15:00:00	2663179	2663883	5327062	1.0
2024-05-30 15:15:00	2737979	2748419	5486398	1.0
2024-05-29 09:00:00	431869	360673	792542	0.84
2024-05-29 09:30:00	651761	584505	1236266	0.9
2024-05-29 10:00:00	835157	757169	1592326	0.91
2024-05-29 10:30:00	987155	914052	1901207	0.93
2024-05-29 11:00:00	1096268	1013568	2109836	0.92
2024-05-29 11:30:00	1212965	1147985	2360950	0.95
2024-05-29 12:00:00	1373642	1241792	2615434	0.9
2024-05-29 12:30:00	1470347	1349323	2819670	0.92
2024-05-29 13:00:00	1561971	1470503	3032474	0.94
2024-05-29 13:30:00	1657461	1556682	3214143	0.94
2024-05-29 14:00:00	1841280	1700581	3541861	0.92
2024-05-29 14:30:00	1988703	1842063	3830766	0.93
2024-05-29 15:00:00	2231901	2142727	4374628	0.96
2024-05-29 15:15:00	2289154	2215176	4504330	0.97
2024-05-28 09:00:00	407177	329820	736997	0.81
2024-05-28 09:30:00	653827	513944	1167771	0.79
2024-05-28 10:00:00	880144	671889	1552033	0.76
2024-05-28 10:30:00	1244578	848262	2092840	0.68
2024-05-28 11:00:00	1368403	969699	2338102	0.71
2024-05-28 11:30:00	1512959	1095674	2608633	0.72
2024-05-28 12:00:00	1636263	1181333	2817596	0.72
2024-05-28 12:30:00	1782263	1277589	3059852	0.72
2024-05-28 13:00:00	1910154	1384396	3294550	0.72
2024-05-28 13:30:00	2040189	1520388	3560577	0.75
2024-05-28 14:00:00	2225991	1713520	3939511	0.77
2024-05-28 14:30:00	2344329	1833938	4178267	0.78
2024-05-28 15:00:00	2566167	2078092	4644259	0.81
2024-05-28 15:15:00	2620697	2167841	4788538	0.83
2024-05-24 09:00:00	476750	475411	952161	1.0
2024-05-24 09:30:00	875506	789049	1664555	0.9
2024-05-24 10:00:00	1168732	1119997	2288729	0.96
2024-05-24 10:30:00	1502391	1452156	2954547	0.97
2024-05-24 11:00:00	1714029	1686155	3400184	0.98
2024-05-24 11:30:00	1893523	1871317	3764840	0.99
2024-05-24 12:00:00	2042346	2030803	4073149	0.99
2024-05-24 12:30:00	2223508	2197828	4421336	0.99
2024-05-24 13:00:00	2389263	2377236	4766499	0.99
2024-05-24 13:30:00	2587047	2573231	5160278	0.99
2024-05-24 14:00:00	2897277	2769699	5666976	0.96
2024-05-24 14:30:00	3162876	3070311	6233187	0.97
2024-05-24 15:00:00	3480896	3444560	6925456	0.99
2024-05-24 15:15:00	3547642	3569739	7117381	1.01
2024-05-23 09:00:00	435339	384422	819761	0.88
2024-05-23 09:30:00	727958	608700	1336658	0.84
2024-05-23 10:00:00	1099960	812271	1912231	0.74
2024-05-23 10:30:00	1308081	1012734	2320815	0.77
2024-05-23 11:00:00	1524970	1157251	2682221	0.76
2024-05-23 11:30:00	1664094	1256447	2920541	0.76
2024-05-23 12:00:00	1805931	1384380	3190311	0.77
2024-05-23 12:30:00	1933336	1496141	3429477	0.77
2024-05-23 13:00:00	2144512	1796541	3941053	0.84
2024-05-23 13:30:00	2384434	2004772	4389206	0.84
2024-05-23 14:00:00	2617899	2240821	4858720	0.86
2024-05-23 14:30:00	2930266	2464107	5394373	0.84
2024-05-23 15:00:00	3314870	2779042	6093912	0.84
2024-05-23 15:15:00	3396673	2849778	6246451	0.84
2024-05-22 09:00:00	370021	388410	758431	1.05
2024-05-22 09:30:00	689629	540055	1229684	0.78
2024-05-22 10:00:00	884859	681854	1566713	0.77
2024-05-22 10:30:00	1165722	807305	1973027	0.69
2024-05-22 11:00:00	1309089	921133	2230222	0.7
2024-05-22 11:30:00	1438189	1051953	2490142	0.73
2024-05-22 12:00:00	1616493	1170919	2787412	0.72
2024-05-22 12:30:00	1749342	1255539	3004881	0.72
2024-05-22 13:00:00	1959294	1391436	3350730	0.71
2024-05-22 13:30:00	2157147	1573905	3731052	0.73
2024-05-22 14:00:00	2387726	1701100	4088826	0.71
2024-05-22 14:30:00	2552445	1863671	4416116	0.73
2024-05-22 15:00:00	2857771	2122577	4980348	0.74
2024-05-22 15:15:00	2902369	2199221	5101590	0.76
2024-05-21 09:00:00	304495	239956	544451	0.79
2024-05-21 09:30:00	506781	478232	985013	0.94
2024-05-21 10:00:00	722447	629502	1351949	0.87
2024-05-21 10:30:00	912785	754418	1667203	0.83
2024-05-21 11:00:00	1143545	916311	2059856	0.8
2024-05-21 11:30:00	1251578	1005830	2257408	0.8
2024-05-21 12:00:00	1436275	1123505	2559780	0.78
2024-05-21 12:30:00	1547591	1205685	2753276	0.78
2024-05-21 13:00:00	1658010	1299756	2957766	0.78
2024-05-21 13:30:00	1789314	1405425	3194739	0.79
2024-05-21 14:00:00	1903477	1524127	3427604	0.8
2024-05-21 14:30:00	2248977	1678048	3927025	0.75
2024-05-21 15:00:00	2555916	1952182	4508098	0.76
2024-05-21 15:15:00	2606291	2017327	4623618	0.77
2024-05-20 09:00:00	425474	338295	763769	0.8
2024-05-20 09:30:00	689712	603777	1293489	0.88
2024-05-20 10:00:00	884419	816811	1701230	0.92
2024-05-20 10:30:00	1232592	1495731	2728323	1.21
2024-05-20 11:00:00	1406314	1639144	3045458	1.17
2024-05-20 11:30:00	1548789	1786803	3335592	1.15
2024-05-20 12:00:00	1675313	1879263	3554576	1.12
2024-05-20 12:30:00	1873580	2018773	3892353	1.08
2024-05-20 13:00:00	2036974	2132493	4169467	1.05
2024-05-20 13:30:00	2230010	2258755	4488765	1.01
2024-05-20 14:00:00	2340099	2384992	4725091	1.02
2024-05-20 14:30:00	2496530	2563785	5060315	1.03
2024-05-20 15:00:00	2770098	2825677	5595775	1.02
2024-05-20 15:15:00	2810964	2879406	5690370	1.02
2024-05-17 09:00:00	547218	482032	1029250	0.88
2024-05-17 09:30:00	1008164	855464	1863628	0.85
2024-05-17 10:00:00	1401327	1124987	2526314	0.8
2024-05-17 10:30:00	1795761	1368753	3164514	0.76
2024-05-17 11:00:00	2036111	1584329	3620440	0.78
2024-05-17 11:30:00	2246910	1747875	3994785	0.78
2024-05-17 12:00:00	2470143	1967359	4437502	0.8
2024-05-17 12:30:00	2639547	2123121	4762668	0.8
2024-05-17 13:00:00	2963286	2291530	5254816	0.77
2024-05-17 13:30:00	3280949	2651140	5932089	0.81
2024-05-17 14:00:00	3570520	2897864	6468384	0.81
2024-05-17 14:30:00	3845342	3177162	7022504	0.83
2024-05-17 15:00:00	4373181	3575507	7948688	0.82
2024-05-17 15:15:00	4406216	3671704	8077920	0.83
2024-05-16 09:00:00	433813	360589	794402	0.83
2024-05-16 09:30:00	872096	678626	1550722	0.78
2024-05-16 10:00:00	1314342	899880	2214222	0.68
2024-05-16 10:30:00	1630701	1078869	2709570	0.66
2024-05-16 11:00:00	1850827	1255654	3106481	0.68
2024-05-16 11:30:00	2042170	1418330	3460500	0.69
2024-05-16 12:00:00	2230563	1565760	3796323	0.7
2024-05-16 12:30:00	2400088	1687795	4087883	0.7
2024-05-16 13:00:00	2542338	1845829	4388167	0.73
2024-05-16 13:30:00	2683965	1989560	4673525	0.74
2024-05-16 14:00:00	2822303	2163486	4985789	0.77
2024-05-16 14:30:00	2990978	2311494	5302472	0.77
2024-05-16 15:00:00	3259229	2622565	5881794	0.8
2024-05-16 15:15:00	3307728	2682367	5990095	0.81
2024-05-15 09:00:00	591954	496477	1088431	0.84
2024-05-15 09:30:00	920731	1167431	2088162	1.27
2024-05-15 10:00:00	1266181	1470437	2736618	1.16
2024-05-15 10:30:00	1758088	1780061	3538149	1.01
2024-05-15 11:00:00	2269423	2101243	4370666	0.93
2024-05-15 11:30:00	2523821	2327607	4851428	0.92
2024-05-15 12:00:00	2718099	2493322	5211421	0.92
2024-05-15 12:30:00	2937748	2651169	5588917	0.9
2024-05-15 13:00:00	3381626	2874573	6256199	0.85
2024-05-15 13:30:00	3659514	3083446	6742960	0.84
2024-05-15 14:00:00	3894914	3262551	7157465	0.84
2024-05-15 14:30:00	4184939	3487795	7672734	0.83
2024-05-15 15:00:00	4526282	3824753	8351035	0.85
2024-05-15 15:15:00	4576886	3922099	8498985	0.86
2024-05-14 09:00:00	443584	290387	733971	0.65
2024-05-14 09:30:00	782334	516534	1298868	0.66
2024-05-14 10:00:00	1024666	807711	1832377	0.79
2024-05-14 10:30:00	1244293	1018408	2262701	0.82
2024-05-14 11:00:00	1390998	1172502	2563500	0.84
2024-05-14 11:30:00	1537995	1261010	2799005	0.82
2024-05-14 12:00:00	1689694	1362102	3051796	0.81
2024-05-14 12:30:00	1824249	1457417	3281666	0.8
2024-05-14 13:00:00	1954188	1577906	3532094	0.81
2024-05-14 13:30:00	2095014	1723761	3818775	0.82
2024-05-14 14:00:00	2323476	1948370	4271846	0.84
2024-05-14 14:30:00	2587677	2156529	4744206	0.83
2024-05-14 15:00:00	2949751	2470013	5419764	0.84
2024-05-14 15:15:00	3014764	2543767	5558531	0.84
2024-05-13 09:00:00	446454	325201	771655	0.73
2024-05-13 09:30:00	731415	684645	1416060	0.94
2024-05-13 10:00:00	958000	914281	1872281	0.95
2024-05-13 10:30:00	1145317	1081601	2226918	0.94
2024-05-13 11:00:00	1278854	1205443	2484297	0.94
2024-05-13 11:30:00	1499710	1310669	2810379	0.87
2024-05-13 12:00:00	1662838	1448624	3111462	0.87
2024-05-13 12:30:00	1850856	1583174	3434030	0.86
2024-05-13 13:00:00	1988117	1678681	3666798	0.84
2024-05-13 13:30:00	2098772	1776445	3875217	0.85
2024-05-13 14:00:00	2277124	1902785	4179909	0.84
2024-05-13 14:30:00	2405871	2056513	4462384	0.85
2024-05-13 15:00:00	2629307	2278937	4908244	0.87
2024-05-13 15:15:00	2685874	2435766	5121640	0.91
2024-05-10 09:00:00	597803	462648	1060451	0.77
2024-05-10 09:30:00	1078282	859701	1937983	0.8
2024-05-10 10:00:00	1470132	1244218	2714350	0.85
2024-05-10 10:30:00	1772272	1500838	3273110	0.85
2024-05-10 11:00:00	2037851	1769686	3807537	0.87
2024-05-10 11:30:00	2278178	1966628	4244806	0.86
2024-05-10 12:00:00	2506533	2201947	4708480	0.88
2024-05-10 12:30:00	2674256	2356196	5030452	0.88
2024-05-10 13:00:00	2874400	2521595	5395995	0.88
2024-05-10 13:30:00	3044848	2700449	5745297	0.89
2024-05-10 14:00:00	3284864	2908951	6193815	0.89
2024-05-10 14:30:00	3538727	3154555	6693282	0.89
2024-05-10 15:00:00	3894091	3566764	7460855	0.92
2024-05-10 15:15:00	3929735	3642816	7572551	0.93
2024-05-09 09:00:00	410821	317581	728402	0.77
2024-05-09 09:30:00	703716	535292	1239008	0.76
2024-05-09 10:00:00	923802	752115	1675917	0.81
2024-05-09 10:30:00	1227359	932845	2160204	0.76
2024-05-09 11:00:00	1390884	1102873	2493757	0.79
2024-05-09 11:30:00	1523207	1199524	2722731	0.79
2024-05-09 12:00:00	1639989	1297531	2937520	0.79
2024-05-09 12:30:00	1794848	1422720	3217568	0.79
2024-05-09 13:00:00	1906579	1544294	3450873	0.81
2024-05-09 13:30:00	2034676	1643992	3678668	0.81
2024-05-09 14:00:00	2185711	1776628	3962339	0.81
2024-05-09 14:30:00	2450017	1950418	4400435	0.8
2024-05-09 15:00:00	2745049	2252809	4997858	0.82
2024-05-09 15:15:00	2793128	2371308	5164436	0.85
2024-05-08 09:00:00	390429	356397	746826	0.91
2024-05-08 09:30:00	676229	568531	1244760	0.84
2024-05-08 10:00:00	862047	756713	1618760	0.88
2024-05-08 10:30:00	992475	870855	1863330	0.88
2024-05-08 11:00:00	1104291	1010610	2114901	0.92
2024-05-08 11:30:00	1194967	1101189	2296156	0.92
2024-05-08 12:00:00	1287984	1184137	2472121	0.92
2024-05-08 12:30:00	1441775	1284656	2726431	0.89
2024-05-08 13:00:00	1553921	1401515	2955436	0.9
2024-05-08 13:30:00	1676647	1509689	3186336	0.9
2024-05-08 14:00:00	1784196	1626809	3411005	0.91
2024-05-08 14:30:00	1962605	1823743	3786348	0.93
2024-05-08 15:00:00	2199870	2075062	4274932	0.94
2024-05-08 15:15:00	2252226	2141362	4393588	0.95
2024-05-07 09:00:00	426438	353691	780129	0.83
2024-05-07 09:30:00	664356	686289	1350645	1.03
2024-05-07 10:00:00	890569	896705	1787274	1.01
2024-05-07 10:30:00	1164794	1140838	2305632	0.98
2024-05-07 11:00:00	1332528	1321834	2654362	0.99
2024-05-07 11:30:00	1543527	1446695	2990222	0.94
2024-05-07 12:00:00	1719665	1693010	3412675	0.98
2024-05-07 12:30:00	1953472	1853376	3806848	0.95
2024-05-07 13:00:00	2107280	2017008	4124288	0.96
2024-05-07 13:30:00	2257240	2226085	4483325	0.99
2024-05-07 14:00:00	2401362	2401148	4802510	1.0
2024-05-07 14:30:00	2619924	2534224	5154148	0.97
2024-05-07 15:00:00	2844538	2779685	5624223	0.98
2024-05-07 15:15:00	2880854	2839045	5719899	0.99
2024-05-06 09:00:00	477764	1050712	1528476	2.2
2024-05-06 09:30:00	761275	1669127	2430402	2.19
2024-05-06 10:00:00	994615	1898688	2893303	1.91
2024-05-06 10:30:00	1277030	2235878	3512908	1.75
2024-05-06 11:00:00	1410839	2384815	3795654	1.69
2024-05-06 11:30:00	1611180	2539867	4151047	1.58
2024-05-06 12:00:00	1722799	2658619	4381418	1.54
2024-05-06 12:30:00	1877131	2830695	4707826	1.51
2024-05-06 13:00:00	2025073	2931023	4956096	1.45
2024-05-06 13:30:00	2172923	3088293	5261216	1.42
2024-05-06 14:00:00	2311318	3284304	5595622	1.42
2024-05-06 14:30:00	2517732	3487862	6005594	1.39
2024-05-06 15:00:00	2781856	3807164	6589020	1.37
2024-05-06 15:15:00	2910666	3974577	6885243	1.37
2024-05-03 09:00:00	858663	653337	1512000	0.76
2024-05-03 09:30:00	1403317	1227610	2630927	0.87
2024-05-03 10:00:00	1950929	1725299	3676228	0.88
2024-05-03 10:30:00	2234795	1965505	4200300	0.88
2024-05-03 11:00:00	2591134	2263466	4854600	0.87
2024-05-03 11:30:00	2851645	2522697	5374342	0.88
2024-05-03 12:00:00	3046918	2744660	5791578	0.9
2024-05-03 12:30:00	3249852	2993158	6243010	0.92
2024-05-03 13:00:00	3509203	3287679	6796882	0.94
2024-05-03 13:30:00	3775213	3522637	7297850	0.93
2024-05-03 14:00:00	4031513	3745982	7777495	0.93
2024-05-03 14:30:00	4333169	4084257	8417426	0.94
2024-05-03 15:00:00	4738935	4452784	9191719	0.94
2024-05-03 15:15:00	4818588	4569405	9387993	0.95
2024-05-02 09:00:00	380097	319712	699809	0.84
2024-05-02 09:30:00	658394	643956	1302350	0.98
2024-05-02 10:00:00	869174	848472	1717646	0.98
2024-05-02 10:30:00	1032740	1004714	2037454	0.97
2024-05-02 11:00:00	1168594	1153206	2321800	0.99
2024-05-02 11:30:00	1275366	1257298	2532664	0.99
2024-05-02 12:00:00	1384443	1350203	2734646	0.98
2024-05-02 12:30:00	1530892	1586168	3117060	1.04
2024-05-02 13:00:00	1684362	1697667	3382029	1.01
2024-05-02 13:30:00	1876365	1810049	3686414	0.96
2024-05-02 14:00:00	2091434	2032543	4123977	0.97
2024-05-02 14:30:00	2324477	2229849	4554326	0.96
2024-05-02 15:00:00	2601105	2533948	5135053	0.97
2024-05-02 15:15:00	2642985	2590536	5233521	0.98
2024-05-01 09:00:00	372834	322376	695210	0.86
2024-05-01 09:30:00	598983	539536	1138519	0.9
2024-05-01 10:00:00	774191	692685	1466876	0.89
2024-05-01 10:30:00	973022	850890	1823912	0.87
2024-05-01 11:00:00	1102343	960891	2063234	0.87
2024-05-01 11:30:00	1213856	1119363	2333219	0.92
2024-05-01 12:00:00	1313083	1228823	2541906	0.94
2024-05-01 12:30:00	1445737	1356620	2802357	0.94
2024-05-01 13:00:00	1554318	1458857	3013175	0.94
2024-05-01 13:30:00	1695165	1591842	3287007	0.94
2024-05-01 14:00:00	2002314	1846798	3849112	0.92
2024-05-01 14:30:00	2283020	2104672	4387692	0.92
2024-05-01 15:00:00	2695931	2816282	5512213	1.04
2024-05-01 15:15:00	2755708	2894128	5649836	1.05
2024-04-30 09:00:00	304603	270709	575312	0.89
2024-04-30 09:30:00	547420	484966	1032386	0.89
2024-04-30 10:00:00	775371	642835	1418206	0.83
2024-04-30 10:30:00	1068365	837237	1905602	0.78
2024-04-30 11:00:00	1247343	993252	2240595	0.8
2024-04-30 11:30:00	1376085	1157733	2533818	0.84
2024-04-30 12:00:00	1577388	1319669	2897057	0.84
2024-04-30 12:30:00	1720449	1459156	3179605	0.85
2024-04-30 13:00:00	1850708	1569183	3419891	0.85
2024-04-30 13:30:00	1989970	1704840	3694810	0.86
2024-04-30 14:00:00	2107874	1829159	3937033	0.87
2024-04-30 14:30:00	2286331	1986282	4272613	0.87
2024-04-30 15:00:00	2582008	2251960	4833968	0.87
2024-04-30 15:15:00	2687621	2371947	5059568	0.88
2024-04-29 09:00:00	454415	360866	815281	0.79
2024-04-29 09:30:00	708547	561375	1269922	0.79
2024-04-29 10:00:00	964224	719180	1683404	0.75
2024-04-29 10:30:00	1226197	896059	2122256	0.73
2024-04-29 11:00:00	1380326	1075812	2456138	0.78
2024-04-29 11:30:00	1526961	1179081	2706042	0.77
2024-04-29 12:00:00	1636377	1289372	2925749	0.79
2024-04-29 12:30:00	1730881	1386528	3117409	0.8
2024-04-29 13:00:00	1829717	1499309	3329026	0.82
2024-04-29 13:30:00	1937530	1582316	3519846	0.82
2024-04-29 14:00:00	2084526	1711966	3796492	0.82
2024-04-29 14:30:00	2257709	1889829	4147538	0.84
2024-04-29 15:00:00	2461212	2123823	4585035	0.86
2024-04-29 15:15:00	2506023	2167271	4673294	0.86
2024-04-26 09:00:00	679042	542838	1221880	0.8
2024-04-26 09:30:00	1098837	989569	2088406	0.9
2024-04-26 10:00:00	1364879	1261711	2626590	0.92
2024-04-26 10:30:00	1692288	1581621	3273909	0.93
2024-04-26 11:00:00	1907576	1797022	3704598	0.94
2024-04-26 11:30:00	2110620	1952437	4063057	0.93
2024-04-26 12:00:00	2322449	2144663	4467112	0.92
2024-04-26 12:30:00	2539884	2328664	4868548	0.92
2024-04-26 13:00:00	2738181	2708210	5446391	0.99
2024-04-26 13:30:00	2935639	2894070	5829709	0.99
2024-04-26 14:00:00	3165919	3165029	6330948	1.0
2024-04-26 14:30:00	3446960	3445722	6892682	1.0
2024-04-26 15:00:00	3834661	3817514	7652175	1.0
2024-04-26 15:15:00	3888663	3929081	7817744	1.01
2024-04-25 09:00:00	528828	451987	980815	0.85
2024-04-25 09:30:00	863756	749316	1613072	0.87
2024-04-25 10:00:00	1149124	977989	2127113	0.85
2024-04-25 10:30:00	1299609	1119740	2419349	0.86
2024-04-25 11:00:00	1529710	1237380	2767090	0.81
2024-04-25 11:30:00	1676214	1355725	3031939	0.81
2024-04-25 12:00:00	1810099	1483959	3294058	0.82
2024-04-25 12:30:00	1928012	1601571	3529583	0.83
2024-04-25 13:00:00	2155474	1761937	3917411	0.82
2024-04-25 13:30:00	2309963	1881002	4190965	0.81
2024-04-25 14:00:00	2448554	2008310	4456864	0.82
2024-04-25 14:30:00	2643850	2180344	4824194	0.82
2024-04-25 15:00:00	2917996	2517543	5435539	0.86
2024-04-25 15:15:00	2989129	2619673	5608802	0.88
2024-04-24 09:00:00	460677	416934	877611	0.91
2024-04-24 09:30:00	752159	705311	1457470	0.94
2024-04-24 10:00:00	951248	885527	1836775	0.93
2024-04-24 10:30:00	1118517	1108152	2226669	0.99
2024-04-24 11:00:00	1253426	1258749	2512175	1.0
2024-04-24 11:30:00	1420189	1394840	2815029	0.98
2024-04-24 12:00:00	1528948	1501046	3029994	0.98
2024-04-24 12:30:00	1650747	1612506	3263253	0.98
2024-04-24 13:00:00	1873598	1724992	3598590	0.92
2024-04-24 13:30:00	2042699	1844849	3887548	0.9
2024-04-24 14:00:00	2225333	1974219	4199552	0.89
2024-04-24 14:30:00	2387794	2139638	4527432	0.9
2024-04-24 15:00:00	2635858	2361582	4997440	0.9
2024-04-24 15:15:00	2684420	2443433	5127853	0.91
2024-04-23 09:00:00	444602	386745	831347	0.87
2024-04-23 09:30:00	823964	747829	1571793	0.91
2024-04-23 10:00:00	1077753	973676	2051429	0.9
2024-04-23 10:30:00	1263346	1179506	2442852	0.93
2024-04-23 11:00:00	1429658	1313281	2742939	0.92
2024-04-23 11:30:00	1583961	1446153	3030114	0.91
2024-04-23 12:00:00	1723399	1572049	3295448	0.91
2024-04-23 12:30:00	1861634	1720641	3582275	0.92
2024-04-23 13:00:00	1970122	1873136	3843258	0.95
2024-04-23 13:30:00	2115022	2035411	4150433	0.96
2024-04-23 14:00:00	2256722	2221199	4477921	0.98
2024-04-23 14:30:00	2418374	2407461	4825835	1.0
2024-04-23 15:00:00	2700533	2742775	5443308	1.02
2024-04-23 15:15:00	2794822	2866484	5661306	1.03
2024-04-22 09:00:00	427381	441837	869218	1.03
2024-04-22 09:30:00	720570	715259	1435829	0.99
2024-04-22 10:00:00	974896	906717	1881613	0.93
2024-04-22 10:30:00	1205559	1155657	2361216	0.96
2024-04-22 11:00:00	1373268	1298534	2671802	0.95
2024-04-22 11:30:00	1603554	1467722	3071276	0.92
2024-04-22 12:00:00	1803737	1634223	3437960	0.91
2024-04-22 12:30:00	1986791	1780961	3767752	0.9
2024-04-22 13:00:00	2195962	1979583	4175545	0.9
2024-04-22 13:30:00	2381352	2172846	4554198	0.91
2024-04-22 14:00:00	2657161	2326197	4983358	0.88
2024-04-22 14:30:00	2800231	2493873	5294104	0.89
2024-04-22 15:00:00	3103763	2756824	5860587	0.89
2024-04-22 15:15:00	3208704	2849093	6057797	0.89
2024-04-19 09:00:00	560694	608747	1169441	1.09
2024-04-19 09:30:00	1058200	1082789	2140989	1.02
2024-04-19 10:00:00	1430451	1431945	2862396	1.0
2024-04-19 10:30:00	1678068	1705383	3383451	1.02
2024-04-19 11:00:00	1954162	1973563	3927725	1.01
2024-04-19 11:30:00	2327503	2485306	4812809	1.07
2024-04-19 12:00:00	2638672	2784304	5422976	1.06
2024-04-19 12:30:00	2883391	3015883	5899274	1.05
2024-04-19 13:00:00	3147669	3251535	6399204	1.03
2024-04-19 13:30:00	3360024	3532361	6892385	1.05
2024-04-19 14:00:00	3707775	3902717	7610492	1.05
2024-04-19 14:30:00	4013336	4249050	8262386	1.06
2024-04-19 15:00:00	4441759	4756115	9197874	1.07
2024-04-19 15:15:00	4511531	4907768	9419299	1.09
2024-04-18 09:00:00	420870	371723	792593	0.88
2024-04-18 09:30:00	693488	645131	1338619	0.93
2024-04-18 10:00:00	964372	907749	1872121	0.94
2024-04-18 10:30:00	1158212	1111223	2269435	0.96
2024-04-18 11:00:00	1556598	1548527	3105125	0.99
2024-04-18 11:30:00	1686732	1704270	3391002	1.01
2024-04-18 12:00:00	1891342	1874666	3766008	0.99
2024-04-18 12:30:00	2080942	2122603	4203545	1.02
2024-04-18 13:00:00	2278685	2279942	4558627	1.0
2024-04-18 13:30:00	2445500	2473829	4919329	1.01
2024-04-18 14:00:00	2563929	2637418	5201347	1.03
2024-04-18 14:30:00	2735167	2819496	5554663	1.03
2024-04-18 15:00:00	2991404	3083775	6075179	1.03
2024-04-18 15:15:00	3066294	3169902	6236196	1.03
2024-04-17 09:00:00	442420	384188	826608	0.87
2024-04-17 09:30:00	713733	654231	1367964	0.92
2024-04-17 10:00:00	1029470	957848	1987318	0.93
2024-04-17 10:30:00	1281341	1154138	2435479	0.9
2024-04-17 11:00:00	1487398	1396954	2884352	0.94
2024-04-17 11:30:00	1742316	1627431	3369747	0.93
2024-04-17 12:00:00	1987706	1889937	3877643	0.95
2024-04-17 12:30:00	2168928	2103164	4272092	0.97
2024-04-17 13:00:00	2318117	2333724	4651841	1.01
2024-04-17 13:30:00	2458103	2446446	4904549	1.0
2024-04-17 14:00:00	2595637	2618622	5214259	1.01
2024-04-17 14:30:00	2780848	2788161	5569009	1.0
2024-04-17 15:00:00	3016200	3755632	6771832	1.25
2024-04-17 15:15:00	3075254	4221088	7296342	1.37
2024-04-16 09:00:00	924757	482476	1407233	0.52
2024-04-16 09:30:00	1348573	807369	2155942	0.6
2024-04-16 10:00:00	1620595	1062285	2682880	0.66
2024-04-16 10:30:00	1860952	1279656	3140608	0.69
2024-04-16 11:00:00	2034896	1504425	3539321	0.74
2024-04-16 11:30:00	2211574	1618742	3830316	0.73
2024-04-16 12:00:00	2325985	1750850	4076835	0.75
2024-04-16 12:30:00	2477744	1884214	4361958	0.76
2024-04-16 13:00:00	2640813	2028914	4669727	0.77
2024-04-16 13:30:00	2872156	2234046	5106202	0.78
2024-04-16 14:00:00	3066550	2360684	5427234	0.77
2024-04-16 14:30:00	3306466	2516405	5822871	0.76
2024-04-16 15:00:00	3622838	2799578	6422416	0.77
2024-04-16 15:15:00	3707940	2866967	6574907	0.77
2024-04-15 09:00:00	502558	398010	900568	0.79
2024-04-15 09:30:00	1202120	809120	2011240	0.67
2024-04-15 10:00:00	1485864	1044384	2530248	0.7
2024-04-15 10:30:00	1694468	1271891	2966359	0.75
2024-04-15 11:00:00	1876822	1447883	3324705	0.77
2024-04-15 11:30:00	1980277	1579106	3559383	0.8
2024-04-15 12:00:00	2155198	1732041	3887239	0.8
2024-04-15 12:30:00	2360222	1902964	4263186	0.81
2024-04-15 13:00:00	2690848	2200325	4891173	0.82
2024-04-15 13:30:00	2984220	2480588	5464808	0.83
2024-04-15 14:00:00	3243877	2707028	5950905	0.83
2024-04-15 14:30:00	3493667	2971293	6464960	0.85
2024-04-15 15:00:00	3805645	3319283	7124928	0.87
2024-04-15 15:15:00	3880109	3441981	7322090	0.89
2024-04-12 09:00:00	734062	602698	1336760	0.82
2024-04-12 09:30:00	1382637	1051221	2433858	0.76
2024-04-12 10:00:00	1964902	1551476	3516378	0.79
2024-04-12 10:30:00	2523985	1995301	4519286	0.79
2024-04-12 11:00:00	2860427	2343527	5203954	0.82
2024-04-12 11:30:00	3193169	2671301	5864470	0.84
2024-04-12 12:00:00	3674952	3050523	6725475	0.83
2024-04-12 12:30:00	4061954	3409268	7471222	0.84
2024-04-12 13:00:00	4518277	3729721	8247998	0.83
2024-04-12 13:30:00	4876600	3992517	8869117	0.82
2024-04-12 14:00:00	5257018	4297822	9554840	0.82
2024-04-12 14:30:00	5607613	4685744	10293357	0.84
2024-04-12 15:00:00	6129246	5246687	11375933	0.86
2024-04-12 15:15:00	6268225	5353814	11622039	0.85
2024-04-11 09:00:00	369798	315662	685460	0.85
2024-04-11 09:30:00	619546	552623	1172169	0.89
2024-04-11 10:00:00	885722	858227	1743949	0.97
2024-04-11 10:30:00	1079261	1044844	2124105	0.97
2024-04-11 11:00:00	1196841	1176934	2373775	0.98
2024-04-11 11:30:00	1374365	1297039	2671404	0.94
2024-04-11 12:00:00	1489165	1426430	2915595	0.96
2024-04-11 12:30:00	1691449	1677181	3368630	0.99
2024-04-11 13:00:00	1850530	1817697	3668227	0.98
2024-04-11 13:30:00	2062575	2002442	4065017	0.97
2024-04-11 14:00:00	2264531	2202934	4467465	0.97
2024-04-11 14:30:00	2436923	2387185	4824108	0.98
2024-04-11 15:00:00	2686933	2671192	5358125	0.99
2024-04-11 15:15:00	2767250	2755549	5522799	1.0
2024-04-10 09:00:00	598706	637706	1236412	1.07
2024-04-10 09:30:00	1071657	1005297	2076954	0.94
2024-04-10 10:00:00	1383484	1342193	2725677	0.97
2024-04-10 10:30:00	1643857	1583325	3227182	0.96
2024-04-10 11:00:00	2080032	1990085	4070117	0.96
2024-04-10 11:30:00	2246651	2147160	4393811	0.96
2024-04-10 12:00:00	2416241	2326070	4742311	0.96
2024-04-10 12:30:00	2678270	2697697	5375967	1.01
2024-04-10 13:00:00	2970024	2987946	5957970	1.01
2024-04-10 13:30:00	3182969	3193198	6376167	1.0
2024-04-10 14:00:00	3367807	3413634	6781441	1.01
2024-04-10 14:30:00	3636046	3712760	7348806	1.02
2024-04-10 15:00:00	3976123	4063470	8039593	1.02
2024-04-10 15:15:00	4041887	4164412	8206299	1.03
2024-04-09 09:00:00	439362	306231	745593	0.7
2024-04-09 09:30:00	699082	495485	1194567	0.71
2024-04-09 10:00:00	991322	780036	1771358	0.79
2024-04-09 10:30:00	1192921	1038658	2231579	0.87
2024-04-09 11:00:00	1361808	1163359	2525167	0.85
2024-04-09 11:30:00	1476508	1256885	2733393	0.85
2024-04-09 12:00:00	1562995	1373214	2936209	0.88
2024-04-09 12:30:00	1661103	1449974	3111077	0.87
2024-04-09 13:00:00	1743118	1607308	3350426	0.92
2024-04-09 13:30:00	1860299	1730408	3590707	0.93
2024-04-09 14:00:00	1960104	1819295	3779399	0.93
2024-04-09 14:30:00	2122840	2068509	4191349	0.97
2024-04-09 15:00:00	2356905	2393254	4750159	1.02
2024-04-09 15:15:00	2433547	2547978	4981525	1.05
2024-04-08 09:00:00	413812	380834	794646	0.92
2024-04-08 09:30:00	724568	603215	1327783	0.83
2024-04-08 10:00:00	916504	835454	1751958	0.91
2024-04-08 10:30:00	1103322	1004346	2107668	0.91
2024-04-08 11:00:00	1232658	1138649	2371307	0.92
2024-04-08 11:30:00	1365517	1312297	2677814	0.96
2024-04-08 12:00:00	1464495	1427877	2892372	0.97
2024-04-08 12:30:00	1545104	1516325	3061429	0.98
2024-04-08 13:00:00	1641047	1598405	3239452	0.97
2024-04-08 13:30:00	1727385	1689680	3417065	0.98
2024-04-08 14:00:00	1825213	1781574	3606787	0.98
2024-04-08 14:30:00	1991265	1908116	3899381	0.96
2024-04-08 15:00:00	2191457	2131079	4322536	0.97
2024-04-08 15:15:00	2246106	2199100	4445206	0.98
2024-04-05 09:00:00	632957	681640	1314597	1.08
2024-04-05 09:30:00	1043778	1146461	2190239	1.1
2024-04-05 10:00:00	1374621	1525061	2899682	1.11
2024-04-05 10:30:00	1669855	1851686	3521541	1.11
2024-04-05 11:00:00	2031259	2188614	4219873	1.08
2024-04-05 11:30:00	2314475	2440842	4755317	1.05
2024-04-05 12:00:00	2521068	2659684	5180752	1.05
2024-04-05 12:30:00	2794124	2952708	5746832	1.06
2024-04-05 13:00:00	3013591	3470844	6484435	1.15
2024-04-05 13:30:00	3229660	3876583	7106243	1.2
2024-04-05 14:00:00	3465516	4176838	7642354	1.21
2024-04-05 14:30:00	3683744	4464514	8148258	1.21
2024-04-05 15:00:00	4097458	4968478	9065936	1.21
2024-04-05 15:15:00	4205438	5083652	9289090	1.21
2024-04-04 09:00:00	417993	303216	721209	0.73
2024-04-04 09:30:00	669054	534896	1203950	0.8
2024-04-04 10:00:00	842469	705384	1547853	0.84
2024-04-04 10:30:00	998293	844056	1842349	0.85
2024-04-04 11:00:00	1131738	967267	2099005	0.85
2024-04-04 11:30:00	1287994	1121646	2409640	0.87
2024-04-04 12:00:00	1408704	1233271	2641975	0.88
2024-04-04 12:30:00	1522183	1324954	2847137	0.87
2024-04-04 13:00:00	1663465	1467281	3130746	0.88
2024-04-04 13:30:00	1942159	1692461	3634620	0.87
2024-04-04 14:00:00	2386613	2087852	4474465	0.87
2024-04-04 14:30:00	2790876	2574438	5365314	0.92
2024-04-04 15:00:00	3414646	3284261	6698907	0.96
2024-04-04 15:15:00	3495624	3438549	6934173	0.98
2024-04-03 09:00:00	303448	294272	597720	0.97
2024-04-03 09:30:00	563492	513639	1077131	0.91
2024-04-03 10:00:00	767388	752494	1519882	0.98
2024-04-03 10:30:00	966219	893849	1860068	0.93
2024-04-03 11:00:00	1114014	1003214	2117228	0.9
2024-04-03 11:30:00	1231461	1099217	2330678	0.89
2024-04-03 12:00:00	1359448	1210926	2570374	0.89
2024-04-03 12:30:00	1461419	1325438	2786857	0.91
2024-04-03 13:00:00	1610149	1405368	3015517	0.87
2024-04-03 13:30:00	1730205	1503272	3233477	0.87
2024-04-03 14:00:00	1839767	1625765	3465532	0.88
2024-04-03 14:30:00	2069030	1822261	3891291	0.88
2024-04-03 15:00:00	2310925	2397102	4708027	1.04
2024-04-03 15:15:00	2363327	2513878	4877205	1.06
2024-04-02 09:00:00	595194	553534	1148728	0.93
2024-04-02 09:30:00	953148	843923	1797071	0.89
2024-04-02 10:00:00	1180199	1026804	2207003	0.87
2024-04-02 10:30:00	1366865	1198193	2565058	0.88
2024-04-02 11:00:00	1501458	1395933	2897391	0.93
2024-04-02 11:30:00	1655473	1518519	3173992	0.92
2024-04-02 12:00:00	1798547	1646355	3444902	0.92
2024-04-02 12:30:00	1924606	1771519	3696125	0.92
2024-04-02 13:00:00	2056361	1876466	3932827	0.91
2024-04-02 13:30:00	2188054	1962014	4150068	0.9
2024-04-02 14:00:00	2314591	2100874	4415465	0.91
2024-04-02 14:30:00	2481345	2240176	4721521	0.9
2024-04-02 15:00:00	2724238	2509605	5233843	0.92
2024-04-02 15:15:00	2782879	2568944	5351823	0.92
2024-04-01 09:00:00	368163	283466	651629	0.77
2024-04-01 09:30:00	667649	512672	1180321	0.77
2024-04-01 10:00:00	914548	750508	1665056	0.82
2024-04-01 10:30:00	1088984	931257	2020241	0.86
2024-04-01 11:00:00	1242337	1099736	2342073	0.89
2024-04-01 11:30:00	1357109	1197132	2554241	0.88
2024-04-01 12:00:00	1479347	1287887	2767234	0.87
2024-04-01 12:30:00	1592744	1413824	3006568	0.89
2024-04-01 13:00:00	1702186	1489167	3191353	0.87
2024-04-01 13:30:00	1793389	1569862	3363251	0.88
2024-04-01 14:00:00	1896902	1684968	3581870	0.89
2024-04-01 14:30:00	2038656	1810178	3848834	0.89
2024-04-01 15:00:00	2244502	2030408	4274910	0.9
2024-04-01 15:15:00	2284461	2077841	4362302	0.91
2024-03-28 09:00:00	282110	322528	604638	1.14
2024-03-28 09:30:00	583012	522361	1105373	0.9
2024-03-28 10:00:00	763381	750932	1514313	0.98
2024-03-28 10:30:00	925710	1241054	2166764	1.34
2024-03-28 11:00:00	1057484	1710749	2768233	1.62
2024-03-28 11:30:00	1195663	1991751	3187414	1.67
2024-03-28 12:00:00	1339951	2403981	3743932	1.79
2024-03-28 12:30:00	1474615	2524344	3998959	1.71
2024-03-28 13:00:00	1617493	2811500	4428993	1.74
2024-03-28 13:30:00	1802064	2991296	4793360	1.66
2024-03-28 14:00:00	1990506	3144030	5134536	1.58
2024-03-28 14:30:00	2193212	3293538	5486750	1.5
2024-03-28 15:00:00	2456809	3612244	6069053	1.47
2024-03-28 15:15:00	2585771	3867164	6452935	1.5
2024-03-28 09:00:00	522954	517799	1040753	0.99
2024-03-28 09:30:00	969731	854644	1824375	0.88
2024-03-28 10:00:00	1245909	1163365	2409274	0.93
2024-03-28 10:30:00	1505084	1727570	3232654	1.15
2024-03-28 11:00:00	1717843	2257850	3975693	1.31
2024-03-28 11:30:00	1922542	2593127	4515669	1.35
2024-03-28 12:00:00	2133348	3053657	5187005	1.43
2024-03-28 12:30:00	2333173	3221782	5554955	1.38
2024-03-28 13:00:00	2574770	3559518	6134288	1.38
2024-03-28 13:30:00	2839383	3797509	6636892	1.34
2024-03-28 14:00:00	3145015	4039881	7184896	1.28
2024-03-28 14:30:00	3493133	4306370	7799503	1.23
2024-03-28 15:00:00	3898459	4744750	8643209	1.22
2024-03-28 15:15:00	4030910	5003267	9034177	1.24
2024-03-27 09:00:00	415268	394114	809382	0.95
2024-03-27 09:30:00	675869	650463	1326332	0.96
2024-03-27 10:00:00	867341	834377	1701718	0.96
2024-03-27 10:30:00	1035323	993399	2028722	0.96
2024-03-27 11:00:00	1172050	1100790	2272840	0.94
2024-03-27 11:30:00	1318960	1210651	2529611	0.92
2024-03-27 12:00:00	1527732	1423369	2951101	0.93
2024-03-27 12:30:00	1651182	1550509	3201691	0.94
2024-03-27 13:00:00	1755848	1666910	3422758	0.95
2024-03-27 13:30:00	1885879	1790529	3676408	0.95
2024-03-27 14:00:00	2011732	1910240	3921972	0.95
2024-03-27 14:30:00	2162170	2096692	4258862	0.97
2024-03-27 15:00:00	2493140	2477445	4970585	0.99
2024-03-27 15:15:00	2592606	2581815	5174421	1.0
2024-03-26 09:00:00	412557	308605	721162	0.75
2024-03-26 09:30:00	632604	534555	1167159	0.85
2024-03-26 10:00:00	807447	698159	1505606	0.86
2024-03-26 10:30:00	970063	813248	1783311	0.84
2024-03-26 11:00:00	1082369	950200	2032569	0.88
2024-03-26 11:30:00	1211824	1058650	2270474	0.87
2024-03-26 12:00:00	1337498	1168479	2505977	0.87
2024-03-26 12:30:00	1439761	1308910	2748671	0.91
2024-03-26 13:00:00	1530253	1388499	2918752	0.91
2024-03-26 13:30:00	1670152	1574331	3244483	0.94
2024-03-26 14:00:00	1812532	1718069	3530601	0.95
2024-03-26 14:30:00	1931900	1862702	3794602	0.96
2024-03-26 15:00:00	2239587	2154364	4393951	0.96
2024-03-26 15:15:00	2282576	2228313	4510889	0.98
2024-03-25 09:00:00	393932	280541	674473	0.71
2024-03-25 09:30:00	670032	527095	1197127	0.79
2024-03-25 10:00:00	896192	708670	1604862	0.79
2024-03-25 10:30:00	1048393	881199	1929592	0.84
2024-03-25 11:00:00	1185925	1061898	2247823	0.9
2024-03-25 11:30:00	1291008	1152436	2443444	0.89
2024-03-25 12:00:00	1382320	1239123	2621443	0.9
2024-03-25 12:30:00	1468654	1322484	2791138	0.9
2024-03-25 13:00:00	1566855	1419626	2986481	0.91
2024-03-25 13:30:00	1671429	1516156	3187585	0.91
2024-03-25 14:00:00	1761047	1610837	3371884	0.91
2024-03-25 14:30:00	1885035	1750315	3635350	0.93
2024-03-25 15:00:00	2113175	2093505	4206680	0.99
2024-03-25 15:15:00	2161863	2163672	4325535	1.0
2024-03-22 09:00:00	531211	531371	1062582	1.0
2024-03-22 09:30:00	873386	842740	1716126	0.96
2024-03-22 10:00:00	1125707	1090966	2216673	0.97
2024-03-22 10:30:00	1323454	1362092	2685546	1.03
2024-03-22 11:00:00	1525447	2502604	4028051	1.64
2024-03-22 11:30:00	1748990	2705085	4454075	1.55
2024-03-22 12:00:00	1931621	2880102	4811723	1.49
2024-03-22 12:30:00	2128792	3064290	5193082	1.44
2024-03-22 13:00:00	2318456	3298125	5616581	1.42
2024-03-22 13:30:00	2614165	3549356	6163521	1.36
2024-03-22 14:00:00	2808702	3736668	6545370	1.33
2024-03-22 14:30:00	3077095	4076483	7153578	1.32
2024-03-22 15:00:00	3456969	4481580	7938549	1.3
2024-03-22 15:15:00	3536765	4613593	8150358	1.3
2024-03-21 09:00:00	564898	491455	1056353	0.87
2024-03-21 09:30:00	919415	773249	1692664	0.84
2024-03-21 10:00:00	1196032	1036347	2232379	0.87
2024-03-21 10:30:00	1453185	1306923	2760108	0.9
2024-03-21 11:00:00	1790168	1552317	3342485	0.87
2024-03-21 11:30:00	1939465	1736746	3676211	0.9
2024-03-21 12:00:00	2091148	1878523	3969671	0.9
2024-03-21 12:30:00	2374229	2048056	4422285	0.86
2024-03-21 13:00:00	2563484	2246980	4810464	0.88
2024-03-21 13:30:00	2736907	2377514	5114421	0.87
2024-03-21 14:00:00	2917441	2568709	5486150	0.88
2024-03-21 14:30:00	3081074	2730546	5811620	0.89
2024-03-21 15:00:00	3298405	3073424	6371829	0.93
2024-03-21 15:15:00	3361186	3142182	6503368	0.93
2024-03-20 09:00:00	268834	279623	548457	1.04
2024-03-20 09:30:00	486474	421647	908121	0.87
2024-03-20 10:00:00	676294	563414	1239708	0.83
2024-03-20 10:30:00	955582	681992	1637574	0.71
2024-03-20 11:00:00	1067675	787041	1854716	0.74
2024-03-20 11:30:00	1209372	860312	2069684	0.71
2024-03-20 12:00:00	1333247	968773	2302020	0.73
2024-03-20 12:30:00	1438162	1071153	2509315	0.74
2024-03-20 13:00:00	1530738	1194153	2724891	0.78
2024-03-20 13:30:00	1742940	1464374	3207314	0.84
2024-03-20 14:00:00	2004537	1853480	3858017	0.92
2024-03-20 14:30:00	2319073	2187082	4506155	0.94
2024-03-20 15:00:00	2836824	2720364	5557188	0.96
2024-03-20 15:15:00	2922323	2837581	5759904	0.97
2024-03-19 09:00:00	342723	325231	667954	0.95
2024-03-19 09:30:00	556786	505367	1062153	0.91
2024-03-19 10:00:00	726583	671827	1398410	0.92
2024-03-19 10:30:00	864709	819043	1683752	0.95
2024-03-19 11:00:00	1007555	987676	1995231	0.98
2024-03-19 11:30:00	1201322	1103540	2304862	0.92
2024-03-19 12:00:00	1352553	1230457	2583010	0.91
2024-03-19 12:30:00	1474869	1353024	2827893	0.92
2024-03-19 13:00:00	1623342	1500306	3123648	0.92
2024-03-19 13:30:00	1749408	1637308	3386716	0.94
2024-03-19 14:00:00	1908917	1752840	3661757	0.92
2024-03-19 14:30:00	2084739	1881409	3966148	0.9
2024-03-19 15:00:00	2322296	2268207	4590503	0.98
2024-03-19 15:15:00	2375429	2351782	4727211	0.99
2024-03-18 09:00:00	445827	373007	818834	0.84
2024-03-18 09:30:00	786030	634409	1420439	0.81
2024-03-18 10:00:00	995528	865754	1861282	0.87
2024-03-18 10:30:00	1203697	1070698	2274395	0.89
2024-03-18 11:00:00	1380319	1191513	2571832	0.86
2024-03-18 11:30:00	1490561	1322606	2813167	0.89
2024-03-18 12:00:00	1698694	1424904	3123598	0.84
2024-03-18 12:30:00	1861692	1546318	3408010	0.83
2024-03-18 13:00:00	1954204	1632614	3586818	0.84
2024-03-18 13:30:00	2174183	1768319	3942502	0.81
2024-03-18 14:00:00	2301624	1866723	4168347	0.81
2024-03-18 14:30:00	2495607	1992234	4487841	0.8
2024-03-18 15:00:00	2755122	2213392	4968514	0.8
2024-03-18 15:15:00	2823153	2298257	5121410	0.81
2024-03-15 09:00:00	576854	545394	1122248	0.95
2024-03-15 09:30:00	1068147	927624	1995771	0.87
2024-03-15 10:00:00	1498552	1228304	2726856	0.82
2024-03-15 10:30:00	1801136	1476018	3277154	0.82
2024-03-15 11:00:00	2083812	1705775	3789587	0.82
2024-03-15 11:30:00	2353295	2006263	4359558	0.85
2024-03-15 12:00:00	2986160	2296081	5282241	0.77
2024-03-15 12:30:00	3303082	2572768	5875850	0.78
2024-03-15 13:00:00	3605492	2779657	6385149	0.77
2024-03-15 13:30:00	3920866	3040688	6961554	0.78
2024-03-15 14:00:00	4255633	3288096	7543729	0.77
2024-03-15 14:30:00	4580700	3566329	8147029	0.78
2024-03-15 15:00:00	5055414	4006487	9061901	0.79
2024-03-15 15:15:00	5114260	4150596	9264856	0.81
2024-03-14 09:00:00	496979	419491	916470	0.84
2024-03-14 09:30:00	850313	677232	1527545	0.8
2024-03-14 10:00:00	1140072	925072	2065144	0.81
2024-03-14 10:30:00	1516347	1133982	2650329	0.75
2024-03-14 11:00:00	1710089	1314439	3024528	0.77
2024-03-14 11:30:00	1907474	1510602	3418076	0.79
2024-03-14 12:00:00	2130875	1674935	3805810	0.79
2024-03-14 12:30:00	2314639	1831845	4146484	0.79
2024-03-14 13:00:00	2484214	2019877	4504091	0.81
2024-03-14 13:30:00	2635581	2162033	4797614	0.82
2024-03-14 14:00:00	2781033	2301767	5082800	0.83
2024-03-14 14:30:00	3040494	2670135	5710629	0.88
2024-03-14 15:00:00	3416559	3034667	6451226	0.89
2024-03-14 15:15:00	3477612	3139612	6617224	0.9
2024-03-13 09:00:00	370638	311882	682520	0.84
2024-03-13 09:30:00	680870	545642	1226512	0.8
2024-03-13 10:00:00	1195382	757438	1952820	0.63
2024-03-13 10:30:00	1410162	905796	2315958	0.64
2024-03-13 11:00:00	1616330	1053919	2670249	0.65
2024-03-13 11:30:00	1791384	1153808	2945192	0.64
2024-03-13 12:00:00	1925626	1285296	3210922	0.67
2024-03-13 12:30:00	2069971	1443480	3513451	0.7
2024-03-13 13:00:00	2208608	1633111	3841719	0.74
2024-03-13 13:30:00	2393217	1820516	4213733	0.76
2024-03-13 14:00:00	2531494	1959208	4490702	0.77
2024-03-13 14:30:00	2701734	2142714	4844448	0.79
2024-03-13 15:00:00	2979517	2398830	5378347	0.81
2024-03-13 15:15:00	3020643	2486572	5507215	0.82
2024-03-12 09:00:00	407159	498013	905172	1.22
2024-03-12 09:30:00	694244	762193	1456437	1.1
2024-03-12 10:00:00	933005	1009522	1942527	1.08
2024-03-12 10:30:00	1203060	1252478	2455538	1.04
2024-03-12 11:00:00	1404631	1426633	2831264	1.02
2024-03-12 11:30:00	1556797	1569235	3126032	1.01
2024-03-12 12:00:00	1735369	1705118	3440487	0.98
2024-03-12 12:30:00	1928950	1879629	3808579	0.97
2024-03-12 13:00:00	2039928	1975683	4015611	0.97
2024-03-12 13:30:00	2178744	2135701	4314445	0.98
2024-03-12 14:00:00	2350631	2432254	4782885	1.03
2024-03-12 14:30:00	2573864	2611242	5185106	1.01
2024-03-12 15:00:00	2811692	2876270	5687962	1.02
2024-03-12 15:15:00	2877468	2981724	5859192	1.04
2024-03-11 09:00:00	401433	388773	790206	0.97
2024-03-11 09:30:00	674715	624922	1299637	0.93
2024-03-11 10:00:00	909441	845058	1754499	0.93
2024-03-11 10:30:00	1118872	1011486	2130358	0.9
2024-03-11 11:00:00	1299303	1210432	2509735	0.93
2024-03-11 11:30:00	1441854	1366202	2808056	0.95
2024-03-11 12:00:00	1570465	1477266	3047731	0.94
2024-03-11 12:30:00	1697594	1615484	3313078	0.95
2024-03-11 13:00:00	1827299	1719670	3546969	0.94
2024-03-11 13:30:00	1935574	1832805	3768379	0.95
2024-03-11 14:00:00	2048752	1955414	4004166	0.95
2024-03-11 14:30:00	2191176	2182148	4373324	1.0
2024-03-11 15:00:00	2452004	2476609	4928613	1.01
2024-03-11 15:15:00	2504118	2558410	5062528	1.02
2024-03-08 09:00:00	679583	572547	1252130	0.84
2024-03-08 09:30:00	1291241	1013247	2304488	0.78
2024-03-08 10:00:00	1788210	1382749	3170959	0.77
2024-03-08 10:30:00	2264225	1819667	4083892	0.8
2024-03-08 11:00:00	2711532	2238034	4949566	0.83
2024-03-08 11:30:00	3019689	2495648	5515337	0.83
2024-03-08 12:00:00	3305004	2778546	6083550	0.84
2024-03-08 12:30:00	3635918	3072848	6708766	0.85
2024-03-08 13:00:00	3966441	3427229	7393670	0.86
2024-03-08 13:30:00	4304042	3705868	8009910	0.86
2024-03-08 14:00:00	4625869	4005163	8631032	0.87
2024-03-08 14:30:00	4943661	4344407	9288068	0.88
2024-03-08 15:00:00	5327549	4848135	10175684	0.91
2024-03-08 15:15:00	5385681	4987687	10373368	0.93
2024-03-07 09:00:00	596518	556917	1153435	0.93
2024-03-07 09:30:00	987456	921283	1908739	0.93
2024-03-07 10:00:00	1425108	1325181	2750289	0.93
2024-03-07 10:30:00	1689851	1570406	3260257	0.93
2024-03-07 11:00:00	1918044	1783995	3702039	0.93
2024-03-07 11:30:00	1696164	1399413	3095577	0.83
2024-03-07 12:00:00	1829065	1527870	3356935	0.84
2024-03-07 12:30:00	1967007	1675465	3642472	0.85
2024-03-07 13:00:00	2164513	1824849	3989362	0.84
2024-03-07 13:30:00	2340236	1954702	4294938	0.84
2024-03-07 14:00:00	2509222	2127124	4636346	0.85
2024-03-07 14:30:00	2704260	2310889	5015149	0.85
2024-03-07 15:00:00	2984619	2663952	5648571	0.89
2024-03-07 15:15:00	3037187	2783935	5821122	0.92
2024-03-06 09:00:00	600728	472762	1073490	0.79
2024-03-06 09:30:00	960488	804180	1764668	0.84
2024-03-06 10:00:00	1256861	1055254	2312115	0.84
2024-03-06 10:30:00	1541652	1284434	2826086	0.83
2024-03-06 11:00:00	1776252	1492330	3268582	0.84
2024-03-06 11:30:00	1991271	1678783	3670054	0.84
2024-03-06 12:00:00	2177691	1924483	4102174	0.88
2024-03-06 12:30:00	2394419	2073761	4468180	0.87
2024-03-06 13:00:00	2712743	2439309	5152052	0.9
2024-03-06 13:30:00	2105797	1751386	3857183	0.83
2024-03-06 14:00:00	2215267	1862444	4077711	0.84
2024-03-06 14:30:00	2369461	2348838	4718299	0.99
2024-03-06 15:00:00	2605181	2708680	5313861	1.04
2024-03-06 15:15:00	2636834	2781301	5418135	1.05
2024-03-05 09:00:00	529453	584095	1113548	1.1
2024-03-05 09:30:00	1000440	1150224	2150664	1.15
2024-03-05 10:00:00	1398589	1565122	2963711	1.12
2024-03-05 10:30:00	1654272	1787918	3442190	1.08
2024-03-05 11:00:00	1907401	2009478	3916879	1.05
2024-03-05 11:30:00	2131773	2194863	4326636	1.03
2024-03-05 12:00:00	2300870	2355088	4655958	1.02
2024-03-05 12:30:00	2481237	2530860	5012097	1.02
2024-03-05 13:00:00	2724223	2847255	5571478	1.05
2024-03-05 13:30:00	2948518	3060201	6008719	1.04
2024-03-05 14:00:00	3297762	3409689	6707451	1.03
2024-03-05 14:30:00	3636155	3779525	7415680	1.04
2024-03-05 15:00:00	4152003	4320848	8472851	1.04
2024-03-05 15:15:00	4201083	4393734	8594817	1.05
2024-03-04 09:00:00	583802	511453	1095255	0.88
2024-03-04 09:30:00	948386	875349	1823735	0.92
2024-03-04 10:00:00	1232452	1152440	2384892	0.94
2024-03-04 10:30:00	1701243	1392770	3094013	0.82
2024-03-04 11:00:00	1930646	1593363	3524009	0.83
2024-03-04 11:30:00	2119639	1767560	3887199	0.83
2024-03-04 12:00:00	2508133	2154283	4662416	0.86
2024-03-04 12:30:00	2696576	2345851	5042427	0.87
2024-03-04 13:00:00	3097900	2525106	5623006	0.82
2024-03-04 13:30:00	3304157	2723678	6027835	0.82
2024-03-04 14:00:00	3630215	2977805	6608020	0.82
2024-03-04 14:30:00	3888658	3220636	7109294	0.83
2024-03-04 15:00:00	4290748	3661133	7951881	0.85
2024-03-04 15:15:00	4336200	3741640	8077840	0.86
2024-03-01 09:00:00	588005	493803	1081808	0.84
2024-03-01 09:30:00	1104687	911599	2016286	0.83
2024-03-01 10:00:00	1467549	1280918	2748467	0.87
2024-03-01 10:30:00	1884596	1629118	3513714	0.86
2024-03-01 11:00:00	2162510	1908608	4071118	0.88
2024-03-01 11:30:00	2400941	2130800	4531741	0.89
2024-03-01 12:00:00	2644884	2366563	5011447	0.89
2024-03-01 12:30:00	2917174	2604100	5521274	0.89
2024-03-01 13:00:00	3219616	2891552	6111168	0.9
2024-03-01 13:30:00	3595507	3490701	7086208	0.97
2024-03-01 14:00:00	3946184	3767656	7713840	0.95
2024-03-01 14:30:00	4323351	4098203	8421554	0.95
2024-03-01 15:00:00	4716534	4540931	9257465	0.96
2024-03-01 15:15:00	4780692	4655842	9436534	0.97
2024-02-29 09:00:00	541150	521279	1062429	0.96
2024-02-29 09:30:00	968053	904464	1872517	0.93
2024-02-29 10:00:00	1248411	1206459	2454870	0.97
2024-02-29 10:30:00	1466203	1410531	2876734	0.96
2024-02-29 11:00:00	1817629	1736176	3553805	0.96
2024-02-29 11:30:00	1982484	1923646	3906130	0.97
2024-02-29 12:00:00	2155213	2059858	4215071	0.96
2024-02-29 12:30:00	2368261	2233931	4602192	0.94
2024-02-29 13:00:00	2550290	2408335	4958625	0.94
2024-02-29 13:30:00	1994112	1807445	3801557	0.91
2024-02-29 14:00:00	2135470	1947231	4082701	0.91
2024-02-29 14:30:00	2300303	2081448	4381751	0.9
2024-02-29 15:00:00	2644636	2395105	5039741	0.91
2024-02-29 15:15:00	2718138	2481097	5199235	0.91
2024-02-28 09:00:00	531796	446070	977866	0.84
2024-02-28 09:30:00	875207	758304	1633511	0.87
2024-02-28 10:00:00	1395013	995132	2390145	0.71
2024-02-28 10:30:00	1650023	1221128	2871151	0.74
2024-02-28 11:00:00	1836520	1376589	3213109	0.75
2024-02-28 11:30:00	2018983	1538941	3557924	0.76
2024-02-28 12:00:00	2223531	1740520	3964051	0.78
2024-02-28 12:30:00	1872114	1300886	3173000	0.69
2024-02-28 13:00:00	1998906	1403510	3402416	0.7
2024-02-28 13:30:00	2102790	1519014	3621804	0.72
2024-02-28 14:00:00	2247310	1651631	3898941	0.73
2024-02-28 14:30:00	2433886	1788289	4222175	0.73
2024-02-28 15:00:00	2646305	2073375	4719680	0.78
2024-02-28 15:15:00	2690502	2146856	4837358	0.8
2024-02-27 09:00:00	514031	507157	1021188	0.99
2024-02-27 09:30:00	896466	884213	1780679	0.99
2024-02-27 10:00:00	1189916	1201738	2391654	1.01
2024-02-27 10:30:00	1415204	1445901	2861105	1.02
2024-02-27 11:00:00	1615004	1598971	3213975	0.99
2024-02-27 11:30:00	1782120	1733533	3515653	0.97
2024-02-27 12:00:00	1977528	1906534	3884062	0.96
2024-02-27 12:30:00	2163625	2073876	4237501	0.96
2024-02-27 13:00:00	2323985	2217392	4541377	0.95
2024-02-27 13:30:00	2554550	2432232	4986782	0.95
2024-02-27 14:00:00	2748230	2651262	5399492	0.96
2024-02-27 14:30:00	2996356	2876157	5872513	0.96
2024-02-27 15:00:00	2455466	2278655	4734121	0.93
2024-02-27 15:15:00	2503445	2349571	4853016	0.94
2024-02-26 09:00:00	546142	498495	1044637	0.91
2024-02-26 09:30:00	861836	782078	1643914	0.91
2024-02-26 10:00:00	1156720	1044340	2201060	0.9
2024-02-26 10:30:00	1487980	1276746	2764726	0.86
2024-02-26 11:00:00	1674794	1464138	3138932	0.87
2024-02-26 11:30:00	1840217	1632498	3472715	0.89
2024-02-26 12:00:00	2015790	1784899	3800689	0.89
2024-02-26 12:30:00	2237449	2024077	4261526	0.9
2024-02-26 13:00:00	2466872	2314499	4781371	0.94
2024-02-26 13:30:00	2664058	2579817	5243875	0.97
2024-02-26 14:00:00	2896405	2790828	5687233	0.96
2024-02-26 14:30:00	3122528	2999345	6121873	0.96
2024-02-26 15:00:00	3449511	3345444	6794955	0.97
2024-02-26 15:15:00	3500691	3510032	7010723	1.0
2024-02-23 09:00:00	675025	610887	1285912	0.9
2024-02-23 09:30:00	1125378	957541	2082919	0.85
2024-02-23 10:00:00	1584446	1289901	2874347	0.81
2024-02-23 10:30:00	1969035	1728233	3697268	0.88
2024-02-23 11:00:00	2218551	1976033	4194584	0.89
2024-02-23 11:30:00	2444353	2202677	4647030	0.9
2024-02-23 12:00:00	2630171	2373579	5003750	0.9
2024-02-23 12:30:00	2802336	2584125	5386461	0.92
2024-02-23 13:00:00	3000365	2757933	5758298	0.92
2024-02-23 13:30:00	3265427	2972979	6238406	0.91
2024-02-23 14:00:00	3471750	3187001	6658751	0.92
2024-02-23 14:30:00	3741246	3501504	7242750	0.94
2024-02-23 15:00:00	4106670	3885541	7992211	0.95
2024-02-23 15:15:00	4159349	3983732	8143081	0.96
2024-02-22 09:00:00	602733	572434	1175167	0.95
2024-02-22 09:30:00	1058884	978545	2037429	0.92
2024-02-22 10:00:00	1324675	1227559	2552234	0.93
2024-02-22 10:30:00	1579657	1433261	3012918	0.91
2024-02-22 11:00:00	1792991	1604416	3397407	0.89
2024-02-22 11:30:00	1972822	1793579	3766401	0.91
2024-02-22 12:00:00	2168498	1989918	4158416	0.92
2024-02-22 12:30:00	2359540	2123769	4483309	0.9
2024-02-22 13:00:00	2532699	2293470	4826169	0.91
2024-02-22 13:30:00	2734495	2482745	5217240	0.91
2024-02-22 14:00:00	2908200	2690510	5598710	0.93
2024-02-22 14:30:00	3097861	2880131	5977992	0.93
2024-02-22 15:00:00	3490057	3215804	6705861	0.92
2024-02-22 15:15:00	3556806	3296846	6853652	0.93
2024-02-21 09:00:00	413746	439943	853689	1.06
2024-02-21 09:30:00	671555	670785	1342340	1.0
2024-02-21 10:00:00	885044	928539	1813583	1.05
2024-02-21 10:30:00	1090024	1154779	2244803	1.06
2024-02-21 11:00:00	1253576	1322983	2576559	1.06
2024-02-21 11:30:00	1428427	1488333	2916760	1.04
2024-02-21 12:00:00	1190689	1278695	2469384	1.07
2024-02-21 12:30:00	1297488	1387679	2685167	1.07
2024-02-21 13:00:00	1933016	2021028	3954044	1.05
2024-02-21 13:30:00	1560644	1610993	3171637	1.03
2024-02-21 14:00:00	1704598	1850532	3555130	1.09
2024-02-21 14:30:00	1851255	2025197	3876452	1.09
2024-02-21 15:00:00	2131336	2401858	4533194	1.13
2024-02-21 15:15:00	2172378	2467343	4639721	1.14
2024-02-20 09:00:00	463848	357912	821760	0.77
2024-02-20 09:30:00	739876	668759	1408635	0.9
2024-02-20 10:00:00	971699	885196	1856895	0.91
2024-02-20 10:30:00	1146332	1054901	2201233	0.92
2024-02-20 11:00:00	1338279	1207525	2545804	0.9
2024-02-20 11:30:00	1508772	1365397	2874169	0.9
2024-02-20 12:00:00	1682584	1518873	3201457	0.9
2024-02-20 12:30:00	1810715	1644917	3455632	0.91
2024-02-20 13:00:00	1935236	1768964	3704200	0.91
2024-02-20 13:30:00	2040975	1855675	3896650	0.91
2024-02-20 14:00:00	2167732	2017356	4185088	0.93
2024-02-20 14:30:00	2329110	2180719	4509829	0.94
2024-02-20 15:00:00	2586433	2429438	5015871	0.94
2024-02-20 15:15:00	2631327	2512204	5143531	0.95
2024-02-16 09:00:00	646161	623961	1270122	0.97
2024-02-16 09:30:00	1086172	990894	2077066	0.91
2024-02-16 10:00:00	1420555	1272266	2692821	0.9
2024-02-16 10:30:00	1700653	1522114	3222767	0.9
2024-02-16 11:00:00	1974982	1809599	3784581	0.92
2024-02-16 11:30:00	2182024	2074585	4256609	0.95
2024-02-16 12:00:00	2339112	2242315	4581427	0.96
2024-02-16 12:30:00	2637772	2490059	5127831	0.94
2024-02-16 13:00:00	2828877	2669066	5497943	0.94
2024-02-16 13:30:00	3099205	2916504	6015709	0.94
2024-02-16 14:00:00	3440706	3291294	6732000	0.96
2024-02-16 14:30:00	3720006	3551676	7271682	0.95
2024-02-16 15:00:00	4120500	4005777	8126277	0.97
2024-02-16 15:15:00	4181332	4097813	8279145	0.98
2024-02-15 09:00:00	628762	484968	1113730	0.77
2024-02-15 09:30:00	1082983	1203224	2286207	1.11
2024-02-15 10:00:00	1383497	1451551	2835048	1.05
2024-02-15 10:30:00	1854742	1726610	3581352	0.93
2024-02-15 11:00:00	2076728	1954272	4031000	0.94
2024-02-15 11:30:00	2294061	2100432	4394493	0.92
2024-02-15 12:00:00	2573657	2282507	4856164	0.89
2024-02-15 12:30:00	2852873	2510745	5363618	0.88
2024-02-15 13:00:00	3086932	2735913	5822845	0.89
2024-02-15 13:30:00	2606125	2235342	4841467	0.86
2024-02-15 14:00:00	2844566	2406020	5250586	0.85
2024-02-15 14:30:00	3047608	2603780	5651388	0.85
2024-02-15 15:00:00	3340737	2905275	6246012	0.87
2024-02-15 15:15:00	3438238	3016903	6455141	0.88
2024-02-14 09:00:00	609390	734577	1343967	1.21
2024-02-14 09:30:00	1055916	1127766	2183682	1.07
2024-02-14 10:00:00	1561540	1580957	3142497	1.01
2024-02-14 10:30:00	1896243	1892476	3788719	1.0
2024-02-14 11:00:00	2196366	2193080	4389446	1.0
2024-02-14 11:30:00	2691689	2486381	5178070	0.92
2024-02-14 12:00:00	2873854	2628482	5502336	0.91
2024-02-14 12:30:00	3037747	2805045	5842792	0.92
2024-02-14 13:00:00	3261912	2993025	6254937	0.92
2024-02-14 13:30:00	3472292	3339593	6811885	0.96
2024-02-14 14:00:00	2755167	2520799	5275966	0.91
2024-02-14 14:30:00	2956728	2727420	5684148	0.92
2024-02-14 15:00:00	3399601	3094612	6494213	0.91
2024-02-14 15:15:00	3469062	3197497	6666559	0.92
2024-02-13 09:00:00	905817	743867	1649684	0.82
2024-02-13 09:30:00	1484925	1268768	2753693	0.85
2024-02-13 10:00:00	1851919	1588271	3440190	0.86
2024-02-13 10:30:00	2118970	1818551	3937521	0.86
2024-02-13 11:00:00	2370365	2045223	4415588	0.86
2024-02-13 11:30:00	2676999	2285509	4962508	0.85
2024-02-13 12:00:00	2883866	2484574	5368440	0.86
2024-02-13 12:30:00	3066553	2661757	5728310	0.87
2024-02-13 13:00:00	3320479	2883146	6203625	0.87
2024-02-13 13:30:00	3813404	3298707	7112111	0.87
2024-02-13 14:00:00	4340769	3742127	8082896	0.86
2024-02-13 14:30:00	4875515	4291935	9167450	0.88
2024-02-13 15:00:00	5544485	4856966	10401451	0.88
2024-02-13 15:15:00	4486740	3712544	8199284	0.83
2024-02-12 09:00:00	586253	479803	1066056	0.82
2024-02-12 09:30:00	934009	1479775	2413784	1.58
2024-02-12 10:00:00	1323418	1763298	3086716	1.33
2024-02-12 10:30:00	1695570	2104717	3800287	1.24
2024-02-12 11:00:00	2047821	2436908	4484729	1.19
2024-02-12 11:30:00	2358212	2665722	5023934	1.13
2024-02-12 12:00:00	2622956	2856461	5479417	1.09
2024-02-12 12:30:00	2870387	3052858	5923245	1.06
2024-02-12 13:00:00	3160022	3315684	6475706	1.05
2024-02-12 13:30:00	3468163	3696809	7164972	1.07
2024-02-12 14:00:00	3767319	3956010	7723329	1.05
2024-02-12 14:30:00	3977447	4154593	8132040	1.04
2024-02-12 15:00:00	3323986	3461675	6785661	1.04
2024-02-12 15:15:00	3431612	3564922	6996534	1.04
2024-02-09 09:00:00	526617	455961	982578	0.87
2024-02-09 09:30:00	926101	748583	1674684	0.81
2024-02-09 10:00:00	1405181	1017898	2423079	0.72
2024-02-09 10:30:00	1684799	1238211	2923010	0.73
2024-02-09 11:00:00	1932713	1514728	3447441	0.78
2024-02-09 11:30:00	2169956	1681799	3851755	0.78
2024-02-09 12:00:00	2619859	1906049	4525908	0.73
2024-02-09 12:30:00	2902661	2128088	5030749	0.73
2024-02-09 13:00:00	3232479	2381142	5613621	0.74
2024-02-09 13:30:00	3448975	2684096	6133071	0.78
2024-02-09 14:00:00	3826081	2977726	6803807	0.78
2024-02-09 14:30:00	4100534	3260680	7361214	0.8
2024-02-09 15:00:00	4548945	3693574	8242519	0.81
2024-02-09 15:15:00	4611942	3859291	8471233	0.84
2024-02-08 09:00:00	584444	441609	1026053	0.76
2024-02-08 09:30:00	942014	728328	1670342	0.77
2024-02-08 10:00:00	1282981	975752	2258733	0.76
2024-02-08 10:30:00	1643756	1238458	2882214	0.75
2024-02-08 11:00:00	1859799	1412370	3272169	0.76
2024-02-08 11:30:00	2041166	1563453	3604619	0.77
2024-02-08 12:00:00	2235386	1737337	3972723	0.78
2024-02-08 12:30:00	2421318	1909337	4330655	0.79
2024-02-08 13:00:00	2598243	2109994	4708237	0.81
2024-02-08 13:30:00	2822841	2304239	5127080	0.82
2024-02-08 14:00:00	3064429	2549715	5614144	0.83
2024-02-08 14:30:00	2630997	2087551	4718548	0.79
2024-02-08 15:00:00	2875158	2321835	5196993	0.81
2024-02-08 15:15:00	2933726	2400175	5333901	0.82
2024-02-07 09:00:00	671192	552578	1223770	0.82
2024-02-07 09:30:00	1299382	978255	2277637	0.75
2024-02-07 10:00:00	1637449	1376313	3013762	0.84
2024-02-07 10:30:00	1921444	1694380	3615824	0.88
2024-02-07 11:00:00	2140718	1932949	4073667	0.9
2024-02-07 11:30:00	2380591	2109442	4490033	0.89
2024-02-07 12:00:00	2562248	2302558	4864806	0.9
2024-02-07 12:30:00	2879066	2542233	5421299	0.88
2024-02-07 13:00:00	3149554	2777130	5926684	0.88
2024-02-07 13:30:00	3372052	2963862	6335914	0.88
2024-02-07 14:00:00	3637695	3453711	7091406	0.95
2024-02-07 14:30:00	3901021	3752670	7653691	0.96
2024-02-07 15:00:00	4333286	4180729	8514015	0.96
2024-02-07 15:15:00	4392124	4304529	8696653	0.98
2024-02-06 09:00:00	568214	457136	1025350	0.8
2024-02-06 09:30:00	1051769	842055	1893824	0.8
2024-02-06 10:00:00	1377336	1056493	2433829	0.77
2024-02-06 10:30:00	1663155	1261749	2924904	0.76
2024-02-06 11:00:00	2013048	1453643	3466691	0.72
2024-02-06 11:30:00	2250978	1611877	3862855	0.72
2024-02-06 12:00:00	2421159	1731988	4153147	0.72
2024-02-06 12:30:00	2589200	1905462	4494662	0.74
2024-02-06 13:00:00	2822460	2066573	4889033	0.73
2024-02-06 13:30:00	3125394	2297172	5422566	0.74
2024-02-06 14:00:00	3398353	2505435	5903788	0.74
2024-02-06 14:30:00	3674598	2737431	6412029	0.74
2024-02-06 15:00:00	3006188	2210221	5216409	0.74
2024-02-06 15:15:00	3039626	2276668	5316294	0.75
2024-02-05 09:00:00	542483	491026	1033509	0.91
2024-02-05 09:30:00	1037896	1002470	2040366	0.97
2024-02-05 10:00:00	1389244	1339748	2728992	0.96
2024-02-05 10:30:00	1673902	1587012	3260914	0.95
2024-02-05 11:00:00	1928810	1885493	3814303	0.98
2024-02-05 11:30:00	2180059	2075218	4255277	0.95
2024-02-05 12:00:00	2426977	2286007	4712984	0.94
2024-02-05 12:30:00	2614290	2460212	5074502	0.94
2024-02-05 13:00:00	2769754	2640814	5410568	0.95
2024-02-05 13:30:00	3013256	2838686	5851942	0.94
2024-02-05 14:00:00	3368316	3105044	6473360	0.92
2024-02-05 14:30:00	3647116	3420111	7067227	0.94
2024-02-05 15:00:00	3974807	3767964	7742771	0.95
2024-02-05 15:15:00	4136947	3852475	7989422	0.93
2024-02-02 09:00:00	706170	600829	1306999	0.85
2024-02-02 09:30:00	1100723	1019862	2120585	0.93
2024-02-02 10:00:00	1572191	1382311	2954502	0.88
2024-02-02 10:30:00	1887885	1685152	3573037	0.89
2024-02-02 11:00:00	2319459	2108800	4428259	0.91
2024-02-02 11:30:00	2640733	2428900	5069633	0.92
2024-02-02 12:00:00	3000219	2865542	5865761	0.96
2024-02-02 12:30:00	3229063	3089798	6318861	0.96
2024-02-02 13:00:00	3429478	3318636	6748114	0.97
2024-02-02 13:30:00	3763561	3593685	7357246	0.95
2024-02-02 14:00:00	4101741	4291790	8393531	1.05
2024-02-02 14:30:00	4402017	4638057	9040074	1.05
2024-02-02 15:00:00	4838237	5081014	9919251	1.05
2024-02-02 15:15:00	4918297	5227960	10146257	1.06
2024-02-01 09:00:00	439606	507079	946685	1.15
2024-02-01 09:30:00	841868	860144	1702012	1.02
2024-02-01 10:00:00	1159690	1214546	2374236	1.05
2024-02-01 10:30:00	1462405	1496187	2958592	1.02
2024-02-01 11:00:00	1685157	1698813	3383970	1.01
2024-02-01 11:30:00	1938675	1948540	3887215	1.01
2024-02-01 12:00:00	2192287	2191291	4383578	1.0
2024-02-01 12:30:00	2380345	2365783	4746128	0.99
2024-02-01 13:00:00	2548561	2541892	5090453	1.0
2024-02-01 13:30:00	2779164	2793216	5572380	1.01
2024-02-01 14:00:00	3009803	3029853	6039656	1.01
2024-02-01 14:30:00	3263753	3302710	6566463	1.01
2024-02-01 15:00:00	2621859	2491984	5113843	0.95
2024-02-01 15:15:00	2709949	2647645	5357594	0.98
2024-01-31 09:00:00	631448	527286	1158734	0.84
2024-01-31 09:30:00	1024771	907628	1932399	0.89
2024-01-31 10:00:00	1378726	1208530	2587256	0.88
2024-01-31 10:30:00	1621531	1417107	3038638	0.87
2024-01-31 11:00:00	1816631	1605703	3422334	0.88
2024-01-31 11:30:00	1980037	1731225	3711262	0.87
2024-01-31 12:00:00	2125048	1857525	3982573	0.87
2024-01-31 12:30:00	2299460	1993710	4293170	0.87
2024-01-31 13:00:00	2510364	2142368	4652732	0.85
2024-01-31 13:30:00	2809147	2370825	5179972	0.84
2024-01-31 14:00:00	3234791	2706625	5941416	0.84
2024-01-31 14:30:00	3715753	3213877	6929630	0.86
2024-01-31 15:00:00	4195416	3761999	7957415	0.9
2024-01-31 15:15:00	4308748	3944477	8253225	0.92
2024-01-30 09:00:00	624226	456373	1080599	0.73
2024-01-30 09:30:00	996737	907088	1903825	0.91
2024-01-30 10:00:00	1315229	1165712	2480941	0.89
2024-01-30 10:30:00	1538783	1359725	2898508	0.88
2024-01-30 11:00:00	1737705	1550082	3287787	0.89
2024-01-30 11:30:00	1940800	1735239	3676039	0.89
2024-01-30 12:00:00	2149924	1916123	4066047	0.89
2024-01-30 12:30:00	2323889	2064658	4388547	0.89
2024-01-30 13:00:00	1892184	1573492	3465676	0.83
2024-01-30 13:30:00	2777907	2447236	5225143	0.88
2024-01-30 14:00:00	2301938	1893669	4195607	0.82
2024-01-30 14:30:00	3256873	2859948	6116821	0.88
2024-01-30 15:00:00	2708028	2286775	4994803	0.84
2024-01-30 15:15:00	2748798	2385316	5134114	0.87
2024-01-29 09:00:00	485146	420353	905499	0.87
2024-01-29 09:30:00	868432	762146	1630578	0.88
2024-01-29 10:00:00	1207365	1081090	2288455	0.9
2024-01-29 10:30:00	1435612	1318780	2754392	0.92
2024-01-29 11:00:00	1633008	1503575	3136583	0.92
2024-01-29 11:30:00	1844846	1683686	3528532	0.91
2024-01-29 12:00:00	2060650	1881591	3942241	0.91
2024-01-29 12:30:00	2209137	2044554	4253691	0.93
2024-01-29 13:00:00	2336847	2200095	4536942	0.94
2024-01-29 13:30:00	2511108	2376450	4887558	0.95
2024-01-29 14:00:00	2713393	2587351	5300744	0.95
2024-01-29 14:30:00	3216798	3033071	6249869	0.94
2024-01-29 15:00:00	3744860	3444047	7188907	0.92
2024-01-29 15:15:00	3804729	3567338	7372067	0.94
2024-01-26 09:00:00	625365	449825	1075190	0.72
2024-01-26 09:30:00	966179	763620	1729799	0.79
2024-01-26 10:00:00	1280390	1053622	2334012	0.82
2024-01-26 10:30:00	1522493	1265628	2788121	0.83
2024-01-26 11:00:00	1868890	1497613	3366503	0.8
2024-01-26 11:30:00	2068618	1668054	3736672	0.81
2024-01-26 12:00:00	2545617	2128374	4673991	0.84
2024-01-26 12:30:00	2740319	2328924	5069243	0.85
2024-01-26 13:00:00	2931825	2501965	5433790	0.85
2024-01-26 13:30:00	3103102	2686626	5789728	0.87
2024-01-26 14:00:00	3350696	2889482	6240178	0.86
2024-01-26 14:30:00	3561507	3106254	6667761	0.87
2024-01-26 15:00:00	3913866	3522642	7436508	0.9
2024-01-26 15:15:00	3967336	3614600	7581936	0.91
2024-01-25 09:00:00	526347	488045	1014392	0.93
2024-01-25 09:30:00	904007	795529	1699536	0.88
2024-01-25 10:00:00	1345762	1087016	2432778	0.81
2024-01-25 10:30:00	1577974	1322686	2900660	0.84
2024-01-25 11:00:00	1782098	1528880	3310978	0.86
2024-01-25 11:30:00	2036936	1791950	3828886	0.88
2024-01-25 12:00:00	2259059	1990883	4249942	0.88
2024-01-25 12:30:00	2463114	2183520	4646634	0.89
2024-01-25 13:00:00	2646708	2367939	5014647	0.89
2024-01-25 13:30:00	2867308	2667060	5534368	0.93
2024-01-25 14:00:00	2207909	1971140	4179049	0.89
2024-01-25 14:30:00	2424132	2124459	4548591	0.88
2024-01-25 15:00:00	2669400	2391013	5060413	0.9
2024-01-25 15:15:00	2717678	2456250	5173928	0.9
2024-01-24 09:00:00	614660	534123	1148783	0.87
2024-01-24 09:30:00	1139281	902423	2041704	0.79
2024-01-24 10:00:00	1586245	1265407	2851652	0.8
2024-01-24 10:30:00	1867645	1576389	3444034	0.84
2024-01-24 11:00:00	2154158	1769695	3923853	0.82
2024-01-24 11:30:00	2368366	2042105	4410471	0.86
2024-01-24 12:00:00	2592012	2243288	4835300	0.87
2024-01-24 12:30:00	2861064	2532225	5393289	0.89
2024-01-24 13:00:00	2259857	2002376	4262233	0.89
2024-01-24 13:30:00	2447054	2228733	4675787	0.91
2024-01-24 14:00:00	2604658	2433033	5037691	0.93
2024-01-24 14:30:00	2765409	2633361	5398770	0.95
2024-01-24 15:00:00	3033950	2937517	5971467	0.97
2024-01-24 15:15:00	3092209	3022392	6114601	0.98
2024-01-23 09:00:00	554993	371634	926627	0.67
2024-01-23 09:30:00	860605	1091961	1952566	1.27
2024-01-23 10:00:00	1234982	1373131	2608113	1.11
2024-01-23 10:30:00	1535239	1609147	3144386	1.05
2024-01-23 11:00:00	1770315	1794915	3565230	1.01
2024-01-23 11:30:00	1959542	1939856	3899398	0.99
2024-01-23 12:00:00	2207951	2115068	4323019	0.96
2024-01-23 12:30:00	2433107	2249710	4682817	0.92
2024-01-23 13:00:00	2628799	2470308	5099107	0.94
2024-01-23 13:30:00	2839597	2625366	5464963	0.92
2024-01-23 14:00:00	3085343	2813928	5899271	0.91
2024-01-23 14:30:00	3377565	3024276	6401841	0.9
2024-01-23 15:00:00	3685336	3311524	6996860	0.9
2024-01-23 15:15:00	3726170	3385938	7112108	0.91
2024-01-22 09:00:00	716189	595797	1311986	0.83
2024-01-22 09:30:00	1204735	1056333	2261068	0.88
2024-01-22 10:00:00	1583551	1425619	3009170	0.9
2024-01-22 10:30:00	1906929	1710072	3617001	0.9
2024-01-22 11:00:00	2150502	1927085	4077587	0.9
2024-01-22 11:30:00	2344809	2109674	4454483	0.9
2024-01-22 12:00:00	2571876	2267334	4839210	0.88
2024-01-22 12:30:00	2940606	2473296	5413902	0.84
2024-01-22 13:00:00	3138591	2645847	5784438	0.84
2024-01-22 13:30:00	3353204	2842436	6195640	0.85
2024-01-22 14:00:00	3572925	2994816	6567741	0.84
2024-01-22 14:30:00	3845763	3220583	7066346	0.84
2024-01-22 15:00:00	4220789	3588946	7809735	0.85
2024-01-22 15:15:00	4271793	3668700	7940493	0.86
2024-01-19 09:00:00	624488	511873	1136361	0.82
2024-01-19 09:30:00	1126750	932073	2058823	0.83
2024-01-19 10:00:00	1451245	1300030	2751275	0.9
2024-01-19 10:30:00	1821395	1686700	3508095	0.93
2024-01-19 11:00:00	2116433	2005736	4122169	0.95
2024-01-19 11:30:00	2371799	2280189	4651988	0.96
2024-01-19 12:00:00	2748444	2572971	5321415	0.94
2024-01-19 12:30:00	3166201	2941208	6107409	0.93
2024-01-19 13:00:00	3552487	3270486	6822973	0.92
2024-01-19 13:30:00	3989565	3626256	7615821	0.91
2024-01-19 14:00:00	4315205	3924202	8239407	0.91
2024-01-19 14:30:00	4736613	4256838	8993451	0.9
2024-01-19 15:00:00	5209293	4682512	9891805	0.9
2024-01-19 15:15:00	5301393	4824703	10126096	0.91
2024-01-18 09:00:00	409141	358274	767415	0.88
2024-01-18 09:30:00	660844	620435	1281279	0.94
2024-01-18 10:00:00	898709	827647	1726356	0.92
2024-01-18 10:30:00	1067846	1014000	2081846	0.95
2024-01-18 11:00:00	1311585	1192479	2504064	0.91
2024-01-18 11:30:00	1517218	1388841	2906059	0.92
2024-01-18 12:00:00	1669372	1513136	3182508	0.91
2024-01-18 12:30:00	1813980	1657540	3471520	0.91
2024-01-18 13:00:00	2027668	1788403	3816071	0.88
2024-01-18 13:30:00	2220249	1962803	4183052	0.88
2024-01-18 14:00:00	2410583	2146899	4557482	0.89
2024-01-18 14:30:00	2665712	2351358	5017070	0.88
2024-01-18 15:00:00	2972696	2647917	5620613	0.89
2024-01-18 15:15:00	3030766	2730962	5761728	0.9
2024-01-17 09:00:00	415190	555896	971086	1.34
2024-01-17 09:30:00	688353	855600	1543953	1.24
2024-01-17 10:00:00	926093	1049192	1975285	1.13
2024-01-17 10:30:00	1116893	1196161	2313054	1.07
2024-01-17 11:00:00	1251537	1311067	2562604	1.05
2024-01-17 11:30:00	1534100	1503036	3037136	0.98
2024-01-17 12:00:00	1822550	1630740	3453290	0.89
2024-01-17 12:30:00	2047608	1763376	3810984	0.86
2024-01-17 13:00:00	2220318	1930618	4150936	0.87
2024-01-17 13:30:00	2357849	2107391	4465240	0.89
2024-01-17 14:00:00	2503542	2301574	4805116	0.92
2024-01-17 14:30:00	2711816	2557477	5269293	0.94
2024-01-17 15:00:00	2955992	2890163	5846155	0.98
2024-01-17 15:15:00	3012395	2977087	5989482	0.99
2024-01-16 09:00:00	454757	475475	930232	1.05
2024-01-16 09:30:00	792514	735222	1527736	0.93
2024-01-16 10:00:00	1089514	998843	2088357	0.92
2024-01-16 10:30:00	1352464	1219755	2572219	0.9
2024-01-16 11:00:00	1524084	1395746	2919830	0.92
2024-01-16 11:30:00	1713106	1554404	3267510	0.91
2024-01-16 12:00:00	1909348	1715331	3624679	0.9
2024-01-16 12:30:00	2148970	1838156	3987126	0.86
2024-01-16 13:00:00	2303687	1979874	4283561	0.86
2024-01-16 13:30:00	2480091	2146508	4626599	0.87
2024-01-16 14:00:00	2671004	2641464	5312468	0.99
2024-01-16 14:30:00	2843092	2820981	5664073	0.99
2024-01-16 15:00:00	3070649	3103607	6174256	1.01
2024-01-16 15:15:00	3130670	3206282	6336952	1.02
2024-01-12 09:00:00	662405	674929	1337334	1.02
2024-01-12 09:30:00	1153269	1117662	2270931	0.97
2024-01-12 10:00:00	1787606	1445237	3232843	0.81
2024-01-12 10:30:00	2067666	1687063	3754729	0.82
2024-01-12 11:00:00	2341848	1986078	4327926	0.85
2024-01-12 11:30:00	2579438	2204070	4783508	0.85
2024-01-12 12:00:00	2817781	2361523	5179304	0.84
2024-01-12 12:30:00	3120295	2566227	5686522	0.82
2024-01-12 13:00:00	3414823	2753430	6168253	0.81
2024-01-12 13:30:00	3740199	3139741	6879940	0.84
2024-01-12 14:00:00	3974453	3487965	7462418	0.88
2024-01-12 14:30:00	4246119	3787635	8033754	0.89
2024-01-12 15:00:00	4694769	4206549	8901318	0.9
2024-01-12 15:15:00	4816354	4314536	9130890	0.9
2024-01-11 09:00:00	405908	401590	807498	0.99
2024-01-11 09:30:00	717383	705698	1423081	0.98
2024-01-11 10:00:00	927898	868059	1795957	0.94
2024-01-11 10:30:00	1134890	1085771	2220661	0.96
2024-01-11 11:00:00	1344503	1230567	2575070	0.92
2024-01-11 11:30:00	1472576	1343444	2816020	0.91
2024-01-11 12:00:00	1598540	1468234	3066774	0.92
2024-01-11 12:30:00	1755849	1590617	3346466	0.91
2024-01-11 13:00:00	2103704	1930659	4034363	0.92
2024-01-11 13:30:00	2215995	2093988	4309983	0.94
2024-01-11 14:00:00	2368680	2223928	4592608	0.94
2024-01-11 14:30:00	2537392	2618673	5156065	1.03
2024-01-11 15:00:00	2745241	2892752	5637993	1.05
2024-01-11 15:15:00	2774088	2938952	5713040	1.06
2024-01-11 09:00:00	591399	569805	1161204	0.96
2024-01-11 09:30:00	1063245	1047843	2111088	0.99
2024-01-11 10:00:00	1364766	1306509	2671275	0.96
2024-01-11 10:30:00	1673596	1634531	3308127	0.98
2024-01-11 11:00:00	1963352	1856795	3820147	0.95
2024-01-11 11:30:00	2152852	2028176	4181028	0.94
2024-01-11 12:00:00	2352872	2211839	4564711	0.94
2024-01-11 12:30:00	2588905	2418704	5007609	0.93
2024-01-11 13:00:00	3011365	2836620	5847985	0.94
2024-01-11 13:30:00	3206584	3079318	6285902	0.96
2024-01-11 14:00:00	3448917	3292460	6741377	0.95
2024-01-11 14:30:00	3706365	3792433	7498798	1.02
2024-01-11 15:00:00	3997193	4140659	8137852	1.04
2024-01-11 15:15:00	4036908	4192410	8229318	1.04
2024-01-10 09:00:00	545675	382583	928258	0.7
2024-01-10 09:30:00	909899	706240	1616139	0.78
2024-01-10 10:00:00	1293787	1012252	2306039	0.78
2024-01-10 10:30:00	1539385	1188286	2727671	0.77
2024-01-10 11:00:00	1742886	1372124	3115010	0.79
2024-01-10 11:30:00	1939649	1525138	3464787	0.79
2024-01-10 12:00:00	2142252	1681671	3823923	0.79
2024-01-10 12:30:00	2454894	2017230	4472124	0.82
2024-01-10 13:00:00	2624858	2189935	4814793	0.83
2024-01-10 13:30:00	2938827	2443972	5382799	0.83
2024-01-10 14:00:00	3235094	3528988	6764082	1.09
2024-01-10 14:30:00	3544915	4437893	7982808	1.25
2024-01-10 15:00:00	3901845	4997937	8899782	1.28
2024-01-10 15:15:00	3953074	5103496	9056570	1.29
2024-01-05 09:00:00	490729	512147	1002876	1.04
2024-01-05 09:30:00	969774	1447609	2417383	1.49
2024-01-05 10:00:00	1242484	1688789	2931273	1.36
2024-01-05 10:30:00	1545668	1999213	3544881	1.29
2024-01-05 11:00:00	1759363	2253307	4012670	1.28
2024-01-05 11:30:00	2015829	2534430	4550259	1.26
2024-01-05 12:00:00	2187843	2716218	4904061	1.24
2024-01-05 12:30:00	2387846	2967536	5355382	1.24
2024-01-05 13:00:00	2599126	3168988	5768114	1.22
2024-01-05 13:30:00	2817182	3399206	6216388	1.21
2024-01-05 14:00:00	3053886	3700117	6754003	1.21
2024-01-05 14:30:00	3302999	3989239	7292238	1.21
2024-01-05 15:00:00	3670834	4425147	8095981	1.21
2024-01-05 15:15:00	3725369	4532659	8258028	1.22
2024-01-04 09:00:00	422413	394817	817230	0.93
2024-01-04 09:30:00	853890	766305	1620195	0.9
2024-01-04 10:00:00	1092870	978713	2071583	0.9
2024-01-04 10:30:00	1346553	1226057	2572610	0.91
2024-01-04 11:00:00	1574043	1437065	3011108	0.91
2024-01-04 11:30:00	1746486	1597529	3344015	0.91
2024-01-04 12:00:00	1940558	1797334	3737892	0.93
2024-01-04 12:30:00	1437514	1296096	2733610	0.9
2024-01-04 13:00:00	1545922	1377499	2923421	0.89
2024-01-04 13:30:00	2444802	2240724	4685526	0.92
2024-01-04 14:00:00	2682452	2477559	5160011	0.92
2024-01-04 14:30:00	1992031	1809236	3801267	0.91
2024-01-04 15:00:00	2249752	2053302	4303054	0.91
2024-01-04 15:15:00	2319202	2162899	4482101	0.93
2024-01-03 09:00:00	510739	555897	1066636	1.09
2024-01-03 09:30:00	933179	1066247	1999426	1.14
2024-01-03 10:00:00	1242745	1364766	2607511	1.1
2024-01-03 10:30:00	1464741	1558723	3023464	1.06
2024-01-03 11:00:00	1651258	1718997	3370255	1.04
2024-01-03 11:30:00	1805644	1870480	3676124	1.04
2024-01-03 12:00:00	1974938	2023640	3998578	1.02
2024-01-03 12:30:00	2287407	2380610	4668017	1.04
2024-01-03 13:00:00	2459376	2538920	4998296	1.03
2024-01-03 13:30:00	1996001	2053096	4049097	1.03
2024-01-03 14:00:00	2932655	2990005	5922660	1.02
2024-01-03 14:30:00	3194549	3242638	6437187	1.02
2024-01-03 15:00:00	3537367	3621926	7159293	1.02
2024-01-03 15:15:00	2643189	2820091	5463280	1.07
2024-01-02 09:00:00	553575	515637	1069212	0.93
2024-01-02 09:30:00	931168	837110	1768278	0.9
2024-01-02 10:00:00	1241895	1079128	2321023	0.87
2024-01-02 10:30:00	1483343	1259081	2742424	0.85
2024-01-02 11:00:00	1731498	1519027	3250525	0.88
2024-01-02 11:30:00	1884657	1686535	3571192	0.89
2024-01-02 12:00:00	2062833	1864416	3927249	0.9
2024-01-02 12:30:00	2243164	2037135	4280299	0.91
2024-01-02 13:00:00	2403931	2214015	4617946	0.92
2024-01-02 13:30:00	2592454	2526443	5118897	0.97
2024-01-02 14:00:00	2949326	2753645	5702971	0.93
2024-01-02 14:30:00	2399405	2158415	4557820	0.9
2024-01-02 15:00:00	2759726	2446875	5206601	0.89
2024-01-02 15:15:00	2806545	2526887	5333432	0.9
