TIME	CALLS	PUTS	TOTAL
2022-09-12 09:00:00	321318	196311	517629
2022-09-12 09:30:00	538403	359866	898269
2022-09-12 10:00:00	685764	477828	1163592
2022-09-12 10:30:00	807158	569859	1377017
2022-09-12 11:00:00	902565	647486	1550051
2022-09-12 11:30:00	982029	790052	1772081
2022-09-12 12:00:00	1053891	849816	1903707
2022-09-12 12:30:00	1124161	903243	2027404
2022-09-12 13:00:00	1253154	996732	2249886
2022-09-12 13:30:00	1329573	1066597	2396170
2022-09-12 14:00:00	1394543	1125973	2520516
2022-09-12 14:30:00	1481533	1219777	2701310
2022-09-12 15:00:00	1627879	1331359	2959238
2022-09-12 15:15:00	1640965	1343532	2984497
2022-09-09 09:00:00	425388	308489	733877
2022-09-09 09:30:00	705760	527031	1232791
2022-09-09 10:00:00	929897	796345	1726242
2022-09-09 10:30:00	1081188	936617	2017805
2022-09-09 11:00:00	1260260	1059990	2320250
2022-09-09 11:30:00	1390381	1166320	2556701
2022-09-09 12:00:00	1531975	1260648	2792623
2022-09-09 12:30:00	1667645	1362240	3029885
2022-09-09 13:00:00	1792786	1470610	3263396
2022-09-09 13:30:00	1911945	1625481	3537426
2022-09-09 14:00:00	2029471	1739491	3768962
2022-09-09 14:30:00	2193845	1844286	4038131
2022-09-09 15:00:00	2426549	2011735	4438284
2022-09-09 15:15:00	2438179	2026570	4464749
2022-09-08 09:00:00	291098	219596	510694
2022-09-08 09:30:00	480282	420916	901198
2022-09-08 10:00:00	663786	565920	1229706
2022-09-08 10:30:00	813368	725944	1539312
2022-09-08 11:00:00	954563	827786	1782349
2022-09-08 11:30:00	1124420	990689	2115109
2022-09-08 12:00:00	1225672	1082958	2308630
2022-09-08 12:30:00	1330125	1195359	2525484
2022-09-08 13:00:00	1418775	1278131	2696906
2022-09-08 13:30:00	1497665	1342404	2840069
2022-09-08 14:00:00	1603487	1433501	3036988
2022-09-08 14:30:00	1704795	1511408	3216203
2022-09-08 15:00:00	1851681	1638625	3490306
2022-09-08 15:15:00	1861717	1649154	3510871
2022-09-07 09:00:00	272905	200979	473884
2022-09-07 09:30:00	413282	340171	753453
2022-09-07 10:00:00	552576	434708	987284
2022-09-07 10:30:00	661008	532744	1193752
2022-09-07 11:00:00	746477	598500	1344977
2022-09-07 11:30:00	827865	672494	1500359
2022-09-07 12:00:00	922317	743693	1666010
2022-09-07 12:30:00	1008134	812270	1820404
2022-09-07 13:00:00	1102578	918531	2021109
2022-09-07 13:30:00	1204157	1005843	2210000
2022-09-07 14:00:00	1305194	1111430	2416624
2022-09-07 14:30:00	1428361	1211114	2639475
2022-09-07 15:00:00	1565827	1332399	2898226
2022-09-07 15:15:00	1576894	1340025	2916919
2022-09-06 09:00:00	182569	159870	342439
2022-09-06 09:30:00	308336	303788	612124
2022-09-06 10:00:00	418329	388096	806425
2022-09-06 10:30:00	521891	513483	1035374
2022-09-06 11:00:00	633032	603854	1236886
2022-09-06 11:30:00	738703	725453	1464156
2022-09-06 12:00:00	820010	788958	1608968
2022-09-06 12:30:00	924886	871595	1796481
2022-09-06 13:00:00	1029149	966172	1995321
2022-09-06 13:30:00	1117129	1025741	2142870
2022-09-06 14:00:00	1188112	1099283	2287395
2022-09-06 14:30:00	1282710	1191874	2474584
2022-09-06 15:00:00	1408353	1312904	2721257
2022-09-06 15:15:00	1413889	1322050	2735939
2022-09-02 09:00:00	305471	269712	575183
2022-09-02 09:30:00	539960	460347	1000307
2022-09-02 10:00:00	766567	697470	1464037
2022-09-02 10:30:00	889646	813497	1703143
2022-09-02 11:00:00	1016616	911390	1928006
2022-09-02 11:30:00	1162942	1033185	2196127
2022-09-02 12:00:00	1312380	1196556	2508936
2022-09-02 12:30:00	1458969	1337925	2796894
2022-09-02 13:00:00	1607915	1512474	3120389
2022-09-02 13:30:00	1708830	1617252	3326082
2022-09-02 14:00:00	1806429	1728460	3534889
2022-09-02 14:30:00	1918193	1850535	3768728
2022-09-02 15:00:00	2094809	2090889	4185698
2022-09-02 15:15:00	2107835	2104703	4212538
2022-09-01 09:00:00	317294	333753	651047
2022-09-01 09:30:00	572298	593044	1165342
2022-09-01 10:00:00	750281	812761	1563042
2022-09-01 10:30:00	917532	1024601	1942133
2022-09-01 11:00:00	1058275	1181139	2239414
2022-09-01 11:30:00	1221053	1302379	2523432
2022-09-01 12:00:00	1317966	1426000	2743966
2022-09-01 12:30:00	1420007	1589658	3009665
2022-09-01 13:00:00	1525419	1672244	3197663
2022-09-01 13:30:00	1635322	1782128	3417450
2022-09-01 14:00:00	1749576	1915700	3665276
2022-09-01 14:30:00	1894056	2026781	3920837
2022-09-01 15:00:00	2053734	2199327	4253061
2022-09-01 15:15:00	2061021	2213061	4274082
2022-08-31 09:00:00	297163	235389	532552
2022-08-31 09:30:00	446693	379192	825885
2022-08-31 10:00:00	587910	565955	1153865
2022-08-31 10:30:00	709066	673980	1383046
2022-08-31 11:00:00	807271	750642	1557913
2022-08-31 11:30:00	877897	810899	1688796
2022-08-31 12:00:00	943874	862760	1806634
2022-08-31 12:30:00	1018990	920406	1939396
2022-08-31 13:00:00	1084077	1018429	2102506
2022-08-31 13:30:00	1152372	1105668	2258040
2022-08-31 14:00:00	1232514	1202054	2434568
2022-08-31 14:30:00	1338296	1295616	2633912
2022-08-31 15:00:00	1482730	1410341	2893071
2022-08-31 15:15:00	1488801	1424341	2913142
2022-08-30 09:00:00	234431	170733	405164
2022-08-30 09:30:00	414268	354499	768767
2022-08-30 10:00:00	621483	576841	1198324
2022-08-30 10:30:00	744927	719798	1464725
2022-08-30 11:00:00	843065	808885	1651950
2022-08-30 11:30:00	929239	905702	1834941
2022-08-30 12:00:00	1010510	998195	2008705
2022-08-30 12:30:00	1106717	1170147	2276864
2022-08-30 13:00:00	1200296	1344296	2544592
2022-08-30 13:30:00	1278211	1430833	2709044
2022-08-30 14:00:00	1357599	1500219	2857818
2022-08-30 14:30:00	1454292	1591920	3046212
2022-08-30 15:00:00	1573778	1727627	3301405
2022-08-30 15:15:00	1584038	1733554	3317592
2022-08-29 09:00:00	278247	236620	514867
2022-08-29 09:30:00	450916	474217	925133
2022-08-29 10:00:00	596400	630717	1227117
2022-08-29 10:30:00	698165	769862	1468027
2022-08-29 11:00:00	796201	852817	1649018
2022-08-29 11:30:00	908488	923355	1831843
2022-08-29 12:00:00	1021381	989326	2010707
2022-08-29 12:30:00	1097708	1058384	2156092
2022-08-29 13:00:00	1183066	1135473	2318539
2022-08-29 13:30:00	1251619	1191975	2443594
2022-08-29 14:00:00	1318424	1246371	2564795
2022-08-29 14:30:00	1393651	1316342	2709993
2022-08-29 15:00:00	1499622	1412334	2911956
2022-08-29 15:15:00	1503041	1422418	2925459
2022-08-26 09:00:00	382767	203979	586746
2022-08-26 09:30:00	666241	411950	1078191
2022-08-26 10:00:00	909357	635222	1544579
2022-08-26 10:30:00	1123605	818227	1941832
2022-08-26 11:00:00	1285566	931671	2217237
2022-08-26 11:30:00	1423460	1090542	2514002
2022-08-26 12:00:00	1539221	1193700	2732921
2022-08-26 12:30:00	1646409	1291460	2937869
2022-08-26 13:00:00	1760295	1406604	3166899
2022-08-26 13:30:00	1875084	1530036	3405120
2022-08-26 14:00:00	1987687	1686489	3674176
2022-08-26 14:30:00	2137627	1863108	4000735
2022-08-26 15:00:00	2354959	2149965	4504924
2022-08-26 15:15:00	2366849	2193707	4560556
2022-08-25 09:00:00	318624	203782	522406
2022-08-25 09:30:00	566772	365134	931906
2022-08-25 10:00:00	758952	599673	1358625
2022-08-25 10:30:00	903885	724523	1628408
2022-08-25 11:00:00	1014222	797683	1811905
2022-08-25 11:30:00	1120152	887209	2007361
2022-08-25 12:00:00	1202292	950962	2153254
2022-08-25 12:30:00	1289992	1009268	2299260
2022-08-25 13:00:00	1391682	1078792	2470474
2022-08-25 13:30:00	1468405	1156822	2625227
2022-08-25 14:00:00	1560639	1226364	2787003
2022-08-25 14:30:00	1667517	1316511	2984028
2022-08-25 15:00:00	1881024	1457163	3338187
2022-08-25 15:15:00	1888279	1469087	3357366
2022-08-24 09:00:00	238444	150107	388551
2022-08-24 09:30:00	426022	272463	698485
2022-08-24 10:00:00	558357	351025	909382
2022-08-24 10:30:00	686117	437467	1123584
2022-08-24 11:00:00	786943	509282	1296225
2022-08-24 11:30:00	875612	572559	1448171
2022-08-24 12:00:00	968281	653181	1621462
2022-08-24 12:30:00	1041672	707707	1749379
2022-08-24 13:00:00	1109817	763783	1873600
2022-08-24 13:30:00	1170654	816634	1987288
2022-08-24 14:00:00	1243414	868640	2112054
2022-08-24 14:30:00	1329220	945330	2274550
2022-08-24 15:00:00	1506804	1047759	2554563
2022-08-24 15:15:00	1511512	1056056	2567568
2022-08-23 09:00:00	278993	330098	609091
2022-08-23 09:30:00	478926	478774	957700
2022-08-23 10:00:00	616790	592731	1209521
2022-08-23 10:30:00	738942	686386	1425328
2022-08-23 11:00:00	836830	759818	1596648
2022-08-23 11:30:00	911829	839670	1751499
2022-08-23 12:00:00	985074	902747	1887821
2022-08-23 12:30:00	1058866	964078	2022944
2022-08-23 13:00:00	1158396	1056060	2214456
2022-08-23 13:30:00	1238694	1111231	2349925
2022-08-23 14:00:00	1331356	1167441	2498797
2022-08-23 14:30:00	1416115	1225609	2641724
2022-08-23 15:00:00	1538578	1346335	2884913
2022-08-23 15:15:00	1551278	1354297	2905575
2022-08-22 09:00:00	289559	246065	535624
2022-08-22 09:30:00	492075	448149	940224
2022-08-22 10:00:00	638173	583949	1222122
2022-08-22 10:30:00	750674	709550	1460224
2022-08-22 11:00:00	865856	863412	1729268
2022-08-22 11:30:00	951071	933692	1884763
2022-08-22 12:00:00	1024419	997592	2022011
2022-08-22 12:30:00	1108928	1083497	2192425
2022-08-22 13:00:00	1209844	1165883	2375727
2022-08-22 13:30:00	1298695	1254784	2553479
2022-08-22 14:00:00	1393385	1337494	2730879
2022-08-22 14:30:00	1501315	1453728	2955043
2022-08-22 15:00:00	1652919	1595480	3248399
2022-08-22 15:15:00	1659602	1603795	3263397
2022-08-19 09:00:00	380997	366660	747657
2022-08-19 09:30:00	661130	625120	1286250
2022-08-19 10:00:00	855590	776716	1632306
2022-08-19 10:30:00	1042714	947048	1989762
2022-08-19 11:00:00	1188484	1077230	2265714
2022-08-19 11:30:00	1312883	1178569	2491452
2022-08-19 12:00:00	1435098	1283764	2718862
2022-08-19 12:30:00	1558184	1386907	2945091
2022-08-19 13:00:00	1690958	1494610	3185568
2022-08-19 13:30:00	1811987	1602408	3414395
2022-08-19 14:00:00	1939034	1710331	3649365
2022-08-19 14:30:00	2108787	1874712	3983499
2022-08-19 15:00:00	2327563	2095825	4423388
2022-08-19 15:15:00	2336469	2107518	4443987
2022-08-18 09:00:00	275631	179929	455560
2022-08-18 09:30:00	472368	384909	857277
2022-08-18 10:00:00	639644	487602	1127246
2022-08-18 10:30:00	804656	585722	1390378
2022-08-18 11:00:00	934651	681001	1615652
2022-08-18 11:30:00	1029582	774162	1803744
2022-08-18 12:00:00	1122843	840728	1963571
2022-08-18 12:30:00	1227222	902599	2129821
2022-08-18 13:00:00	1304979	968618	2273597
2022-08-18 13:30:00	1414720	1025223	2439943
2022-08-18 14:00:00	1506696	1135328	2642024
2022-08-18 14:30:00	1611155	1214792	2825947
2022-08-18 15:00:00	1764405	1361448	3125853
2022-08-18 15:15:00	1775138	1373628	3148766
2022-08-17 09:00:00	284377	226206	510583
2022-08-17 09:30:00	496957	362823	859780
2022-08-17 10:00:00	663740	467701	1131441
2022-08-17 10:30:00	785212	568113	1353325
2022-08-17 11:00:00	933945	707954	1641899
2022-08-17 11:30:00	1047975	792035	1840010
2022-08-17 12:00:00	1141607	849142	1990749
2022-08-17 12:30:00	1214747	897442	2112189
2022-08-17 13:00:00	1289633	955505	2245138
2022-08-17 13:30:00	1423705	1069650	2493355
2022-08-17 14:00:00	1542098	1159868	2701966
2022-08-17 14:30:00	1639393	1243472	2882865
2022-08-17 15:00:00	1765143	1352790	3117933
2022-08-17 15:15:00	1768539	1356930	3125469
2022-08-16 09:00:00	267483	185804	453287
2022-08-16 09:30:00	449302	338784	788086
2022-08-16 10:00:00	625997	526805	1152802
2022-08-16 10:30:00	791191	632945	1424136
2022-08-16 11:00:00	982299	747590	1729889
2022-08-16 11:30:00	1131842	844587	1976429
2022-08-16 12:00:00	1268395	931865	2200260
2022-08-16 12:30:00	1375878	998246	2374124
2022-08-16 13:00:00	1513535	1077251	2590786
2022-08-16 13:30:00	1669560	1183647	2853207
2022-08-16 14:00:00	1854376	1331589	3185965
2022-08-16 14:30:00	1959218	1417682	3376900
2022-08-16 15:00:00	2088393	1525624	3614017
2022-08-16 15:15:00	2091905	1537645	3629550
2022-08-15 09:00:00	308705	201819	510524
2022-08-15 09:30:00	507756	349560	857316
2022-08-15 10:00:00	642353	455165	1097518
2022-08-15 10:30:00	747901	552510	1300411
2022-08-15 11:00:00	893150	685230	1578380
2022-08-15 11:30:00	1001992	776460	1778452
2022-08-15 12:00:00	1116298	856903	1973201
2022-08-15 12:30:00	1208619	932073	2140692
2022-08-15 13:00:00	1289270	1009722	2298992
2022-08-15 13:30:00	1374656	1063674	2438330
2022-08-15 14:00:00	1473761	1137446	2611207
2022-08-15 14:30:00	1580443	1217368	2797811
2022-08-15 15:00:00	1714866	1340083	3054949
2022-08-15 15:15:00	1720974	1350947	3071921
2022-08-12 09:00:00	323645	223173	546818
2022-08-12 09:30:00	533669	375156	908825
2022-08-12 10:00:00	710918	491513	1202431
2022-08-12 10:30:00	887257	638456	1525713
2022-08-12 11:00:00	1021210	772699	1793909
2022-08-12 11:30:00	1141908	876398	2018306
2022-08-12 12:00:00	1274672	960916	2235588
2022-08-12 12:30:00	1425938	1194509	2620447
2022-08-12 13:00:00	1568486	1291889	2860375
2022-08-12 13:30:00	1719507	1400630	3120137
2022-08-12 14:00:00	1881277	1505918	3387195
2022-08-12 14:30:00	2093611	1635188	3728799
2022-08-12 15:00:00	2355403	1783089	4138492
2022-08-12 15:15:00	2370276	1798320	4168596
2022-08-11 09:00:00	465264	217388	682652
2022-08-11 09:30:00	837435	427747	1265182
2022-08-11 10:00:00	1082748	605674	1688422
2022-08-11 10:30:00	1260366	919763	2180129
2022-08-11 11:00:00	1392234	1037051	2429285
2022-08-11 11:30:00	1492718	1118087	2610805
2022-08-11 12:00:00	1581926	1175970	2757896
2022-08-11 12:30:00	1668444	1229955	2898399
2022-08-11 13:00:00	1772169	1298002	3070171
2022-08-11 13:30:00	1861719	1366319	3228038
2022-08-11 14:00:00	1979002	1475136	3454138
2022-08-11 14:30:00	2080373	1550250	3630623
2022-08-11 15:00:00	2208810	1647721	3856531
2022-08-11 15:15:00	2219286	1666887	3886173
2022-08-10 09:00:00	357225	249338	606563
2022-08-10 09:30:00	555655	454750	1010405
2022-08-10 10:00:00	714235	597391	1311626
2022-08-10 10:30:00	877128	706209	1583337
2022-08-10 11:00:00	1013520	811136	1824656
2022-08-10 11:30:00	1128013	898381	2026394
2022-08-10 12:00:00	1222103	984435	2206538
2022-08-10 12:30:00	1309055	1042258	2351313
2022-08-10 13:00:00	1419408	1127723	2547131
2022-08-10 13:30:00	1504063	1188761	2692824
2022-08-10 14:00:00	1620618	1266786	2887404
2022-08-10 14:30:00	1723662	1347762	3071424
2022-08-10 15:00:00	1892928	1505974	3398902
2022-08-10 15:15:00	1898099	1513383	3411482
2022-08-09 09:00:00	272554	255556	528110
2022-08-09 09:30:00	470906	404831	875737
2022-08-09 10:00:00	607469	499485	1106954
2022-08-09 10:30:00	728661	612193	1340854
2022-08-09 11:00:00	845530	698218	1543748
2022-08-09 11:30:00	945596	786568	1732164
2022-08-09 12:00:00	1044533	863288	1907821
2022-08-09 12:30:00	1136395	927399	2063794
2022-08-09 13:00:00	1229155	1000952	2230107
2022-08-09 13:30:00	1300903	1073003	2373906
2022-08-09 14:00:00	1396294	1144867	2541161
2022-08-09 14:30:00	1472417	1216942	2689359
2022-08-09 15:00:00	1619470	1321670	2941140
2022-08-09 15:15:00	1623979	1327369	2951348
2022-08-08 09:00:00	406111	214388	620499
2022-08-08 09:30:00	665754	482235	1147989
2022-08-08 10:00:00	826277	607535	1433812
2022-08-08 10:30:00	985518	734980	1720498
2022-08-08 11:00:00	1140184	854039	1994223
2022-08-08 11:30:00	1262091	963027	2225118
2022-08-08 12:00:00	1359307	1029128	2388435
2022-08-08 12:30:00	1432307	1088541	2520848
2022-08-08 13:00:00	1504843	1149459	2654302
2022-08-08 13:30:00	1593295	1209104	2802399
2022-08-08 14:00:00	1670860	1283969	2954829
2022-08-08 14:30:00	1754709	1371082	3125791
2022-08-08 15:00:00	1874675	1468419	3343094
2022-08-08 15:15:00	1877686	1473215	3350901
2022-08-05 09:00:00	385939	296916	682855
2022-08-05 09:30:00	682915	514944	1197859
2022-08-05 10:00:00	878926	651939	1530865
2022-08-05 10:30:00	1084935	823823	1908758
2022-08-05 11:00:00	1258976	939033	2198009
2022-08-05 11:30:00	1402125	1045359	2447484
2022-08-05 12:00:00	1530545	1156117	2686662
2022-08-05 12:30:00	1660787	1256123	2916910
2022-08-05 13:00:00	1788244	1338581	3126825
2022-08-05 13:30:00	1910721	1422948	3333669
2022-08-05 14:00:00	2030555	1520775	3551330
2022-08-05 14:30:00	2169347	1629479	3798826
2022-08-05 15:00:00	2387759	1782382	4170141
2022-08-05 15:15:00	2393547	1845208	4238755
2022-08-04 09:00:00	375395	226614	602009
2022-08-04 09:30:00	598923	396002	994925
2022-08-04 10:00:00	800859	549307	1350166
2022-08-04 10:30:00	949595	648271	1597866
2022-08-04 11:00:00	1080715	744883	1825598
2022-08-04 11:30:00	1235656	870749	2106405
2022-08-04 12:00:00	1361968	954305	2316273
2022-08-04 12:30:00	1469781	1047442	2517223
2022-08-04 13:00:00	1566880	1119102	2685982
2022-08-04 13:30:00	1672487	1200314	2872801
2022-08-04 14:00:00	1774586	1271368	3045954
2022-08-04 14:30:00	1908360	1364249	3272609
2022-08-04 15:00:00	2103848	1491216	3595064
2022-08-04 15:15:00	2108037	1499665	3607702
2022-08-03 09:00:00	311883	174229	486112
2022-08-03 09:30:00	531465	315271	846736
2022-08-03 10:00:00	676326	416197	1092523
2022-08-03 10:30:00	811177	535114	1346291
2022-08-03 11:00:00	957281	663735	1621016
2022-08-03 11:30:00	1084927	747393	1832320
2022-08-03 12:00:00	1208625	841427	2050052
2022-08-03 12:30:00	1335526	1012408	2347934
2022-08-03 13:00:00	1448570	1081535	2530105
2022-08-03 13:30:00	1570715	1167332	2738047
2022-08-03 14:00:00	1670386	1261386	2931772
2022-08-03 14:30:00	1768304	1336249	3104553
2022-08-03 15:00:00	1948543	1475609	3424152
2022-08-03 15:15:00	1953588	1490266	3443854
2022-08-02 09:00:00	290066	199584	489650
2022-08-02 09:30:00	482960	353572	836532
2022-08-02 10:00:00	654277	492745	1147022
2022-08-02 10:30:00	776509	589411	1365920
2022-08-02 11:00:00	897634	676461	1574095
2022-08-02 11:30:00	1045289	784961	1830250
2022-08-02 12:00:00	1164159	865630	2029789
2022-08-02 12:30:00	1286594	1076460	2363054
2022-08-02 13:00:00	1399084	1188916	2588000
2022-08-02 13:30:00	1525859	1267170	2793029
2022-08-02 14:00:00	1607871	1353593	2961464
2022-08-02 14:30:00	1706633	1437058	3143691
2022-08-02 15:00:00	1851625	1553931	3405556
2022-08-02 15:15:00	1856469	1561034	3417503
2022-08-01 09:00:00	283278	189292	472570
2022-08-01 09:30:00	504788	440115	944903
2022-08-01 10:00:00	681977	595570	1277547
2022-08-01 10:30:00	814910	689015	1503925
2022-08-01 11:00:00	927657	806885	1734542
2022-08-01 11:30:00	1034783	885613	1920396
2022-08-01 12:00:00	1123487	945753	2069240
2022-08-01 12:30:00	1204239	1030879	2235118
2022-08-01 13:00:00	1313555	1127141	2440696
2022-08-01 13:30:00	1405960	1214482	2620442
2022-08-01 14:00:00	1486938	1272003	2758941
2022-08-01 14:30:00	1583756	1336860	2920616
2022-08-01 15:00:00	1700641	1435212	3135853
2022-08-01 15:15:00	1703813	1456692	3160505
2022-07-29 09:00:00	422574	312906	735480
2022-07-29 09:30:00	706663	602263	1308926
2022-07-29 10:00:00	941525	761339	1702864
2022-07-29 10:30:00	1128733	951173	2079906
2022-07-29 11:00:00	1259488	1064997	2324485
2022-07-29 11:30:00	1375940	1234463	2610403
2022-07-29 12:00:00	1488982	1320269	2809251
2022-07-29 12:30:00	1628589	1396930	3025519
2022-07-29 13:00:00	1748880	1509018	3257898
2022-07-29 13:30:00	1884643	1652643	3537286
2022-07-29 14:00:00	2065742	1872120	3937862
2022-07-29 14:30:00	2251184	2003990	4255174
2022-07-29 15:00:00	2523844	2166030	4689874
2022-07-29 15:15:00	2541384	2178995	4720379
2022-07-28 09:00:00	364490	327304	691794
2022-07-28 09:30:00	571769	502573	1074342
2022-07-28 10:00:00	737662	629743	1367405
2022-07-28 10:30:00	896960	764471	1661431
2022-07-28 11:00:00	1056974	880241	1937215
2022-07-28 11:30:00	1177478	981897	2159375
2022-07-28 12:00:00	1274681	1052899	2327580
2022-07-28 12:30:00	1400719	1131939	2532658
2022-07-28 13:00:00	1530931	1233783	2764714
2022-07-28 13:30:00	1627325	1319581	2946906
2022-07-28 14:00:00	1744921	1413122	3158043
2022-07-28 14:30:00	1909078	1517104	3426182
2022-07-28 15:00:00	2124617	1692444	3817061
2022-07-28 15:15:00	2138704	1702959	3841663
2022-07-27 09:00:00	246711	202721	449432
2022-07-27 09:30:00	407187	318029	725216
2022-07-27 10:00:00	520713	461998	982711
2022-07-27 10:30:00	648958	548149	1197107
2022-07-27 11:00:00	740461	622876	1363337
2022-07-27 11:30:00	822003	695340	1517343
2022-07-27 12:00:00	910617	755414	1666031
2022-07-27 12:30:00	987791	810950	1798741
2022-07-27 13:00:00	1076668	883304	1959972
2022-07-27 13:30:00	1169289	965584	2134873
2022-07-27 14:00:00	1374719	1180244	2554963
2022-07-27 14:30:00	1567409	1348048	2915457
2022-07-27 15:00:00	1766247	1663751	3429998
2022-07-27 15:15:00	1771756	1738890	3510646
2022-07-26 09:00:00	241251	212993	454244
2022-07-26 09:30:00	397326	343269	740595
2022-07-26 10:00:00	507789	433253	941042
2022-07-26 10:30:00	613171	520864	1134035
2022-07-26 11:00:00	759503	621427	1380930
2022-07-26 11:30:00	857401	701625	1559026
2022-07-26 12:00:00	942689	771166	1713855
2022-07-26 12:30:00	1009698	831714	1841412
2022-07-26 13:00:00	1081480	895072	1976552
2022-07-26 13:30:00	1173852	987389	2161241
2022-07-26 14:00:00	1273069	1058943	2332012
2022-07-26 14:30:00	1365087	1142254	2507341
2022-07-26 15:00:00	1517417	1289821	2807238
2022-07-26 15:15:00	1526954	1303529	2830483
2022-07-25 09:00:00	233533	162086	395619
2022-07-25 09:30:00	366718	266988	633706
2022-07-25 10:00:00	464679	352921	817600
2022-07-25 10:30:00	600449	444382	1044831
2022-07-25 11:00:00	694277	511374	1205651
2022-07-25 11:30:00	785591	572925	1358516
2022-07-25 12:00:00	859531	643426	1502957
2022-07-25 12:30:00	924378	686396	1610774
2022-07-25 13:00:00	986316	748211	1734527
2022-07-25 13:30:00	1043783	800107	1843890
2022-07-25 14:00:00	1111697	862610	1974307
2022-07-25 14:30:00	1187674	940344	2128018
2022-07-25 15:00:00	1302779	1040578	2343357
2022-07-25 15:15:00	1307169	1051323	2358492
2022-07-22 09:00:00	339347	287666	627013
2022-07-22 09:30:00	576234	495030	1071264
2022-07-22 10:00:00	723976	609196	1333172
2022-07-22 10:30:00	888941	759499	1648440
2022-07-22 11:00:00	1057254	908586	1965840
2022-07-22 11:30:00	1199656	1145517	2345173
2022-07-22 12:00:00	1307060	1252483	2559543
2022-07-22 12:30:00	1463495	1375514	2839009
2022-07-22 13:00:00	1575425	1484647	3060072
2022-07-22 13:30:00	1678495	1629410	3307905
2022-07-22 14:00:00	1779978	1722020	3501998
2022-07-22 14:30:00	1910593	1822529	3733122
2022-07-22 15:00:00	2136630	2004782	4141412
2022-07-22 15:15:00	2142184	2019917	4162101
2022-07-21 09:00:00	298428	189593	488021
2022-07-21 09:30:00	516265	357584	873849
2022-07-21 10:00:00	649046	507153	1156199
2022-07-21 10:30:00	775465	615471	1390936
2022-07-21 11:00:00	891335	731369	1622704
2022-07-21 11:30:00	1034938	852836	1887774
2022-07-21 12:00:00	1164085	956220	2120305
2022-07-21 12:30:00	1257604	1038762	2296366
2022-07-21 13:00:00	1350122	1117495	2467617
2022-07-21 13:30:00	1450178	1181103	2631281
2022-07-21 14:00:00	1546251	1253089	2799340
2022-07-21 14:30:00	1668061	1338210	3006271
2022-07-21 15:00:00	1873494	1488924	3362418
2022-07-21 15:15:00	1893269	1516185	3409454
2022-07-20 09:00:00	231749	156824	388573
2022-07-20 09:30:00	400876	289894	690770
2022-07-20 10:00:00	626277	423768	1050045
2022-07-20 10:30:00	779539	522560	1302099
2022-07-20 11:00:00	907608	616286	1523894
2022-07-20 11:30:00	1023444	690474	1713918
2022-07-20 12:00:00	1147909	776358	1924267
2022-07-20 12:30:00	1264988	882190	2147178
2022-07-20 13:00:00	1349775	952936	2302711
2022-07-20 13:30:00	1413418	1041219	2454637
2022-07-20 14:00:00	1494685	1094774	2589459
2022-07-20 14:30:00	1600874	1173765	2774639
2022-07-20 15:00:00	1749701	1289646	3039347
2022-07-20 15:15:00	1753569	1298846	3052415
2022-07-19 09:00:00	234794	172836	407630
2022-07-19 09:30:00	390633	294768	685401
2022-07-19 10:00:00	527515	490904	1018419
2022-07-19 10:30:00	705184	593947	1299131
2022-07-19 11:00:00	824948	669404	1494352
2022-07-19 11:30:00	928800	746362	1675162
2022-07-19 12:00:00	1047346	865113	1912459
2022-07-19 12:30:00	1139846	940301	2080147
2022-07-19 13:00:00	1251602	1023317	2274919
2022-07-19 13:30:00	1378461	1190680	2569141
2022-07-19 14:00:00	1470796	1273831	2744627
2022-07-19 14:30:00	1563640	1353478	2917118
2022-07-19 15:00:00	1725334	1472331	3197665
2022-07-19 15:15:00	1727534	1475472	3203006
2022-07-18 09:00:00	356422	184162	540584
2022-07-18 09:30:00	540353	351976	892329
2022-07-18 10:00:00	669389	465736	1135125
2022-07-18 10:30:00	782209	542654	1324863
2022-07-18 11:00:00	898835	618140	1516975
2022-07-18 11:30:00	1000023	711861	1711884
2022-07-18 12:00:00	1078652	790578	1869230
2022-07-18 12:30:00	1154682	849878	2004560
2022-07-18 13:00:00	1272481	967333	2239814
2022-07-18 13:30:00	1362841	1043912	2406753
2022-07-18 14:00:00	1439598	1128504	2568102
2022-07-18 14:30:00	1535424	1200225	2735649
2022-07-18 15:00:00	1672226	1314268	2986494
2022-07-18 15:15:00	1679860	1322931	3002791
2022-07-15 09:00:00	317934	299148	617082
2022-07-15 09:30:00	516791	475523	992314
2022-07-15 10:00:00	662964	632651	1295615
2022-07-15 10:30:00	833586	761864	1595450
2022-07-15 11:00:00	949348	866283	1815631
2022-07-15 11:30:00	1058289	956528	2014817
2022-07-15 12:00:00	1151831	1042053	2193884
2022-07-15 12:30:00	1273347	1131067	2404414
2022-07-15 13:00:00	1378370	1228160	2606530
2022-07-15 13:30:00	1490935	1336625	2827560
2022-07-15 14:00:00	1610107	1439767	3049874
2022-07-15 14:30:00	1733139	1532891	3266030
2022-07-15 15:00:00	1983659	1674689	3658348
2022-07-15 15:15:00	1991660	1695966	3687626
2022-07-14 09:00:00	244413	308625	553038
2022-07-14 09:30:00	436413	493654	930067
2022-07-14 10:00:00	570650	612557	1183207
2022-07-14 10:30:00	709920	720910	1430830
2022-07-14 11:00:00	833787	839217	1673004
2022-07-14 11:30:00	935391	929254	1864645
2022-07-14 12:00:00	1020770	1010878	2031648
2022-07-14 12:30:00	1104573	1082727	2187300
2022-07-14 13:00:00	1198161	1150323	2348484
2022-07-14 13:30:00	1292883	1252442	2545325
2022-07-14 14:00:00	1414316	1354653	2768969
2022-07-14 14:30:00	1515350	1434887	2950237
2022-07-14 15:00:00	1656300	1613885	3270185
2022-07-14 15:15:00	1660999	1622982	3283981
2022-07-13 09:00:00	230973	225392	456365
2022-07-13 09:30:00	388494	357475	745969
2022-07-13 10:00:00	545493	485825	1031318
2022-07-13 10:30:00	661454	563951	1225405
2022-07-13 11:00:00	736813	643159	1379972
2022-07-13 11:30:00	795228	701319	1496547
2022-07-13 12:00:00	854452	750881	1605333
2022-07-13 12:30:00	923294	833943	1757237
2022-07-13 13:00:00	977717	898992	1876709
2022-07-13 13:30:00	1058534	981909	2040443
2022-07-13 14:00:00	1124305	1040273	2164578
2022-07-13 14:30:00	1194229	1098317	2292546
2022-07-13 15:00:00	1295458	1213383	2508841
2022-07-13 15:15:00	1300322	1219754	2520076
2022-07-12 09:00:00	228367	164577	392944
2022-07-12 09:30:00	377422	293315	670737
2022-07-12 10:00:00	489273	385183	874456
2022-07-12 10:30:00	590995	455335	1046330
2022-07-12 11:00:00	685805	502483	1188288
2022-07-12 11:30:00	751883	546992	1298875
2022-07-12 12:00:00	818721	596574	1415295
2022-07-12 12:30:00	890985	651842	1542827
2022-07-12 13:00:00	939890	700537	1640427
2022-07-12 13:30:00	991578	744565	1736143
2022-07-12 14:00:00	1054515	810141	1864656
2022-07-12 14:30:00	1169356	921757	2091113
2022-07-12 15:00:00	1320945	1093388	2414333
2022-07-12 15:15:00	1327273	1107894	2435167
2022-07-11 09:00:00	363513	189173	552686
2022-07-11 09:30:00	521817	282709	804526
2022-07-11 10:00:00	606152	385958	992110
2022-07-11 10:30:00	710020	491833	1201853
2022-07-11 11:00:00	776162	545813	1321975
2022-07-11 11:30:00	829259	585525	1414784
2022-07-11 12:00:00	877570	630679	1508249
2022-07-11 12:30:00	937405	682250	1619655
2022-07-11 13:00:00	995080	724957	1720037
2022-07-11 13:30:00	1055039	773371	1828410
2022-07-11 14:00:00	1106949	825456	1932405
2022-07-11 14:30:00	1192174	932406	2124580
2022-07-11 15:00:00	1336866	1016292	2353158
2022-07-11 15:15:00	1339544	1023941	2363485
2022-07-08 09:00:00	269278	184152	453430
2022-07-08 09:30:00	459568	340306	799874
2022-07-08 10:00:00	705292	521397	1226689
2022-07-08 10:30:00	865720	632122	1497842
2022-07-08 11:00:00	1009476	739469	1748945
2022-07-08 11:30:00	1122103	834829	1956932
2022-07-08 12:00:00	1228265	937136	2165401
2022-07-08 12:30:00	1345091	1040784	2385875
2022-07-08 13:00:00	1442726	1111951	2554677
2022-07-08 13:30:00	1521326	1176917	2698243
2022-07-08 14:00:00	1632601	1262090	2894691
2022-07-08 14:30:00	1743645	1338130	3081775
2022-07-08 15:00:00	1898973	1452777	3351750
2022-07-08 15:15:00	1904304	1461202	3365506
2022-07-07 09:00:00	299673	184113	483786
2022-07-07 09:30:00	480340	311500	791840
2022-07-07 10:00:00	666854	474141	1140995
2022-07-07 10:30:00	792505	593853	1386358
2022-07-07 11:00:00	900301	666950	1567251
2022-07-07 11:30:00	1000303	736639	1736942
2022-07-07 12:00:00	1112550	815639	1928189
2022-07-07 12:30:00	1202069	877332	2079401
2022-07-07 13:00:00	1309559	959442	2269001
2022-07-07 13:30:00	1408242	1056962	2465204
2022-07-07 14:00:00	1497059	1155560	2652619
2022-07-07 14:30:00	1634349	1249437	2883786
2022-07-07 15:00:00	1788218	1356908	3145126
2022-07-07 15:15:00	1794353	1364162	3158515
2022-07-06 09:00:00	215497	148347	363844
2022-07-06 09:30:00	351615	249050	600665
2022-07-06 10:00:00	475277	374739	850016
2022-07-06 10:30:00	582487	445501	1027988
2022-07-06 11:00:00	653517	592742	1246259
2022-07-06 11:30:00	716416	637656	1354072
2022-07-06 12:00:00	770666	679324	1449990
2022-07-06 12:30:00	841628	723283	1564911
2022-07-06 13:00:00	902970	760491	1663461
2022-07-06 13:30:00	999414	832769	1832183
2022-07-06 14:00:00	1105074	908172	2013246
2022-07-06 14:30:00	1205378	985677	2191055
2022-07-06 15:00:00	1333264	1096937	2430201
2022-07-06 15:15:00	1336552	1128689	2465241
2022-07-05 09:00:00	201784	169333	371117
2022-07-05 09:30:00	343571	266914	610485
2022-07-05 10:00:00	538554	456613	995167
2022-07-05 10:30:00	643664	524949	1168613
2022-07-05 11:00:00	848798	589375	1438173
2022-07-05 11:30:00	933146	662062	1595208
2022-07-05 12:00:00	1004841	718807	1723648
2022-07-05 12:30:00	1077372	777839	1855211
2022-07-05 13:00:00	1175172	851148	2026320
2022-07-05 13:30:00	1267984	914916	2182900
2022-07-05 14:00:00	1363606	998909	2362515
2022-07-05 14:30:00	1464457	1096432	2560889
2022-07-05 15:00:00	1597414	1195117	2792531
2022-07-05 15:15:00	1639498	1208974	2848472
2022-07-01 09:00:00	307352	210691	518043
2022-07-01 09:30:00	489388	375296	864684
2022-07-01 10:00:00	687179	556551	1243730
2022-07-01 10:30:00	833163	646817	1479980
2022-07-01 11:00:00	933173	721751	1654924
2022-07-01 11:30:00	1037444	792355	1829799
2022-07-01 12:00:00	1130674	861189	1991863
2022-07-01 12:30:00	1214285	978658	2192943
2022-07-01 13:00:00	1321607	1057364	2378971
2022-07-01 13:30:00	1414872	1141180	2556052
2022-07-01 14:00:00	1533245	1243084	2776329
2022-07-01 14:30:00	1649573	1330722	2980295
2022-07-01 15:00:00	1833425	1480420	3313845
2022-07-01 15:15:00	1840097	1490867	3330964
2022-06-30 09:00:00	219660	213438	433098
2022-06-30 09:30:00	417270	365168	782438
2022-06-30 10:00:00	547869	471543	1019412
2022-06-30 10:30:00	661628	567076	1228704
2022-06-30 11:00:00	751911	639560	1391471
2022-06-30 11:30:00	834821	694973	1529794
2022-06-30 12:00:00	935145	849897	1785042
2022-06-30 12:30:00	1004830	910794	1915624
2022-06-30 13:00:00	1061330	961167	2022497
2022-06-30 13:30:00	1120681	1013936	2134617
2022-06-30 14:00:00	1175995	1074178	2250173
2022-06-30 14:30:00	1277964	1224712	2502676
2022-06-30 15:00:00	1431858	1348731	2780589
2022-06-30 15:15:00	1438639	1355787	2794426
2022-06-29 09:00:00	232307	183508	415815
2022-06-29 09:30:00	385989	311315	697304
2022-06-29 10:00:00	514079	395865	909944
2022-06-29 10:30:00	596079	495073	1091152
2022-06-29 11:00:00	681360	574123	1255483
2022-06-29 11:30:00	750887	644394	1395281
2022-06-29 12:00:00	808123	705103	1513226
2022-06-29 12:30:00	868109	756135	1624244
2022-06-29 13:00:00	926260	804596	1730856
2022-06-29 13:30:00	1003966	880071	1884037
2022-06-29 14:00:00	1057418	932735	1990153
2022-06-29 14:30:00	1126564	1449366	2575930
2022-06-29 15:00:00	1216142	1534419	2750561
2022-06-29 15:15:00	1222758	1542173	2764931
2022-06-28 09:00:00	258348	171459	429807
2022-06-28 09:30:00	528566	328871	857437
2022-06-28 10:00:00	671517	462906	1134423
2022-06-28 10:30:00	783780	566799	1350579
2022-06-28 11:00:00	915394	685480	1600874
2022-06-28 11:30:00	1078948	776027	1854975
2022-06-28 12:00:00	1158371	870353	2028724
2022-06-28 12:30:00	1254499	953716	2208215
2022-06-28 13:00:00	1314856	1013032	2327888
2022-06-28 13:30:00	1409859	1110611	2520470
2022-06-28 14:00:00	1494475	1206597	2701072
2022-06-28 14:30:00	1585398	1284001	2869399
2022-06-28 15:00:00	1701189	1380452	3081641
2022-06-28 15:15:00	1712565	1387903	3100468
2022-06-27 09:00:00	173973	104190	278163
2022-06-27 09:30:00	294470	191599	486069
2022-06-27 10:00:00	469077	254460	723537
2022-06-27 10:30:00	565316	313614	878930
2022-06-27 11:00:00	661380	440849	1102229
2022-06-27 11:30:00	747908	499814	1247722
2022-06-27 12:00:00	810634	544873	1355507
2022-06-27 12:30:00	874457	612232	1486689
2022-06-27 13:00:00	937617	659280	1596897
2022-06-27 13:30:00	998930	706948	1705878
2022-06-27 14:00:00	1086604	765780	1852384
2022-06-27 14:30:00	1213244	874678	2087922
2022-06-27 15:00:00	1328312	973279	2301591
2022-06-27 15:15:00	1331419	978935	2310354
2022-05-31 09:00:00	310340	227924	538264
2022-05-31 09:30:00	488388	360430	848818
2022-05-31 10:00:00	680122	547161	1227283
2022-05-31 10:30:00	800299	630272	1430571
2022-05-31 11:00:00	928891	711820	1640711
2022-05-31 11:30:00	1046271	809373	1855644
2022-05-31 12:00:00	1153422	910556	2063978
2022-05-31 12:30:00	1245412	964035	2209447
2022-05-31 13:00:00	1320361	1030418	2350779
2022-05-31 13:30:00	1404924	1092978	2497902
2022-05-31 14:00:00	1490932	1163093	2654025
2022-05-31 14:30:00	1576601	1239165	2815766
2022-05-31 15:00:00	1690348	1332990	3023338
2022-05-31 15:15:00	1694137	1343308	3037445
2022-05-27 09:00:00	385501	276051	661552
2022-05-27 09:30:00	635026	524796	1159822
2022-05-27 10:00:00	850588	652823	1503411
2022-05-27 10:30:00	999202	780391	1779593
2022-05-27 11:00:00	1138984	896264	2035248
2022-05-27 11:30:00	1268082	979226	2247308
2022-05-27 12:00:00	1376488	1055138	2431626
2022-05-27 12:30:00	1483997	1123260	2607257
2022-05-27 13:00:00	1581888	1213415	2795303
2022-05-27 13:30:00	1710502	1283772	2994274
2022-05-27 14:00:00	1828114	1363349	3191463
2022-05-27 14:30:00	2026020	1479974	3505994
2022-05-27 15:00:00	2301632	1617176	3918808
2022-05-27 15:15:00	2312694	1633523	3946217
2022-05-26 09:00:00	293644	241890	535534
2022-05-26 09:30:00	590283	400879	991162
2022-05-26 10:00:00	777875	532541	1310416
2022-05-26 10:30:00	932666	667010	1599676
2022-05-26 11:00:00	1055951	755833	1811784
2022-05-26 11:30:00	1191678	850156	2041834
2022-05-26 12:00:00	1330969	983140	2314109
2022-05-26 12:30:00	1453773	1078315	2532088
2022-05-26 13:00:00	1558314	1144821	2703135
2022-05-26 13:30:00	1659325	1206300	2865625
2022-05-26 14:00:00	1734923	1353303	3088226
2022-05-26 14:30:00	1867904	1414696	3282600
2022-05-26 15:00:00	2001408	1545489	3546897
2022-05-26 15:15:00	2004528	1558203	3562731
2022-05-25 09:00:00	191306	139588	330894
2022-05-25 09:30:00	328506	235158	563664
2022-05-25 10:00:00	462738	329780	792518
2022-05-25 10:30:00	571188	398576	969764
2022-05-25 11:00:00	667079	478950	1146029
2022-05-25 11:30:00	740701	527183	1267884
2022-05-25 12:00:00	845891	601687	1447578
2022-05-25 12:30:00	934771	645967	1580738
2022-05-25 13:00:00	1010462	695653	1706115
2022-05-25 13:30:00	1105427	767485	1872912
2022-05-25 14:00:00	1216679	835220	2051899
2022-05-25 14:30:00	1349871	932138	2282009
2022-05-25 15:00:00	1478009	1030840	2508849
2022-05-25 15:15:00	1481281	1039415	2520696
2022-05-24 09:00:00	209848	217519	427367
2022-05-24 09:30:00	407105	402042	809147
2022-05-24 10:00:00	547483	523050	1070533
2022-05-24 10:30:00	696935	600590	1297525
2022-05-24 11:00:00	804056	693028	1497084
2022-05-24 11:30:00	901757	790148	1691905
2022-05-24 12:00:00	978926	867703	1846629
2022-05-24 12:30:00	1045630	931137	1976767
2022-05-24 13:00:00	1125754	993265	2119019
2022-05-24 13:30:00	1215788	1070165	2285953
2022-05-24 14:00:00	1306279	1161779	2468058
2022-05-24 14:30:00	1395542	1242595	2638137
2022-05-24 15:00:00	1537796	1386333	2924129
2022-05-24 15:15:00	1543423	1392632	2936055
2022-05-23 09:00:00	254963	174393	429356
2022-05-23 09:30:00	415493	291577	707070
2022-05-23 10:00:00	591943	389212	981155
2022-05-23 10:30:00	723511	477879	1201390
2022-05-23 11:00:00	842155	563075	1405230
2022-05-23 11:30:00	946724	695386	1642110
2022-05-23 12:00:00	1033460	767223	1800683
2022-05-23 12:30:00	1110819	829021	1939840
2022-05-23 13:00:00	1196230	878982	2075212
2022-05-23 13:30:00	1289587	980755	2270342
2022-05-23 14:00:00	1369814	1039469	2409283
2022-05-23 14:30:00	1452736	1100333	2553069
2022-05-23 15:00:00	1558606	1199155	2757761
2022-05-23 15:15:00	1567652	1204299	2771951
2022-05-20 09:00:00	283182	206832	490014
2022-05-20 09:30:00	477485	449411	926896
2022-05-20 10:00:00	643823	618006	1261829
2022-05-20 10:30:00	811045	826376	1637421
2022-05-20 11:00:00	951049	976998	1928047
2022-05-20 11:30:00	1102462	1162725	2265187
2022-05-20 12:00:00	1348252	1357822	2706074
2022-05-20 12:30:00	1485471	1572525	3057996
2022-05-20 13:00:00	1637442	1779641	3417083
2022-05-20 13:30:00	1744162	1916889	3661051
2022-05-20 14:00:00	1858416	2060125	3918541
2022-05-20 14:30:00	2009812	2205621	4215433
2022-05-20 15:00:00	2270068	2425343	4695411
2022-05-20 15:15:00	2281914	2450830	4732744
2022-05-19 09:00:00	267986	331247	599233
2022-05-19 09:30:00	439805	517517	957322
2022-05-19 10:00:00	585935	675134	1261069
2022-05-19 10:30:00	712533	799360	1511893
2022-05-19 11:00:00	877285	937690	1814975
2022-05-19 11:30:00	993639	1036034	2029673
2022-05-19 12:00:00	1103966	1140387	2244353
2022-05-19 12:30:00	1188461	1224770	2413231
2022-05-19 13:00:00	1293131	1322802	2615933
2022-05-19 13:30:00	1374471	1384267	2758738
2022-05-19 14:00:00	1482044	1477064	2959108
2022-05-19 14:30:00	1597911	1608853	3206764
2022-05-19 15:00:00	1735334	1778329	3513663
2022-05-19 15:15:00	1747061	1797547	3544608
2022-05-18 09:00:00	257948	190088	448036
2022-05-18 09:30:00	416632	326615	743247
2022-05-18 10:00:00	543690	451633	995323
2022-05-18 10:30:00	672766	578105	1250871
2022-05-18 11:00:00	785312	688543	1473855
2022-05-18 11:30:00	883478	856576	1740054
2022-05-18 12:00:00	963613	930878	1894491
2022-05-18 12:30:00	1055216	1033582	2088798
2022-05-18 13:00:00	1153714	1145647	2299361
2022-05-18 13:30:00	1238185	1266883	2505068
2022-05-18 14:00:00	1332832	1381346	2714178
2022-05-18 14:30:00	1434134	1551274	2985408
2022-05-18 15:00:00	1573933	1696698	3270631
2022-05-18 15:15:00	1581463	1704624	3286087
2022-05-17 09:00:00	273952	234899	508851
2022-05-17 09:30:00	459511	417142	876653
2022-05-17 10:00:00	603360	531224	1134584
2022-05-17 10:30:00	716859	684056	1400915
2022-05-17 11:00:00	821452	765995	1587447
2022-05-17 11:30:00	914420	861480	1775900
2022-05-17 12:00:00	1028475	938760	1967235
2022-05-17 12:30:00	1133252	1003080	2136332
2022-05-17 13:00:00	1203432	1093994	2297426
2022-05-17 13:30:00	1314897	1202487	2517384
2022-05-17 14:00:00	1424285	1312281	2736566
2022-05-17 14:30:00	1542088	1392763	2934851
2022-05-17 15:00:00	1679008	1531316	3210324
2022-05-17 15:15:00	1682986	1550936	3233922
2022-05-16 09:00:00	259594	153699	413293
2022-05-16 09:30:00	464167	301357	765524
2022-05-16 10:00:00	608042	417584	1025626
2022-05-16 10:30:00	733651	486257	1219908
2022-05-16 11:00:00	828560	581434	1409994
2022-05-16 11:30:00	913496	641763	1555259
2022-05-16 12:00:00	984822	692978	1677800
2022-05-16 12:30:00	1063401	747172	1810573
2022-05-16 13:00:00	1142660	798216	1940876
2022-05-16 13:30:00	1232673	854851	2087524
2022-05-16 14:00:00	1313112	939339	2252451
2022-05-16 14:30:00	1415851	1013991	2429842
2022-05-16 15:00:00	1526373	1108312	2634685
2022-05-16 15:15:00	1532558	1113090	2645648
2022-05-13 09:00:00	402537	261089	663626
2022-05-13 09:30:00	645044	477039	1122083
2022-05-13 10:00:00	844375	624278	1468653
2022-05-13 10:30:00	996270	737449	1733719
2022-05-13 11:00:00	1114775	847217	1961992
2022-05-13 11:30:00	1294643	977557	2272200
2022-05-13 12:00:00	1423512	1077798	2501310
2022-05-13 12:30:00	1523504	1198411	2721915
2022-05-13 13:00:00	1631389	1357712	2989101
2022-05-13 13:30:00	1766243	1527898	3294141
2022-05-13 14:00:00	1879872	1626970	3506842
2022-05-13 14:30:00	2025140	1738397	3763537
2022-05-13 15:00:00	2212707	1922838	4135545
2022-05-13 15:15:00	2221041	1935915	4156956
2022-05-12 09:00:00	328747	361699	690446
2022-05-12 09:30:00	577262	577829	1155091
2022-05-12 12:30:00	1311762	1426728	2738490
2022-05-12 13:00:00	1416865	1581996	2998861
2022-05-12 13:30:00	1520148	1718093	3238241
2022-05-12 14:00:00	1615821	1898460	3514281
2022-05-12 14:30:00	1740567	2011123	3751690
2022-05-12 15:00:00	1923392	2135220	4058612
2022-05-12 15:15:00	1936474	2147613	4084087
2022-05-11 09:00:00	234075	200406	434481
2022-05-11 09:30:00	383568	327224	710792
2022-05-11 10:00:00	515911	452525	968436
2022-05-11 10:30:00	617271	527240	1144511
2022-05-11 11:00:00	708585	623379	1331964
2022-05-11 11:30:00	806600	719792	1526392
2022-05-11 12:00:00	899502	831890	1731392
2022-05-11 12:30:00	1007950	951834	1959784
2022-05-11 13:00:00	1131207	1125165	2256372
2022-05-11 13:30:00	1240958	1237421	2478379
2022-05-11 14:00:00	1331283	1318992	2650275
2022-05-11 14:30:00	1431252	1424642	2855894
2022-05-11 15:00:00	1588281	1589699	3177980
2022-05-11 15:15:00	1593180	1605006	3198186
2022-05-10 09:00:00	268812	215520	484332
2022-05-10 09:30:00	451910	375081	826991
2022-05-10 10:00:00	623605	506924	1130529
2022-05-10 10:30:00	789339	688302	1477641
2022-05-10 11:00:00	910176	806864	1717040
2022-05-10 11:30:00	1013019	952193	1965212
2022-05-10 12:00:00	1117830	1043788	2161618
2022-05-10 12:30:00	1217286	1133771	2351057
2022-05-10 13:00:00	1385014	1233813	2618827
2022-05-10 13:30:00	1491943	1326703	2818646
2022-05-10 14:00:00	1617869	1397815	3015684
2022-05-10 14:30:00	1715791	1471432	3187223
2022-05-10 15:00:00	1849038	1576709	3425747
2022-05-10 15:15:00	1856866	1582831	3439697
2022-05-09 09:00:00	235034	245576	480610
2022-05-09 09:30:00	432547	401836	834383
2022-05-09 10:00:00	584550	590278	1174828
2022-05-09 10:30:00	718617	763645	1482262
2022-05-09 11:00:00	855251	944223	1799474
2022-05-09 11:30:00	965758	1052623	2018381
2022-05-09 12:00:00	1056961	1115631	2172592
2022-05-09 12:30:00	1151453	1186155	2337608
2022-05-09 13:00:00	1236815	1277239	2514054
2022-05-09 13:30:00	1337035	1353436	2690471
2022-05-09 14:00:00	1432961	1434290	2867251
2022-05-09 14:30:00	1531743	1523399	3055142
2022-05-09 15:00:00	1692402	1684135	3376537
2022-05-09 15:15:00	1697134	1768841	3465975
2022-05-06 09:00:00	185977	165966	351943
2022-05-06 09:30:00	363372	318229	681601
2022-05-06 10:00:00	470832	422971	893803
2022-05-06 10:30:00	575431	510472	1085903
2022-05-06 11:00:00	652661	589038	1241699
2022-05-06 11:30:00	720863	648976	1369839
2022-05-06 12:00:00	784906	696373	1481279
2022-05-06 12:30:00	858772	742815	1601587
2022-05-06 13:00:00	929100	797864	1726964
2022-05-06 13:30:00	1000156	860025	1860181
2022-05-06 14:00:00	1110108	969673	2079781
2022-05-06 14:30:00	1206108	1071921	2278029
2022-05-06 15:00:00	1352732	1259245	2611977
2022-05-06 15:15:00	1359365	1270597	2629962
