TIME	CALLS	PUTS	TOTAL	P/C RATIO
2023-07-25 09:00:00	358358	181848	540206	0.51
2023-07-25 09:30:00	580072	305525	885597	0.53
2023-07-25 10:00:00	732906	395113	1128019	0.54
2023-07-25 10:30:00	865027	482646	1347673	0.56
2023-07-25 11:00:00	982595	585497	1568092	0.6
2023-07-25 11:30:00	1091956	654957	1746913	0.6
2023-07-25 12:00:00	1195553	745705	1941258	0.62
2023-07-25 12:30:00	1310885	808426	2119311	0.62
2023-07-25 13:00:00	1401472	880065	2281537	0.63
2023-07-25 13:30:00	1498051	945618	2443669	0.63
2023-07-25 14:00:00	1638647	1057224	2695871	0.65
2023-07-25 14:30:00	1744735	1142417	2887152	0.65
2023-07-25 15:00:00	1933987	1274259	3208246	0.66
2023-07-25 15:15:00	1942702	1283069	3225771	0.66
2023-07-24 09:00:00	369057	214258	583315	0.58
2023-07-24 09:30:00	613344	384851	998195	0.63
2023-07-24 10:00:00	773438	480710	1254148	0.62
2023-07-24 10:30:00	941517	605582	1547099	0.64
2023-07-24 11:00:00	1148833	818471	1967304	0.71
2023-07-24 11:30:00	1275965	897546	2173511	0.7
2023-07-24 12:00:00	1373862	961529	2335391	0.7
2023-07-24 12:30:00	1471134	1027931	2499065	0.7
2023-07-24 13:00:00	1604214	1102699	2706913	0.69
2023-07-24 13:30:00	1735477	1170831	2906308	0.67
2023-07-24 14:00:00	1827544	1249678	3077222	0.68
2023-07-24 14:30:00	1941481	1369059	3310540	0.71
2023-07-24 15:00:00	2103201	1476246	3579447	0.7
2023-07-24 15:15:00	2108515	1484125	3592640	0.7
2023-07-21 09:00:00	445037	261614	706651	0.59
2023-07-21 09:30:00	773881	506813	1280694	0.65
2023-07-21 10:00:00	1011355	658508	1669863	0.65
2023-07-21 10:30:00	1206475	816850	2023325	0.68
2023-07-21 11:00:00	1379142	969188	2348330	0.7
2023-07-21 11:30:00	1518395	1071914	2590309	0.71
2023-07-21 12:00:00	1665623	1182017	2847640	0.71
2023-07-21 12:30:00	1801445	1285968	3087413	0.71
2023-07-21 13:00:00	1968645	1398978	3367623	0.71
2023-07-21 13:30:00	2114890	1541677	3656567	0.73
2023-07-21 14:00:00	2278239	1646489	3924728	0.72
2023-07-21 14:30:00	2479829	1805534	4285363	0.73
2023-07-21 15:00:00	2756139	2024958	4781097	0.73
2023-07-21 15:15:00	2769203	2041463	4810666	0.74
2023-07-20 09:00:00	462584	234729	697313	0.51
2023-07-20 09:30:00	803875	424595	1228470	0.53
2023-07-20 10:00:00	1077533	613497	1691030	0.57
2023-07-20 10:30:00	1280395	723702	2004097	0.57
2023-07-20 11:00:00	1431314	841859	2273173	0.59
2023-07-20 11:30:00	1575148	984227	2559375	0.62
2023-07-20 12:00:00	1741300	1116301	2857601	0.64
2023-07-20 12:30:00	1867605	1199381	3066986	0.64
2023-07-20 13:00:00	1980895	1272572	3253467	0.64
2023-07-20 13:30:00	2126909	1406182	3533091	0.66
2023-07-20 14:00:00	2266774	1502240	3769014	0.66
2023-07-20 14:30:00	2459738	1639969	4099707	0.67
2023-07-20 15:00:00	2692301	1878279	4570580	0.7
2023-07-20 15:15:00	2700796	1890752	4591548	0.7
2023-07-19 09:00:00	465152	187714	652866	0.4
2023-07-19 09:30:00	768560	330420	1098980	0.43
2023-07-19 10:00:00	1002843	473568	1476411	0.47
2023-07-19 10:30:00	1176750	562083	1738833	0.48
2023-07-19 11:00:00	1342902	672837	2015739	0.5
2023-07-19 11:30:00	1586716	785135	2371851	0.49
2023-07-19 12:00:00	1764769	885705	2650474	0.5
2023-07-19 12:30:00	1931005	963895	2894900	0.5
2023-07-19 13:00:00	2030038	1023312	3053350	0.5
2023-07-19 13:30:00	2139859	1124449	3264308	0.53
2023-07-19 14:00:00	2257245	1189317	3446562	0.53
2023-07-19 14:30:00	2411753	1394414	3806167	0.58
2023-07-19 15:00:00	2608670	1556318	4164988	0.6
2023-07-19 15:15:00	2619729	1571402	4191131	0.6
2023-07-18 09:00:00	387957	179245	567202	0.46
2023-07-18 09:30:00	648205	314183	962388	0.48
2023-07-18 10:00:00	833481	481083	1314564	0.58
2023-07-18 10:30:00	990898	573566	1564464	0.58
2023-07-18 11:00:00	1187021	668748	1855769	0.56
2023-07-18 11:30:00	1345794	765369	2111163	0.57
2023-07-18 12:00:00	1507373	867794	2375167	0.58
2023-07-18 12:30:00	1633137	944034	2577171	0.58
2023-07-18 13:00:00	1760832	1007159	2767991	0.57
2023-07-18 13:30:00	1991907	1100223	3092130	0.55
2023-07-18 14:00:00	2130635	1185880	3316515	0.56
2023-07-18 14:30:00	2315389	1382498	3697887	0.6
2023-07-18 15:00:00	2509453	1523858	4033311	0.61
2023-07-18 15:15:00	2521394	1539221	4060615	0.61
2023-07-17 09:00:00	432967	207272	640239	0.48
2023-07-17 09:30:00	667847	337625	1005472	0.51
2023-07-17 10:00:00	839315	430383	1269698	0.51
2023-07-17 10:30:00	992983	527541	1520524	0.53
2023-07-17 11:00:00	1153965	618518	1772483	0.54
2023-07-17 11:30:00	1290324	694186	1984510	0.54
2023-07-17 12:00:00	1419350	770701	2190051	0.54
2023-07-17 12:30:00	1527519	832015	2359534	0.54
2023-07-17 13:00:00	1636612	902950	2539562	0.55
2023-07-17 13:30:00	1741309	967876	2709185	0.56
2023-07-17 14:00:00	1847871	1059163	2907034	0.57
2023-07-17 14:30:00	1994641	1185800	3180441	0.59
2023-07-17 15:00:00	2187249	1364200	3551449	0.62
2023-07-17 15:15:00	2198052	1377794	3575846	0.63
2023-07-14 09:00:00	598564	359028	957592	0.6
2023-07-14 09:30:00	991095	623621	1614716	0.63
2023-07-14 10:00:00	1342499	857650	2200149	0.64
2023-07-14 10:30:00	1548266	964895	2513161	0.62
2023-07-14 11:00:00	1739896	1119345	2859241	0.64
2023-07-14 11:30:00	1913870	1213016	3126886	0.63
2023-07-14 12:00:00	2085019	1325351	3410370	0.64
2023-07-14 12:30:00	2270360	1456627	3726987	0.64
2023-07-14 13:00:00	2415641	1541068	3956709	0.64
2023-07-14 13:30:00	2558718	1636584	4195302	0.64
2023-07-14 14:00:00	2730174	1770679	4500853	0.65
2023-07-14 14:30:00	2947404	2013750	4961154	0.68
2023-07-14 15:00:00	3214997	2188792	5403789	0.68
2023-07-14 15:15:00	3224552	2204838	5429390	0.68
2023-07-13 09:00:00	554272	226649	780921	0.41
2023-07-13 09:30:00	848964	390846	1239810	0.46
2023-07-13 10:00:00	1073757	510449	1584206	0.48
2023-07-13 10:30:00	1255971	613025	1868996	0.49
2023-07-13 11:00:00	1426923	719834	2146757	0.5
2023-07-13 11:30:00	1594162	814307	2408469	0.51
2023-07-13 12:00:00	1733464	904298	2637762	0.52
2023-07-13 12:30:00	1860615	998885	2859500	0.54
2023-07-13 13:00:00	2015273	1079904	3095177	0.54
2023-07-13 13:30:00	2172798	1179954	3352752	0.54
2023-07-13 14:00:00	2328561	1265871	3594432	0.54
2023-07-13 14:30:00	2522191	1385777	3907968	0.55
2023-07-13 15:00:00	2830610	1648387	4478997	0.58
2023-07-13 15:15:00	2840640	1663946	4504586	0.59
2023-07-12 09:00:00	524726	320006	844732	0.61
2023-07-12 09:30:00	822948	487382	1310330	0.59
2023-07-12 10:00:00	1030138	630221	1660359	0.61
2023-07-12 10:30:00	1201342	730092	1931434	0.61
2023-07-12 11:00:00	1405161	850769	2255930	0.61
2023-07-12 11:30:00	1530492	944734	2475226	0.62
2023-07-12 12:00:00	1655221	1014775	2669996	0.61
2023-07-12 12:30:00	1761353	1090081	2851434	0.62
2023-07-12 13:00:00	1893040	1152499	3045539	0.61
2023-07-12 13:30:00	2030796	1224774	3255570	0.6
2023-07-12 14:00:00	2143988	1295012	3439000	0.6
2023-07-12 14:30:00	2292871	1381804	3674675	0.6
2023-07-12 15:00:00	2476811	1835836	4312647	0.74
2023-07-12 15:15:00	2486791	1847456	4334247	0.74
2023-07-11 09:00:00	360580	158211	518791	0.44
2023-07-11 09:30:00	605765	298040	903805	0.49
2023-07-11 10:00:00	821992	407520	1229512	0.5
2023-07-11 10:30:00	1004020	484830	1488850	0.48
2023-07-11 11:00:00	1152775	556781	1709556	0.48
2023-07-11 11:30:00	1303295	640859	1944154	0.49
2023-07-11 12:00:00	1416724	699322	2116046	0.49
2023-07-11 12:30:00	1562848	760788	2323636	0.49
2023-07-11 13:00:00	1916076	809660	2725736	0.42
2023-07-11 13:30:00	2006773	866239	2873012	0.43
2023-07-11 14:00:00	2112536	926067	3038603	0.44
2023-07-11 14:30:00	2220133	995765	3215898	0.45
2023-07-11 15:00:00	2423393	1215922	3639315	0.5
2023-07-11 15:15:00	2441879	1243490	3685369	0.51
2023-07-10 09:00:00	394249	195626	589875	0.5
2023-07-10 09:30:00	619445	337713	957158	0.55
2023-07-10 10:00:00	771120	524616	1295736	0.68
2023-07-10 10:30:00	889487	606258	1495745	0.68
2023-07-10 11:00:00	1018126	671205	1689331	0.66
2023-07-10 11:30:00	1142482	757511	1899993	0.66
2023-07-10 12:00:00	1236663	825156	2061819	0.67
2023-07-10 12:30:00	1318334	866713	2185047	0.66
2023-07-10 13:00:00	1404114	921694	2325808	0.66
2023-07-10 13:30:00	1500576	977453	2478029	0.65
2023-07-10 14:00:00	1602249	1067720	2669969	0.67
2023-07-10 14:30:00	1706969	1132134	2839103	0.66
2023-07-10 15:00:00	1858233	1338346	3196579	0.72
2023-07-10 15:15:00	1870552	1350815	3221367	0.72
2023-07-07 09:00:00	401712	232222	633934	0.58
2023-07-07 09:30:00	656707	388132	1044839	0.59
2023-07-07 10:00:00	875581	552607	1428188	0.63
2023-07-07 10:30:00	1053050	657890	1710940	0.62
2023-07-07 11:00:00	1211067	751730	1962797	0.62
2023-07-07 11:30:00	1384182	849934	2234116	0.61
2023-07-07 12:00:00	1575793	961199	2536992	0.61
2023-07-07 12:30:00	1735572	1067492	2803064	0.62
2023-07-07 13:00:00	1884706	1189715	3074421	0.63
2023-07-07 13:30:00	1999319	1288454	3287773	0.64
2023-07-07 14:00:00	2218507	1398224	3616731	0.63
2023-07-07 14:30:00	2373703	1513194	3886897	0.64
2023-07-07 15:00:00	2625431	1805184	4430615	0.69
2023-07-07 15:15:00	2649479	1867084	4516563	0.7
2023-07-06 09:00:00	406939	305300	712239	0.75
2023-07-06 09:30:00	660389	487187	1147576	0.74
2023-07-06 10:00:00	854903	631484	1486387	0.74
2023-07-06 10:30:00	995622	789070	1784692	0.79
2023-07-06 11:00:00	1134246	887165	2021411	0.78
2023-07-06 11:30:00	1252272	981540	2233812	0.78
2023-07-06 12:00:00	1347706	1053717	2401423	0.78
2023-07-06 12:30:00	1436528	1117420	2553948	0.78
2023-07-06 13:00:00	1525941	1204601	2730542	0.79
2023-07-06 13:30:00	1604841	1265130	2869971	0.79
2023-07-06 14:00:00	1696756	1349194	3045950	0.8
2023-07-06 14:30:00	1796352	1419385	3215737	0.79
2023-07-06 15:00:00	1960973	1616839	3577812	0.82
2023-07-06 15:15:00	1972206	1636758	3608964	0.83
2023-07-05 09:00:00	387956	205877	593833	0.53
2023-07-05 09:30:00	642392	347327	989719	0.54
2023-07-05 10:00:00	822897	447557	1270454	0.54
2023-07-05 10:30:00	968680	538271	1506951	0.56
2023-07-05 11:00:00	1084917	615480	1700397	0.57
2023-07-05 11:30:00	1176642	671690	1848332	0.57
2023-07-05 12:00:00	1257691	742609	2000300	0.59
2023-07-05 12:30:00	1341274	792826	2134100	0.59
2023-07-05 13:00:00	1417686	847540	2265226	0.6
2023-07-05 13:30:00	1520736	942456	2463192	0.62
2023-07-05 14:00:00	1618553	1017280	2635833	0.63
2023-07-05 14:30:00	1715631	1097153	2812784	0.64
2023-07-05 15:00:00	1876549	1392511	3269060	0.74
2023-07-05 15:15:00	1883628	1404141	3287769	0.75
2023-07-03 09:00:00	401635	206595	608230	0.51
2023-07-03 09:30:00	626536	340722	967258	0.54
2023-07-03 10:00:00	821240	459662	1280902	0.56
2023-07-03 10:30:00	953175	544145	1497320	0.57
2023-07-03 11:00:00	1070821	617294	1688115	0.58
2023-07-03 11:30:00	1183929	711523	1895452	0.6
2023-07-03 12:00:00	1333420	865454	2198874	0.65
2023-07-03 12:30:00	1340480	871638	2212118	0.65
2023-07-03 13:00:00	1340480	871638	2212118	0.65
2023-07-03 13:30:00	1340480	871638	2212118	0.65
2023-07-03 14:00:00	1340480	871638	2212118	0.65
2023-07-03 14:30:00	1340480	871638	2212118	0.65
2023-07-03 15:00:00	1340480	871638	2212118	0.65
2023-07-03 15:15:00	1340480	871638	2212118	0.65
2023-06-30 09:00:00	522644	308246	830890	0.59
2023-06-30 09:30:00	877455	537207	1414662	0.61
2023-06-30 10:00:00	1175840	774622	1950462	0.66
2023-06-30 10:30:00	1344556	899609	2244165	0.67
2023-06-30 11:00:00	1508123	1022995	2531118	0.68
2023-06-30 11:30:00	1646592	1125445	2772037	0.68
2023-06-30 12:00:00	1794421	1246795	3041216	0.69
2023-06-30 12:30:00	1940121	1336265	3276386	0.69
2023-06-30 13:00:00	2086547	1428047	3514594	0.68
2023-06-30 13:30:00	2217235	1542083	3759318	0.7
2023-06-30 14:00:00	2364034	1654344	4018378	0.7
2023-06-30 14:30:00	2568056	1775163	4343219	0.69
2023-06-30 15:00:00	2834035	2035224	4869259	0.72
2023-06-30 15:15:00	2848076	2103376	4951452	0.74
2023-06-29 09:00:00	374568	166776	541344	0.45
2023-06-29 09:30:00	614657	286372	901029	0.47
2023-06-29 10:00:00	772743	407847	1180590	0.53
2023-06-29 10:30:00	904567	485756	1390323	0.54
2023-06-29 11:00:00	1013065	573499	1586564	0.57
2023-06-29 11:30:00	1118235	636505	1754740	0.57
2023-06-29 12:00:00	1234617	704872	1939489	0.57
2023-06-29 12:30:00	1344776	782478	2127254	0.58
2023-06-29 13:00:00	1421459	837403	2258862	0.59
2023-06-29 13:30:00	1532047	926118	2458165	0.6
2023-06-29 14:00:00	1621838	982479	2604317	0.61
2023-06-29 14:30:00	1712865	1050362	2763227	0.61
2023-06-29 15:00:00	1875249	1343660	3218909	0.72
2023-06-29 15:15:00	1887119	1353412	3240531	0.72
2023-06-28 09:00:00	296989	166342	463331	0.56
2023-06-28 09:30:00	493448	271697	765145	0.55
2023-06-28 10:00:00	695112	394217	1089329	0.57
2023-06-28 10:30:00	858578	490689	1349267	0.57
2023-06-28 11:00:00	966080	560568	1526648	0.58
2023-06-28 11:30:00	1101440	633851	1735291	0.58
2023-06-28 12:00:00	1229991	725398	1955389	0.59
2023-06-28 12:30:00	1319805	778364	2098169	0.59
2023-06-28 13:00:00	1396503	829345	2225848	0.59
2023-06-28 13:30:00	1485848	884647	2370495	0.6
2023-06-28 14:00:00	1558371	928834	2487205	0.6
2023-06-28 14:30:00	1653933	999586	2653519	0.6
2023-06-28 15:00:00	1800007	1358124	3158131	0.75
2023-06-28 15:15:00	1808589	1371450	3180039	0.76
2023-06-27 09:00:00	271657	151223	422880	0.56
2023-06-27 09:30:00	452584	253157	705741	0.56
2023-06-27 10:00:00	642011	379236	1021247	0.59
2023-06-27 10:30:00	765458	457876	1223334	0.6
2023-06-27 11:00:00	919563	543246	1462809	0.59
2023-06-27 11:30:00	1034865	623389	1658254	0.6
2023-06-27 12:00:00	1152808	714235	1867043	0.62
2023-06-27 12:30:00	1251940	794465	2046405	0.63
2023-06-27 13:00:00	1382386	878225	2260611	0.64
2023-06-27 13:30:00	1492758	1107050	2599808	0.74
2023-06-27 14:00:00	1587345	1184578	2771923	0.75
2023-06-27 14:30:00	1698303	1253200	2951503	0.74
2023-06-27 15:00:00	1831147	1386877	3218024	0.76
2023-06-27 15:15:00	1837686	1442175	3279861	0.78
2023-06-26 09:00:00	325727	178691	504418	0.55
2023-06-26 09:30:00	503785	272791	776576	0.54
2023-06-26 10:00:00	676374	391124	1067498	0.58
2023-06-26 10:30:00	822350	486165	1308515	0.59
2023-06-26 11:00:00	933489	559260	1492749	0.6
2023-06-26 11:30:00	1068975	661601	1730576	0.62
2023-06-26 12:00:00	1187825	767325	1955150	0.65
2023-06-26 12:30:00	1275991	859871	2135862	0.67
2023-06-26 13:00:00	1351802	908330	2260132	0.67
2023-06-26 13:30:00	1430465	952708	2383173	0.67
2023-06-26 14:00:00	1518987	1008453	2527440	0.66
2023-06-26 14:30:00	1603410	1109406	2712816	0.69
2023-06-26 15:00:00	1791572	1221982	3013554	0.68
2023-06-26 15:15:00	1803664	1237217	3040881	0.69
2023-06-23 09:00:00	436310	368134	804444	0.84
2023-06-23 09:30:00	724409	544910	1269319	0.75
2023-06-23 10:00:00	920481	689291	1609772	0.75
2023-06-23 10:30:00	1079207	805283	1884490	0.75
2023-06-23 11:00:00	1244772	908911	2153683	0.73
2023-06-23 11:30:00	1391642	1015582	2407224	0.73
2023-06-23 12:00:00	1511115	1105427	2616542	0.73
2023-06-23 12:30:00	1627463	1193020	2820483	0.73
2023-06-23 13:00:00	1733181	1319048	3052229	0.76
2023-06-23 13:30:00	1852491	1421905	3274396	0.77
2023-06-23 14:00:00	2008469	1547607	3556076	0.77
2023-06-23 14:30:00	2179543	1669725	3849268	0.77
2023-06-23 15:00:00	2398222	1834152	4232374	0.76
2023-06-23 15:15:00	2416609	1853149	4269758	0.77
2023-06-22 09:00:00	344863	214147	559010	0.62
2023-06-22 09:30:00	562501	398881	961382	0.71
2023-06-22 10:00:00	772722	599800	1372522	0.78
2023-06-22 10:30:00	914485	682950	1597435	0.75
2023-06-22 11:00:00	1082176	765346	1847522	0.71
2023-06-22 11:30:00	1194350	833659	2028009	0.7
2023-06-22 12:00:00	1293767	887211	2180978	0.69
2023-06-22 12:30:00	1394912	973761	2368673	0.7
2023-06-22 13:00:00	1483035	1037139	2520174	0.7
2023-06-22 13:30:00	1573897	1088656	2662553	0.69
2023-06-22 14:00:00	1669750	1165712	2835462	0.7
2023-06-22 14:30:00	1778392	1239985	3018377	0.7
2023-06-22 15:00:00	1968059	1411596	3379655	0.72
2023-06-22 15:15:00	1978333	1421688	3400021	0.72
2023-06-21 09:00:00	333683	198416	532099	0.59
2023-06-21 09:30:00	558004	354965	912969	0.64
2023-06-21 10:00:00	735057	473427	1208484	0.64
2023-06-21 10:30:00	926698	610730	1537428	0.66
2023-06-21 11:00:00	1055081	698175	1753256	0.66
2023-06-21 11:30:00	1164829	763096	1927925	0.66
2023-06-21 12:00:00	1277254	828317	2105571	0.65
2023-06-21 12:30:00	1368731	898240	2266971	0.66
2023-06-21 13:00:00	1487961	944120	2432081	0.63
2023-06-21 13:30:00	1621635	1008424	2630059	0.62
2023-06-21 14:00:00	1728307	1085642	2813949	0.63
2023-06-21 14:30:00	1814921	1175765	2990686	0.65
2023-06-21 15:00:00	1969943	1421015	3390958	0.72
2023-06-21 15:15:00	1978223	1437028	3415251	0.73
2023-06-20 09:00:00	409519	255547	665066	0.62
2023-06-20 09:30:00	672598	433913	1106511	0.65
2023-06-20 10:00:00	866265	588182	1454447	0.68
2023-06-20 10:30:00	1003720	708637	1712357	0.71
2023-06-20 11:00:00	1189526	805313	1994839	0.68
2023-06-20 11:30:00	1354905	895925	2250830	0.66
2023-06-20 12:00:00	1484358	974799	2459157	0.66
2023-06-20 12:30:00	1601034	1043916	2644950	0.65
2023-06-20 13:00:00	1704901	1112561	2817462	0.65
2023-06-20 13:30:00	1790367	1165968	2956335	0.65
2023-06-20 14:00:00	1911501	1226393	3137894	0.64
2023-06-20 14:30:00	1997921	1289374	3287295	0.65
2023-06-20 15:00:00	2157801	1449536	3607337	0.67
2023-06-20 15:15:00	2164631	1469380	3634011	0.68
2023-06-16 09:00:00	594860	263489	858349	0.44
2023-06-16 09:30:00	978520	445609	1424129	0.46
2023-06-16 10:00:00	1236359	603135	1839494	0.49
2023-06-16 10:30:00	1489476	742494	2231970	0.5
2023-06-16 11:00:00	1662245	886161	2548406	0.53
2023-06-16 11:30:00	1813313	993575	2806888	0.55
2023-06-16 12:00:00	1966463	1096524	3062987	0.56
2023-06-16 12:30:00	2113566	1175957	3289523	0.56
2023-06-16 13:00:00	2259233	1253613	3512846	0.55
2023-06-16 13:30:00	2406510	1344099	3750609	0.56
2023-06-16 14:00:00	2596047	1458837	4054884	0.56
2023-06-16 14:30:00	2816635	1637438	4454073	0.58
2023-06-16 15:00:00	3087789	1859083	4946872	0.6
2023-06-16 15:15:00	3105148	1898566	5003714	0.61
2023-06-15 09:00:00	358452	203799	562251	0.57
2023-06-15 09:30:00	622142	357010	979152	0.57
2023-06-15 10:00:00	815319	471692	1287011	0.58
2023-06-15 10:30:00	1021349	585960	1607309	0.57
2023-06-15 11:00:00	1215381	686265	1901646	0.56
2023-06-15 11:30:00	1374671	763980	2138651	0.56
2023-06-15 12:00:00	1509232	879123	2388355	0.58
2023-06-15 12:30:00	1643919	971683	2615602	0.59
2023-06-15 13:00:00	1791516	1060002	2851518	0.59
2023-06-15 13:30:00	1932329	1131010	3063339	0.59
2023-06-15 14:00:00	2109086	1228064	3337150	0.58
2023-06-15 14:30:00	2287971	1346534	3634505	0.59
2023-06-15 15:00:00	2571121	1952045	4523166	0.76
2023-06-15 15:15:00	2576315	1964084	4540399	0.76
2023-06-14 09:00:00	340549	238280	578829	0.7
2023-06-14 09:30:00	541666	369618	911284	0.68
2023-06-14 10:00:00	721201	472639	1193840	0.66
2023-06-14 10:30:00	907602	604756	1512358	0.67
2023-06-14 11:00:00	1062421	694980	1757401	0.65
2023-06-14 11:30:00	1184986	764039	1949025	0.64
2023-06-14 12:00:00	1276910	825283	2102193	0.65
2023-06-14 12:30:00	1392428	899459	2291887	0.65
2023-06-14 13:00:00	1500809	966374	2467183	0.64
2023-06-14 13:30:00	1739050	1155068	2894118	0.66
2023-06-14 14:00:00	1911909	1551427	3463336	0.81
2023-06-14 14:30:00	2097986	2360978	4458964	1.13
2023-06-14 15:00:00	2334760	2508623	4843383	1.07
2023-06-14 15:15:00	2346593	2523815	4870408	1.08
2023-06-13 09:00:00	477307	267106	744413	0.56
2023-06-13 09:30:00	743161	422672	1165833	0.57
2023-06-13 10:00:00	910539	516661	1427200	0.57
2023-06-13 10:30:00	1096809	616114	1712923	0.56
2023-06-13 11:00:00	1263388	702470	1965858	0.56
2023-06-13 11:30:00	1405494	774184	2179678	0.55
2023-06-13 12:00:00	1546315	841454	2387769	0.54
2023-06-13 12:30:00	1742263	926350	2668613	0.53
2023-06-13 13:00:00	1848760	983300	2832060	0.53
2023-06-13 13:30:00	1971616	1063447	3035063	0.54
2023-06-13 14:00:00	2133452	1143565	3277017	0.54
2023-06-13 14:30:00	2238003	1232926	3470929	0.55
2023-06-13 15:00:00	2397069	1540940	3938009	0.64
2023-06-13 15:15:00	2407909	1556202	3964111	0.65
2023-06-12 09:00:00	350896	182874	533770	0.52
2023-06-12 09:30:00	577968	312860	890828	0.54
2023-06-12 10:00:00	732094	417910	1150004	0.57
2023-06-12 10:30:00	869006	488970	1357976	0.56
2023-06-12 11:00:00	1064980	583831	1648811	0.55
2023-06-12 11:30:00	1184158	641363	1825521	0.54
2023-06-12 12:00:00	1306141	705789	2011930	0.54
2023-06-12 12:30:00	1440451	760345	2200796	0.53
2023-06-12 13:00:00	1550172	852272	2402444	0.55
2023-06-12 13:30:00	1648932	949953	2598885	0.58
2023-06-12 14:00:00	1773998	1023473	2797471	0.58
2023-06-12 14:30:00	1939858	1179825	3119683	0.61
2023-06-12 15:00:00	2136370	1458091	3594461	0.68
2023-06-12 15:15:00	2156279	1584144	3740423	0.73
2023-06-09 09:00:00	568334	282740	851074	0.5
2023-06-09 09:30:00	945766	485378	1431144	0.51
2023-06-09 10:00:00	1251282	702546	1953828	0.56
2023-06-09 10:30:00	1466697	852669	2319366	0.58
2023-06-09 11:00:00	1664083	962809	2626892	0.58
2023-06-09 11:30:00	1838084	1077460	2915544	0.59
2023-06-09 12:00:00	1999770	1172212	3171982	0.59
2023-06-09 12:30:00	2123130	1251191	3374321	0.59
2023-06-09 13:00:00	2253913	1343638	3597551	0.6
2023-06-09 13:30:00	2373531	1586540	3960071	0.67
2023-06-09 14:00:00	2515306	1716202	4231508	0.68
2023-06-09 14:30:00	2662921	1812667	4475588	0.68
2023-06-09 15:00:00	2881164	1974791	4855955	0.69
2023-06-09 15:15:00	2896089	1991651	4887740	0.69
2023-06-08 09:00:00	309360	195506	504866	0.63
2023-06-08 09:30:00	549565	333918	883483	0.61
2023-06-08 10:00:00	735030	482924	1217954	0.66
2023-06-08 10:30:00	911444	600959	1512403	0.66
2023-06-08 11:00:00	1062331	721551	1783882	0.68
2023-06-08 11:30:00	1188424	803801	1992225	0.68
2023-06-08 12:00:00	1299218	886948	2186166	0.68
2023-06-08 12:30:00	1397063	956580	2353643	0.68
2023-06-08 13:00:00	1531943	1057650	2589593	0.69
2023-06-08 13:30:00	1639116	1120082	2759198	0.68
2023-06-08 14:00:00	1781741	1195002	2976743	0.67
2023-06-08 14:30:00	1902197	1284051	3186248	0.68
2023-06-08 15:00:00	2123045	1608573	3731618	0.76
2023-06-08 15:15:00	2142238	1670695	3812933	0.78
2023-06-07 09:00:00	472082	235157	707239	0.5
2023-06-07 09:30:00	795053	410935	1205988	0.52
2023-06-07 10:00:00	1108441	586017	1694458	0.53
2023-06-07 10:30:00	1362343	677015	2039358	0.5
2023-06-07 11:00:00	1521664	811289	2332953	0.53
2023-06-07 11:30:00	1691565	916434	2607999	0.54
2023-06-07 12:00:00	1812616	1008124	2820740	0.56
2023-06-07 12:30:00	2008313	1099047	3107360	0.55
2023-06-07 13:00:00	2144882	1177263	3322145	0.55
2023-06-07 13:30:00	2243621	1250058	3493679	0.56
2023-06-07 14:00:00	2380980	1330526	3711506	0.56
2023-06-07 14:30:00	2509753	1424204	3933957	0.57
2023-06-07 15:00:00	2707385	2003003	4710388	0.74
2023-06-07 15:15:00	2716292	2024665	4740957	0.75
2023-06-06 09:00:00	274667	183731	458398	0.67
2023-06-06 09:30:00	504669	308527	813196	0.61
2023-06-06 10:00:00	722372	473510	1195882	0.66
2023-06-06 10:30:00	925655	576342	1501997	0.62
2023-06-06 11:00:00	1088702	673071	1761773	0.62
2023-06-06 11:30:00	1279724	756193	2035917	0.59
2023-06-06 12:00:00	1397003	852593	2249596	0.61
2023-06-06 12:30:00	1507374	920370	2427744	0.61
2023-06-06 13:00:00	1596592	977490	2574082	0.61
2023-06-06 13:30:00	1695830	1054436	2750266	0.62
2023-06-06 14:00:00	1790477	1126633	2917110	0.63
2023-06-06 14:30:00	1912916	1210642	3123558	0.63
2023-06-06 15:00:00	2095638	1514420	3610058	0.72
2023-06-06 15:15:00	2104314	1526675	3630989	0.73
2023-06-05 09:00:00	370982	194222	565204	0.52
2023-06-05 09:30:00	604775	343962	948737	0.57
2023-06-05 10:00:00	768480	453420	1221900	0.59
2023-06-05 10:30:00	906216	552295	1458511	0.61
2023-06-05 11:00:00	1027354	636055	1663409	0.62
2023-06-05 11:30:00	1150380	705225	1855605	0.61
2023-06-05 12:00:00	1276131	767661	2043792	0.6
2023-06-05 12:30:00	1371143	833096	2204239	0.61
2023-06-05 13:00:00	1470212	919828	2390040	0.63
2023-06-05 13:30:00	1568700	995946	2564646	0.63
2023-06-05 14:00:00	1706714	1128179	2834893	0.66
2023-06-05 14:30:00	1813765	1209837	3023602	0.67
2023-06-05 15:00:00	1932585	1586088	3518673	0.82
2023-06-05 15:15:00	1938691	1677027	3615718	0.87
2023-06-02 09:00:00	550377	359216	909593	0.65
2023-06-02 09:30:00	860656	551757	1412413	0.64
2023-06-02 10:00:00	1106868	719653	1826521	0.65
2023-06-02 10:30:00	1330966	878440	2209406	0.66
2023-06-02 11:00:00	1538522	992049	2530571	0.64
2023-06-02 11:30:00	1698691	1091242	2789933	0.64
2023-06-02 12:00:00	1863216	1197921	3061137	0.64
2023-06-02 12:30:00	2020516	1296586	3317102	0.64
2023-06-02 13:00:00	2166085	1391767	3557852	0.64
2023-06-02 13:30:00	2317869	1489354	3807223	0.64
2023-06-02 14:00:00	2467925	1575694	4043619	0.64
2023-06-02 14:30:00	2653685	1878336	4532021	0.71
2023-06-02 15:00:00	2906942	2060807	4967749	0.71
2023-06-02 15:15:00	2919325	2136768	5056093	0.73
2023-06-01 09:00:00	305721	179637	485358	0.59
2023-06-01 09:30:00	541520	328872	870392	0.61
2023-06-01 10:00:00	721188	444759	1165947	0.62
2023-06-01 10:30:00	895526	560288	1455814	0.63
2023-06-01 11:00:00	1077596	646595	1724191	0.6
2023-06-01 11:30:00	1227366	818178	2045544	0.67
2023-06-01 12:00:00	1354888	889118	2244006	0.66
2023-06-01 12:30:00	1496910	964014	2460924	0.64
2023-06-01 13:00:00	1595641	1056653	2652294	0.66
2023-06-01 13:30:00	1747976	1134799	2882775	0.65
2023-06-01 14:00:00	1850081	1220537	3070618	0.66
2023-06-01 14:30:00	1998696	1357625	3356321	0.68
2023-06-01 15:00:00	2168191	1640554	3808745	0.76
2023-06-01 15:15:00	2176694	1652197	3828891	0.76
2023-05-31 09:00:00	281995	150668	432663	0.53
2023-05-31 09:30:00	500707	344704	845411	0.69
2023-05-31 10:00:00	666436	515021	1181457	0.77
2023-05-31 10:30:00	798790	595612	1394402	0.75
2023-05-31 11:00:00	917972	665407	1583379	0.72
2023-05-31 11:30:00	998937	715564	1714501	0.72
2023-05-31 12:00:00	1075427	772891	1848318	0.72
2023-05-31 12:30:00	1153512	836814	1990326	0.73
2023-05-31 13:00:00	1246307	903310	2149617	0.72
2023-05-31 13:30:00	1333235	953697	2286932	0.72
2023-05-31 14:00:00	1410358	1015048	2425406	0.72
2023-05-31 14:30:00	1495045	1375248	2870293	0.92
2023-05-31 15:00:00	1676906	1504189	3181095	0.9
2023-05-31 15:15:00	1684710	1520812	3205522	0.9
2023-05-30 09:00:00	486000	330908	816908	0.68
2023-05-30 09:30:00	757008	523656	1280664	0.69
2023-05-30 10:00:00	910467	635534	1546001	0.7
2023-05-30 10:30:00	1053417	754924	1808341	0.72
2023-05-30 11:00:00	1199138	842970	2042108	0.7
2023-05-30 11:30:00	1302863	928653	2231516	0.71
2023-05-30 12:00:00	1421546	1013214	2434760	0.71
2023-05-30 12:30:00	1511432	1085776	2597208	0.72
2023-05-30 13:00:00	1622538	1173847	2796385	0.72
2023-05-30 13:30:00	1730563	1252943	2983506	0.72
2023-05-30 14:00:00	1849872	1369274	3219146	0.74
2023-05-30 14:30:00	1952397	1450682	3403079	0.74
2023-05-30 15:00:00	2109978	1544357	3654335	0.73
2023-05-30 15:15:00	2118182	1556952	3675134	0.74
2023-05-26 09:00:00	370826	224665	595491	0.61
2023-05-26 09:30:00	650826	431210	1082036	0.66
2023-05-26 10:00:00	934420	653970	1588390	0.7
2023-05-26 10:30:00	1134140	802453	1936593	0.71
2023-05-26 11:00:00	1322813	927109	2249922	0.7
2023-05-26 11:30:00	1469868	1023944	2493812	0.7
2023-05-26 12:00:00	1621773	1114752	2736525	0.69
2023-05-26 12:30:00	1769940	1205902	2975842	0.68
2023-05-26 13:00:00	1883940	1286389	3170329	0.68
2023-05-26 13:30:00	2028202	1369204	3397406	0.68
2023-05-26 14:00:00	2147788	1460593	3608381	0.68
2023-05-26 14:30:00	2309883	1559415	3869298	0.68
2023-05-26 15:00:00	2525044	1804700	4329744	0.71
2023-05-26 15:15:00	2540132	1828321	4368453	0.72
2023-05-25 09:00:00	395534	197574	593108	0.5
2023-05-25 09:30:00	624839	344360	969199	0.55
2023-05-25 10:00:00	801605	452040	1253645	0.56
2023-05-25 10:30:00	946323	541919	1488242	0.57
2023-05-25 11:00:00	1090499	624580	1715079	0.57
2023-05-25 11:30:00	1235680	705911	1941591	0.57
2023-05-25 12:00:00	1354586	774016	2128602	0.57
2023-05-25 12:30:00	1443829	855708	2299537	0.59
2023-05-25 13:00:00	1531557	913327	2444884	0.6
2023-05-25 13:30:00	1636160	990780	2626940	0.61
2023-05-25 14:00:00	1725791	1063745	2789536	0.62
2023-05-25 14:30:00	1832305	1128571	2960876	0.62
2023-05-25 15:00:00	1985926	1290983	3276909	0.65
2023-05-25 15:15:00	1992234	1373729	3365963	0.69
2023-05-24 09:00:00	308720	211861	520581	0.69
2023-05-24 09:30:00	521012	375211	896223	0.72
2023-05-24 10:00:00	657233	476490	1133723	0.72
2023-05-24 10:30:00	811224	629864	1441088	0.78
2023-05-24 11:00:00	891206	701890	1593096	0.79
2023-05-24 11:30:00	1001793	762737	1764530	0.76
2023-05-24 12:00:00	1076390	807701	1884091	0.75
2023-05-24 12:30:00	1144583	858568	2003151	0.75
2023-05-24 13:00:00	1222155	915176	2137331	0.75
2023-05-24 13:30:00	1292134	983275	2275409	0.76
2023-05-24 14:00:00	1354213	1031559	2385772	0.76
2023-05-24 14:30:00	1462744	1140747	2603491	0.78
2023-05-24 15:00:00	1596293	1348808	2945101	0.84
2023-05-24 15:15:00	1603327	1442755	3046082	0.9
2023-05-23 09:00:00	274751	177423	452174	0.65
2023-05-23 09:30:00	452291	294184	746475	0.65
2023-05-23 10:00:00	635845	388624	1024469	0.61
2023-05-23 10:30:00	758110	458139	1216249	0.6
2023-05-23 11:00:00	876249	526385	1402634	0.6
2023-05-23 11:30:00	979640	600159	1579799	0.61
2023-05-23 12:00:00	1107868	722981	1830849	0.65
2023-05-23 12:30:00	1195352	787015	1982367	0.66
2023-05-23 13:00:00	1318624	896965	2215589	0.68
2023-05-23 13:30:00	1425517	992898	2418415	0.7
2023-05-23 14:00:00	1517913	1085310	2603223	0.72
2023-05-23 14:30:00	1615559	1166806	2782365	0.72
2023-05-23 15:00:00	1757765	1381046	3138811	0.79
2023-05-23 15:15:00	1770165	1449503	3219668	0.82
2023-05-22 09:00:00	294437	221600	516037	0.75
2023-05-22 09:30:00	497344	366768	864112	0.74
2023-05-22 10:00:00	656652	473831	1130483	0.72
2023-05-22 10:30:00	780588	551757	1332345	0.71
2023-05-22 11:00:00	909827	622248	1532075	0.68
2023-05-22 11:30:00	1008578	683256	1691834	0.68
2023-05-22 12:00:00	1089949	740809	1830758	0.68
2023-05-22 12:30:00	1185160	802990	1988150	0.68
2023-05-22 13:00:00	1255454	852667	2108121	0.68
2023-05-22 13:30:00	1329125	899778	2228903	0.68
2023-05-22 14:00:00	1426261	1002404	2428665	0.7
2023-05-22 14:30:00	1530083	1113415	2643498	0.73
2023-05-22 15:00:00	1670885	1260743	2931628	0.75
2023-05-22 15:15:00	1677147	1297857	2975004	0.77
2023-05-19 09:00:00	382431	232188	614619	0.61
2023-05-19 09:30:00	609094	399190	1008284	0.66
2023-05-19 10:00:00	797180	556643	1353823	0.7
2023-05-19 10:30:00	982829	745190	1728019	0.76
2023-05-19 11:00:00	1228646	973144	2201790	0.79
2023-05-19 11:30:00	1356008	1069941	2425949	0.79
2023-05-19 12:00:00	1496948	1162305	2659253	0.78
2023-05-19 12:30:00	1597054	1232643	2829697	0.77
2023-05-19 13:00:00	1694150	1329856	3024006	0.78
2023-05-19 13:30:00	1813862	1429749	3243611	0.79
2023-05-19 14:00:00	1914733	1526955	3441688	0.8
2023-05-19 14:30:00	2036301	1650250	3686551	0.81
2023-05-19 15:00:00	2236079	1808912	4044991	0.81
2023-05-19 15:15:00	2246666	1825058	4071724	0.81
2023-05-18 09:00:00	328442	253387	581829	0.77
2023-05-18 09:30:00	563551	432486	996037	0.77
2023-05-18 10:00:00	793557	627543	1421100	0.79
2023-05-18 10:30:00	969231	771068	1740299	0.8
2023-05-18 11:00:00	1146194	864915	2011109	0.75
2023-05-18 11:30:00	1277729	964356	2242085	0.75
2023-05-18 12:00:00	1377118	1029182	2406300	0.75
2023-05-18 12:30:00	1488317	1109249	2597566	0.75
2023-05-18 13:00:00	1587181	1189839	2777020	0.75
2023-05-18 13:30:00	1669796	1262041	2931837	0.76
2023-05-18 14:00:00	1752758	1336387	3089145	0.76
2023-05-18 14:30:00	1869564	1544789	3414353	0.83
2023-05-18 15:00:00	2055651	1707231	3762882	0.83
2023-05-18 15:15:00	2066951	1725161	3792112	0.83
2023-05-17 09:00:00	242386	190665	433051	0.79
2023-05-17 09:30:00	414318	304023	718341	0.73
2023-05-17 10:00:00	548982	400626	949608	0.73
2023-05-17 10:30:00	680904	497105	1178009	0.73
2023-05-17 11:00:00	818197	587430	1405627	0.72
2023-05-17 11:30:00	906520	655315	1561835	0.72
2023-05-17 12:00:00	1068420	803950	1872370	0.75
2023-05-17 12:30:00	1219785	909586	2129371	0.75
2023-05-17 13:00:00	1355659	1019472	2375131	0.75
2023-05-17 13:30:00	1475321	1113262	2588583	0.75
2023-05-17 14:00:00	1577656	1187401	2765057	0.75
2023-05-17 14:30:00	1746383	1351485	3097868	0.77
2023-05-17 15:00:00	1914674	1644097	3558771	0.86
2023-05-17 15:15:00	1920988	1660383	3581371	0.86
2023-05-16 09:00:00	270381	192741	463122	0.71
2023-05-16 09:30:00	454575	318807	773382	0.7
2023-05-16 10:00:00	597708	419911	1017619	0.7
2023-05-16 10:30:00	708239	508288	1216527	0.72
2023-05-16 11:00:00	798617	578557	1377174	0.72
2023-05-16 11:30:00	886116	645991	1532107	0.73
2023-05-16 12:00:00	979327	706345	1685672	0.72
2023-05-16 12:30:00	1061060	757099	1818159	0.71
2023-05-16 13:00:00	1135292	811776	1947068	0.72
2023-05-16 13:30:00	1215859	911976	2127835	0.75
2023-05-16 14:00:00	1284455	972834	2257289	0.76
2023-05-16 14:30:00	1377898	1038044	2415942	0.75
2023-05-16 15:00:00	1514641	1198357	2712998	0.79
2023-05-16 15:15:00	1524415	1242520	2766935	0.82
2023-05-15 09:00:00	269603	199529	469132	0.74
2023-05-15 09:30:00	433499	326963	760462	0.75
2023-05-15 10:00:00	582723	439032	1021755	0.75
2023-05-15 10:30:00	694546	509602	1204148	0.73
2023-05-15 11:00:00	787913	586054	1373967	0.74
2023-05-15 11:30:00	881172	645704	1526876	0.73
2023-05-15 12:00:00	998813	709711	1708524	0.71
2023-05-15 12:30:00	1127417	792155	1919572	0.7
2023-05-15 13:00:00	1214870	859722	2074592	0.71
2023-05-15 13:30:00	1304826	912660	2217486	0.7
2023-05-15 14:00:00	1379250	962861	2342111	0.7
2023-05-15 14:30:00	1478063	1113741	2591804	0.75
2023-05-15 15:00:00	1624239	1215416	2839655	0.75
2023-05-15 15:15:00	1634517	1228694	2863211	0.75
2023-05-12 09:00:00	293403	221373	514776	0.75
2023-05-12 09:30:00	533267	402199	935466	0.75
2023-05-12 10:00:00	775133	545704	1320837	0.7
2023-05-12 10:30:00	949204	654309	1603513	0.69
2023-05-12 11:00:00	1105483	791867	1897350	0.72
2023-05-12 11:30:00	1322114	917065	2239179	0.69
2023-05-12 12:00:00	1455881	1059163	2515044	0.73
2023-05-12 12:30:00	1556158	1128577	2684735	0.73
2023-05-12 13:00:00	1723580	1281153	3004733	0.74
2023-05-12 13:30:00	1829874	1364845	3194719	0.75
2023-05-12 14:00:00	1949615	1446801	3396416	0.74
2023-05-12 14:30:00	2086099	1555392	3641491	0.75
2023-05-12 15:00:00	2297046	1762201	4059247	0.77
2023-05-12 15:15:00	2311383	1819424	4130807	0.79
2023-05-11 09:00:00	312339	237890	550229	0.76
2023-05-11 09:30:00	516397	391830	908227	0.76
2023-05-11 10:00:00	667948	517273	1185221	0.77
2023-05-11 10:30:00	794716	614742	1409458	0.77
2023-05-11 11:00:00	924310	714619	1638929	0.77
2023-05-11 11:30:00	1027079	787873	1814952	0.77
2023-05-11 12:00:00	1103491	851076	1954567	0.77
2023-05-11 12:30:00	1190159	911836	2101995	0.77
2023-05-11 13:00:00	1285583	992241	2277824	0.77
2023-05-11 13:30:00	1376257	1053444	2429701	0.77
2023-05-11 14:00:00	1501529	1144826	2646355	0.76
2023-05-11 14:30:00	1604134	1215437	2819571	0.76
2023-05-11 15:00:00	1805014	1353240	3158254	0.75
2023-05-11 15:15:00	1817476	1401564	3219040	0.77
2023-05-10 09:00:00	324213	238802	563015	0.74
2023-05-10 09:30:00	555936	397016	952952	0.71
2023-05-10 10:00:00	729122	534109	1263231	0.73
2023-05-10 10:30:00	849831	622519	1472350	0.73
2023-05-10 11:00:00	953370	701508	1654878	0.74
2023-05-10 11:30:00	1044130	774051	1818181	0.74
2023-05-10 12:00:00	1127289	829157	1956446	0.74
2023-05-10 12:30:00	1239462	934871	2174333	0.75
2023-05-10 13:00:00	1347117	1020779	2367896	0.76
2023-05-10 13:30:00	1447532	1090822	2538354	0.75
2023-05-10 14:00:00	1541860	1162791	2704651	0.75
2023-05-10 14:30:00	1684704	1275522	2960226	0.76
2023-05-10 15:00:00	1830068	1562361	3392429	0.85
2023-05-10 15:15:00	1840573	1662420	3502993	0.9
2023-05-09 09:00:00	266475	185789	452264	0.7
2023-05-09 09:30:00	434096	285632	719728	0.66
2023-05-09 10:00:00	556347	381963	938310	0.69
2023-05-09 10:30:00	660686	459626	1120312	0.7
2023-05-09 11:00:00	730836	515691	1246527	0.71
2023-05-09 11:30:00	804805	573827	1378632	0.71
2023-05-09 12:00:00	882178	628804	1510982	0.71
2023-05-09 12:30:00	951980	678379	1630359	0.71
2023-05-09 13:00:00	1026062	728273	1754335	0.71
2023-05-09 13:30:00	1109123	782618	1891741	0.71
2023-05-09 14:00:00	1184047	842108	2026155	0.71
2023-05-09 14:30:00	1263193	928049	2191242	0.73
2023-05-09 15:00:00	1407038	1073563	2480601	0.76
2023-05-09 15:15:00	1416398	1117568	2533966	0.79
2023-05-08 09:00:00	273675	208005	481680	0.76
2023-05-08 09:30:00	417855	321141	738996	0.77
2023-05-08 10:00:00	551778	429865	981643	0.78
2023-05-08 10:30:00	696274	560385	1256659	0.8
2023-05-08 11:00:00	789038	642011	1431049	0.81
2023-05-08 11:30:00	867995	711888	1579883	0.82
2023-05-08 12:00:00	949137	766658	1715795	0.81
2023-05-08 12:30:00	1028273	821682	1849955	0.8
2023-05-08 13:00:00	1115119	883610	1998729	0.79
2023-05-08 13:30:00	1205910	960348	2166258	0.8
2023-05-08 14:00:00	1279180	1025837	2305017	0.8
2023-05-08 14:30:00	1361190	1109216	2470406	0.81
2023-05-08 15:00:00	1506938	1291643	2798581	0.86
2023-05-08 15:15:00	1512660	1346672	2859332	0.89
2023-05-05 09:00:00	443432	338250	781682	0.76
2023-05-05 09:30:00	717722	603967	1321689	0.84
2023-05-05 10:00:00	926383	754566	1680949	0.81
2023-05-05 10:30:00	1087471	885370	1972841	0.81
2023-05-05 11:00:00	1212927	978559	2191486	0.81
2023-05-05 11:30:00	1324407	1084127	2408534	0.82
2023-05-05 12:00:00	1438323	1176167	2614490	0.82
2023-05-05 12:30:00	1547854	1276082	2823936	0.82
2023-05-05 13:00:00	1702673	1398870	3101543	0.82
2023-05-05 13:30:00	1859097	1542551	3401648	0.83
2023-05-05 14:00:00	2038683	1681585	3720268	0.82
2023-05-05 14:30:00	2202429	1817895	4020324	0.83
2023-05-05 15:00:00	2437367	2039381	4476748	0.84
2023-05-05 15:15:00	2461226	2112383	4573609	0.86
2023-05-04 09:00:00	281868	266549	548417	0.95
2023-05-04 09:30:00	465482	447268	912750	0.96
2023-05-04 10:00:00	628547	641627	1270174	1.02
2023-05-04 10:30:00	757961	752978	1510939	0.99
2023-05-04 11:00:00	868546	845318	1713864	0.97
2023-05-04 11:30:00	963097	958517	1921614	1.0
2023-05-04 12:00:00	1046382	1041807	2088189	1.0
2023-05-04 12:30:00	1162360	1129868	2292228	0.97
2023-05-04 13:00:00	1295580	1220875	2516455	0.94
2023-05-04 13:30:00	1390077	1289117	2679194	0.93
2023-05-04 14:00:00	1473611	1370381	2843992	0.93
2023-05-04 14:30:00	1587118	1482849	3069967	0.93
2023-05-04 15:00:00	1756443	1706600	3463043	0.97
2023-05-04 15:15:00	1770119	1770937	3541056	1.0
2023-05-03 09:00:00	235258	149188	384446	0.63
2023-05-03 09:30:00	394823	248615	643438	0.63
2023-05-03 10:00:00	505383	342172	847555	0.68
2023-05-03 10:30:00	603949	416093	1020042	0.69
2023-05-03 11:00:00	682375	474717	1157092	0.7
2023-05-03 11:30:00	775183	522809	1297992	0.67
2023-05-03 12:00:00	843145	573729	1416874	0.68
2023-05-03 12:30:00	921326	652941	1574267	0.71
2023-05-03 13:00:00	1004017	788824	1792841	0.79
2023-05-03 13:30:00	1112309	874104	1986413	0.79
2023-05-03 14:00:00	1229442	988836	2218278	0.8
2023-05-03 14:30:00	1362081	1115990	2478071	0.82
2023-05-03 15:00:00	1540338	1449752	2990090	0.94
2023-05-03 15:15:00	1552998	1570873	3123871	1.01
2023-05-02 09:00:00	217709	185356	403065	0.85
2023-05-02 09:30:00	399304	471642	870946	1.18
2023-05-02 10:00:00	566825	667439	1234264	1.18
2023-05-02 10:30:00	703036	804816	1507852	1.14
2023-05-02 11:00:00	831704	940388	1772092	1.13
2023-05-02 11:30:00	917904	1006728	1924632	1.1
2023-05-02 12:00:00	1018960	1061419	2080379	1.04
2023-05-02 12:30:00	1082278	1127795	2210073	1.04
2023-05-02 13:00:00	1150691	1184393	2335084	1.03
2023-05-02 13:30:00	1270455	1304621	2575076	1.03
2023-05-02 14:00:00	1334908	1418993	2753901	1.06
2023-05-02 14:30:00	1414078	1476077	2890155	1.04
2023-05-02 15:00:00	1538442	1574140	3112582	1.02
2023-05-02 15:15:00	1543705	1579709	3123414	1.02
2023-05-01 09:00:00	296249	206552	502801	0.7
2023-05-01 09:30:00	459131	341396	800527	0.74
2023-05-01 10:00:00	611529	450621	1062150	0.74
2023-05-01 10:30:00	754700	596594	1351294	0.79
2023-05-01 11:00:00	842326	682824	1525150	0.81
2023-05-01 11:30:00	942196	741468	1683664	0.79
2023-05-01 12:00:00	1027768	804012	1831780	0.78
2023-05-01 12:30:00	1103997	858061	1962058	0.78
2023-05-01 13:00:00	1177161	917291	2094452	0.78
2023-05-01 13:30:00	1262102	978360	2240462	0.78
2023-05-01 14:00:00	1353252	1048333	2401585	0.77
2023-05-01 14:30:00	1433844	1110411	2544255	0.77
2023-05-01 15:00:00	1555667	1234415	2790082	0.79
2023-05-01 15:15:00	1563677	1291011	2854688	0.83
2023-04-28 09:00:00	316104	255894	571998	0.81
2023-04-28 09:30:00	590824	475787	1066611	0.81
2023-04-28 10:00:00	816097	720278	1536375	0.88
2023-04-28 10:30:00	970192	848844	1819036	0.87
2023-04-28 11:00:00	1098449	960593	2059042	0.87
2023-04-28 11:30:00	1242837	1083864	2326701	0.87
2023-04-28 12:00:00	1361038	1191352	2552390	0.88
2023-04-28 12:30:00	1466345	1288148	2754493	0.88
2023-04-28 13:00:00	1570580	1373308	2943888	0.87
2023-04-28 13:30:00	1671752	1464340	3136092	0.88
2023-04-28 14:00:00	1790281	1577140	3367421	0.88
2023-04-28 14:30:00	1937960	1731918	3669878	0.89
2023-04-28 15:00:00	2131595	1907204	4038799	0.89
2023-04-28 15:15:00	2145088	1991578	4136666	0.93
2023-04-27 09:00:00	281242	233498	514740	0.83
2023-04-27 09:30:00	460169	379970	840139	0.83
2023-04-27 10:00:00	613961	512073	1126034	0.83
2023-04-27 10:30:00	741452	617754	1359206	0.83
2023-04-27 11:00:00	868355	704155	1572510	0.81
2023-04-27 11:30:00	980802	792057	1772859	0.81
2023-04-27 12:00:00	1069546	867262	1936808	0.81
2023-04-27 12:30:00	1156470	938163	2094633	0.81
2023-04-27 13:00:00	1277293	1034279	2311572	0.81
2023-04-27 13:30:00	1384972	1132899	2517871	0.82
2023-04-27 14:00:00	1509861	1255203	2765064	0.83
2023-04-27 14:30:00	1640351	1364474	3004825	0.83
2023-04-27 15:00:00	1825647	1540759	3366406	0.84
2023-04-27 15:15:00	1850349	1624546	3474895	0.88
2023-04-26 09:00:00	262375	244576	506951	0.93
2023-04-26 09:30:00	450564	419379	869943	0.93
2023-04-26 10:00:00	605269	557597	1162866	0.92
2023-04-26 10:30:00	728734	669255	1397989	0.92
2023-04-26 11:00:00	819973	747900	1567873	0.91
2023-04-26 11:30:00	904000	821322	1725322	0.91
2023-04-26 12:00:00	978604	896023	1874627	0.92
2023-04-26 12:30:00	1040490	967992	2008482	0.93
2023-04-26 13:00:00	1157028	1040063	2197091	0.9
2023-04-26 13:30:00	1240443	1134113	2374556	0.91
2023-04-26 14:00:00	1332474	1224750	2557224	0.92
2023-04-26 14:30:00	1421788	1320234	2742022	0.93
2023-04-26 15:00:00	1561540	1517031	3078571	0.97
2023-04-26 15:15:00	1567936	1635162	3203098	1.04
2023-04-25 09:00:00	239496	197979	437475	0.83
2023-04-25 09:30:00	407074	355555	762629	0.87
2023-04-25 10:00:00	555799	479163	1034962	0.86
2023-04-25 10:30:00	678214	559121	1237335	0.82
2023-04-25 11:00:00	766258	659988	1426246	0.86
2023-04-25 11:30:00	877571	744332	1621903	0.85
2023-04-25 12:00:00	980934	845929	1826863	0.86
2023-04-25 12:30:00	1100097	971963	2072060	0.88
2023-04-25 13:00:00	1205227	1073648	2278875	0.89
2023-04-25 13:30:00	1297327	1185858	2483185	0.91
2023-04-25 14:00:00	1398898	1266692	2665590	0.91
2023-04-25 14:30:00	1488264	1356625	2844889	0.91
2023-04-25 15:00:00	1639627	1521794	3161421	0.93
2023-04-25 15:15:00	1661386	1565003	3226389	0.94
2023-04-24 09:00:00	235913	158526	394439	0.67
2023-04-24 09:30:00	387889	264622	652511	0.68
2023-04-24 10:00:00	522339	414896	937235	0.79
2023-04-24 10:30:00	644746	520390	1165136	0.81
2023-04-24 11:00:00	737717	592266	1329983	0.8
2023-04-24 11:30:00	828273	685686	1513959	0.83
2023-04-24 12:00:00	900417	747457	1647874	0.83
2023-04-24 12:30:00	991324	800385	1791709	0.81
2023-04-24 13:00:00	1066178	851872	1918050	0.8
2023-04-24 13:30:00	1145145	916799	2061944	0.8
2023-04-24 14:00:00	1214265	967672	2181937	0.8
2023-04-24 14:30:00	1306016	1035224	2341240	0.79
2023-04-24 15:00:00	1427530	1163987	2591517	0.82
2023-04-24 15:15:00	1451202	1197016	2648218	0.82
2023-04-21 09:00:00	308610	252738	561348	0.82
2023-04-21 09:30:00	558928	450876	1009804	0.81
2023-04-21 10:00:00	753095	616414	1369509	0.82
2023-04-21 10:30:00	894215	714480	1608695	0.8
2023-04-21 11:00:00	1014049	817350	1831399	0.81
2023-04-21 11:30:00	1111886	903425	2015311	0.81
2023-04-21 12:00:00	1207826	987218	2195044	0.82
2023-04-21 12:30:00	1303238	1068961	2372199	0.82
2023-04-21 13:00:00	1412966	1172352	2585318	0.83
2023-04-21 13:30:00	1525794	1270182	2795976	0.83
2023-04-21 14:00:00	1626378	1361809	2988187	0.84
2023-04-21 14:30:00	1756842	1480039	3236881	0.84
2023-04-21 15:00:00	1955615	1662303	3617918	0.85
2023-04-21 15:15:00	1970503	1702899	3673402	0.86
2023-04-20 09:00:00	310291	260122	570413	0.84
2023-04-20 09:30:00	464521	420205	884726	0.9
2023-04-20 10:00:00	596316	523994	1120310	0.88
2023-04-20 10:30:00	725115	633050	1358165	0.87
2023-04-20 11:00:00	836861	713008	1549869	0.85
2023-04-20 11:30:00	937146	805175	1742321	0.86
2023-04-20 12:00:00	1029276	879826	1909102	0.85
2023-04-20 12:30:00	1123278	998755	2122033	0.89
2023-04-20 13:00:00	1209866	1073265	2283131	0.89
2023-04-20 13:30:00	1299543	1154208	2453751	0.89
2023-04-20 14:00:00	1454197	1260682	2714879	0.87
2023-04-20 14:30:00	1630583	1450848	3081431	0.89
2023-04-20 15:00:00	1802958	1616581	3419539	0.9
2023-04-20 15:15:00	1812128	1667693	3479821	0.92
2023-04-19 09:00:00	256342	179992	436334	0.7
2023-04-19 09:30:00	398554	297940	696494	0.75
2023-04-19 10:00:00	519578	386426	906004	0.74
2023-04-19 10:30:00	613693	466274	1079967	0.76
2023-04-19 11:00:00	711157	553051	1264208	0.78
2023-04-19 11:30:00	808317	636372	1444689	0.79
2023-04-19 12:00:00	923120	735771	1658891	0.8
2023-04-19 12:30:00	1014822	805493	1820315	0.79
2023-04-19 13:00:00	1106447	878325	1984772	0.79
2023-04-19 13:30:00	1191856	942827	2134683	0.79
2023-04-19 14:00:00	1266576	1049952	2316528	0.83
2023-04-19 14:30:00	1361463	1140245	2501708	0.84
2023-04-19 15:00:00	1545563	1378051	2923614	0.89
2023-04-19 15:15:00	1549675	1489023	3038698	0.96
2023-04-18 09:00:00	290186	173900	464086	0.6
2023-04-18 09:30:00	449488	288786	738274	0.64
2023-04-18 10:00:00	574713	389767	964480	0.68
2023-04-18 10:30:00	671288	460216	1131504	0.69
2023-04-18 11:00:00	760195	520172	1280367	0.68
2023-04-18 11:30:00	851283	590254	1441537	0.69
2023-04-18 12:00:00	920436	651850	1572286	0.71
2023-04-18 12:30:00	996725	702262	1698987	0.7
2023-04-18 13:00:00	1075410	756510	1831920	0.7
2023-04-18 13:30:00	1142349	809870	1952219	0.71
2023-04-18 14:00:00	1248465	875601	2124066	0.7
2023-04-18 14:30:00	1325767	934885	2260652	0.71
2023-04-18 15:00:00	1454870	1079684	2534554	0.74
2023-04-18 15:15:00	1466747	1151013	2617760	0.78
2023-04-17 09:00:00	250501	174777	425278	0.7
2023-04-17 09:30:00	397798	275209	673007	0.69
2023-04-17 10:00:00	540129	384709	924838	0.71
2023-04-17 10:30:00	636445	474547	1110992	0.75
2023-04-17 11:00:00	714394	545974	1260368	0.76
2023-04-17 11:30:00	783466	596258	1379724	0.76
2023-04-17 12:00:00	846610	642837	1489447	0.76
2023-04-17 12:30:00	914939	688547	1603486	0.75
2023-04-17 13:00:00	981215	751416	1732631	0.77
2023-04-17 13:30:00	1037512	803219	1840731	0.77
2023-04-17 14:00:00	1115521	857485	1973006	0.77
2023-04-17 14:30:00	1220455	935012	2155467	0.77
2023-04-17 15:00:00	1384606	1090620	2475226	0.79
2023-04-17 15:15:00	1395514	1170238	2565752	0.84
2023-04-14 09:00:00	357684	259600	617284	0.73
2023-04-14 09:30:00	598434	463239	1061673	0.77
2023-04-14 10:00:00	770750	591313	1362063	0.77
2023-04-14 10:30:00	911071	692741	1603812	0.76
2023-04-14 11:00:00	1047817	799574	1847391	0.76
2023-04-14 11:30:00	1157139	897116	2054255	0.78
2023-04-14 12:00:00	1267245	991628	2258873	0.78
2023-04-14 12:30:00	1383870	1089506	2473376	0.79
2023-04-14 13:00:00	1503158	1203823	2706981	0.8
2023-04-14 13:30:00	1613264	1286630	2899894	0.8
2023-04-14 14:00:00	1725531	1385915	3111446	0.8
2023-04-14 14:30:00	1847580	1491450	3339030	0.81
2023-04-14 15:00:00	2035156	1650188	3685344	0.81
2023-04-14 15:15:00	2049549	1736391	3785940	0.85
2023-04-13 09:00:00	270560	151118	421678	0.56
2023-04-13 09:30:00	501715	272786	774501	0.54
2023-04-13 10:00:00	662800	376785	1039585	0.57
2023-04-13 10:30:00	762548	462363	1224911	0.61
2023-04-13 11:00:00	863012	540444	1403456	0.63
2023-04-13 11:30:00	952880	616997	1569877	0.65
2023-04-13 12:00:00	1043771	691394	1735165	0.66
2023-04-13 12:30:00	1130422	756622	1887044	0.67
2023-04-13 13:00:00	1233587	836344	2069931	0.68
2023-04-13 13:30:00	1358918	929914	2288832	0.68
2023-04-13 14:00:00	1479778	1002711	2482489	0.68
2023-04-13 14:30:00	1587693	1091333	2679026	0.69
2023-04-13 15:00:00	1750457	1308870	3059327	0.75
2023-04-13 15:15:00	1759544	1430469	3190013	0.81
2023-04-12 09:00:00	257676	171237	428913	0.66
2023-04-12 09:30:00	426732	278081	704813	0.65
2023-04-12 10:00:00	568571	408622	977193	0.72
2023-04-12 10:30:00	689241	522446	1211687	0.76
2023-04-12 11:00:00	771102	591507	1362609	0.77
2023-04-12 11:30:00	845586	650242	1495828	0.77
2023-04-12 12:00:00	902682	693757	1596439	0.77
2023-04-12 12:30:00	968718	741052	1709770	0.76
2023-04-12 13:00:00	1030812	797287	1828099	0.77
2023-04-12 13:30:00	1118431	870225	1988656	0.78
2023-04-12 14:00:00	1210910	943200	2154110	0.78
2023-04-12 14:30:00	1311408	1033577	2344985	0.79
2023-04-12 15:00:00	1446155	1238819	2684974	0.86
2023-04-12 15:15:00	1451553	1353999	2805552	0.93
2023-04-11 09:00:00	238909	134836	373745	0.56
2023-04-11 09:30:00	403901	249211	653112	0.62
2023-04-11 10:00:00	518925	341043	859968	0.66
2023-04-11 10:30:00	619962	410855	1030817	0.66
2023-04-11 11:00:00	739729	470820	1210549	0.64
2023-04-11 11:30:00	824775	524221	1348996	0.64
2023-04-11 12:00:00	910202	574639	1484841	0.63
2023-04-11 12:30:00	972258	692148	1664406	0.71
2023-04-11 13:00:00	1053557	740275	1793832	0.7
2023-04-11 13:30:00	1141085	809041	1950126	0.71
2023-04-11 14:00:00	1205995	857277	2063272	0.71
2023-04-11 14:30:00	1286293	929652	2215945	0.72
2023-04-11 15:00:00	1433993	1113433	2547426	0.78
2023-04-11 15:15:00	1440192	1186148	2626340	0.82
2023-04-10 09:00:00	258396	194620	453016	0.75
2023-04-10 09:30:00	405875	288870	694745	0.71
2023-04-10 10:00:00	552927	370322	923249	0.67
2023-04-10 10:30:00	639223	440295	1079518	0.69
2023-04-10 11:00:00	722607	511530	1234137	0.71
2023-04-10 11:30:00	795435	573675	1369110	0.72
2023-04-10 12:00:00	894424	632696	1527120	0.71
2023-04-10 12:30:00	948925	690066	1638991	0.73
2023-04-10 13:00:00	997014	757116	1754130	0.76
2023-04-10 13:30:00	1062463	805776	1868239	0.76
2023-04-10 14:00:00	1122480	860993	1983473	0.77
2023-04-10 14:30:00	1190961	909743	2100704	0.76
2023-04-10 15:00:00	1321427	1064876	2386303	0.81
2023-04-10 15:15:00	1327766	1157766	2485532	0.87
2023-04-06 09:00:00	255418	230738	486156	0.9
2023-04-06 09:30:00	450558	400967	851525	0.89
2023-04-06 10:00:00	605810	516788	1122598	0.85
2023-04-06 10:30:00	708438	621044	1329482	0.88
2023-04-06 11:00:00	828402	726957	1555359	0.88
2023-04-06 11:30:00	945242	828219	1773461	0.88
2023-04-06 12:00:00	1070719	918564	1989283	0.86
2023-04-06 12:30:00	1179922	992491	2172413	0.84
2023-04-06 13:00:00	1275452	1062216	2337668	0.83
2023-04-06 13:30:00	1377329	1149626	2526955	0.83
2023-04-06 14:00:00	1480446	1235088	2715534	0.83
2023-04-06 14:30:00	1595699	1345256	2940955	0.84
2023-04-06 15:00:00	1761134	1594222	3355356	0.91
2023-04-06 15:15:00	1767581	1613189	3380770	0.91
2023-04-05 09:00:00	234785	184040	418825	0.78
2023-04-05 09:30:00	431391	336312	767703	0.78
2023-04-05 10:00:00	596501	463381	1059882	0.78
2023-04-05 10:30:00	715314	575617	1290931	0.8
2023-04-05 11:00:00	888415	657258	1545673	0.74
2023-04-05 11:30:00	993724	729698	1723422	0.73
2023-04-05 12:00:00	1086460	798074	1884534	0.73
2023-04-05 12:30:00	1170482	854985	2025467	0.73
2023-04-05 13:00:00	1243603	914524	2158127	0.74
2023-04-05 13:30:00	1316177	981589	2297766	0.75
2023-04-05 14:00:00	1384971	1048191	2433162	0.76
2023-04-05 14:30:00	1466044	1127880	2593924	0.77
2023-04-05 15:00:00	1589874	1337976	2927850	0.84
2023-04-05 15:15:00	1596079	1343282	2939361	0.84
2023-04-04 09:00:00	223338	159864	383202	0.72
2023-04-04 09:30:00	405270	304286	709556	0.75
2023-04-04 10:00:00	528949	439711	968660	0.83
2023-04-04 10:30:00	678923	556088	1235011	0.82
2023-04-04 11:00:00	793254	656479	1449733	0.83
2023-04-04 11:30:00	887620	756513	1644133	0.85
2023-04-04 12:00:00	962962	830488	1793450	0.86
2023-04-04 12:30:00	1035230	902005	1937235	0.87
2023-04-04 13:00:00	1096574	962792	2059366	0.88
2023-04-04 13:30:00	1162321	1031862	2194183	0.89
2023-04-04 14:00:00	1244051	1094572	2338623	0.88
2023-04-04 14:30:00	1348196	1556504	2904700	1.15
2023-04-04 15:00:00	1466961	1657669	3124630	1.13
2023-04-04 15:15:00	1476108	1664809	3140917	1.13
2023-04-03 09:00:00	310693	190059	500752	0.61
2023-04-03 09:30:00	525661	324565	850226	0.62
2023-04-03 10:00:00	693913	453973	1147886	0.65
2023-04-03 10:30:00	828905	563661	1392566	0.68
2023-04-03 11:00:00	940535	682535	1623070	0.73
2023-04-03 11:30:00	1030825	752058	1782883	0.73
2023-04-03 12:00:00	1092233	809306	1901539	0.74
2023-04-03 12:30:00	1163779	864091	2027870	0.74
2023-04-03 13:00:00	1242230	922984	2165214	0.74
2023-04-03 13:30:00	1317670	978882	2296552	0.74
2023-04-03 14:00:00	1411209	1071157	2482366	0.76
2023-04-03 14:30:00	1497432	1141837	2639269	0.76
2023-04-03 15:00:00	1629451	1332189	2961640	0.82
2023-04-03 15:15:00	1643167	1372281	3015448	0.84
2023-03-31 09:00:00	331773	283704	615477	0.86
2023-03-31 09:30:00	506370	439848	946218	0.87
2023-03-31 10:00:00	683852	593913	1277765	0.87
2023-03-31 10:30:00	850052	822059	1672111	0.97
2023-03-31 11:00:00	1002622	982113	1984735	0.98
2023-03-31 11:30:00	1174143	1119879	2294022	0.95
2023-03-31 12:00:00	1311173	1232128	2543301	0.94
2023-03-31 12:30:00	1421774	1315034	2736808	0.92
2023-03-31 13:00:00	1555246	1410604	2965850	0.91
2023-03-31 13:30:00	1685469	1521845	3207314	0.9
2023-03-31 14:00:00	1805822	1674896	3480718	0.93
2023-03-31 14:30:00	2026707	1844527	3871234	0.91
2023-03-31 15:00:00	2310559	2201263	4511822	0.95
2023-03-31 15:15:00	2335961	2274307	4610268	0.97
2023-03-30 09:00:00	343516	226843	570359	0.66
2023-03-30 09:30:00	544112	399275	943387	0.73
2023-03-30 10:00:00	673299	515748	1189047	0.77
2023-03-30 10:30:00	791148	615576	1406724	0.78
2023-03-30 11:00:00	888716	700551	1589267	0.79
2023-03-30 11:30:00	983973	777613	1761586	0.79
2023-03-30 12:00:00	1073539	858494	1932033	0.8
2023-03-30 12:30:00	1144318	912332	2056650	0.8
2023-03-30 13:00:00	1239915	992771	2232686	0.8
2023-03-30 13:30:00	1323478	1053764	2377242	0.8
2023-03-30 14:00:00	1409681	1117182	2526863	0.79
2023-03-30 14:30:00	1498483	1192703	2691186	0.8
2023-03-30 15:00:00	1707347	1355262	3062609	0.79
2023-03-30 15:15:00	1714326	1364773	3079099	0.8
2023-03-29 09:00:00	285483	212888	498371	0.75
2023-03-29 09:30:00	472172	431136	903308	0.91
2023-03-29 10:00:00	581773	527018	1108791	0.91
2023-03-29 10:30:00	669298	591564	1260862	0.88
2023-03-29 11:00:00	759473	658004	1417477	0.87
2023-03-29 11:30:00	837023	722428	1559451	0.86
2023-03-29 12:00:00	909836	789306	1699142	0.87
2023-03-29 12:30:00	998868	849107	1847975	0.85
2023-03-29 13:00:00	1088801	911893	2000694	0.84
2023-03-29 13:30:00	1154427	968128	2122555	0.84
2023-03-29 14:00:00	1240590	1036994	2277584	0.84
2023-03-29 14:30:00	1356934	1317601	2674535	0.97
2023-03-29 15:00:00	1506273	1437501	2943774	0.95
2023-03-29 15:15:00	1524252	1458160	2982412	0.96
2023-03-28 09:00:00	210902	146499	357401	0.69
2023-03-28 09:30:00	343119	257338	600457	0.75
2023-03-28 10:00:00	488792	347869	836661	0.71
2023-03-28 10:30:00	579380	412881	992261	0.71
2023-03-28 11:00:00	661530	519536	1181066	0.79
2023-03-28 11:30:00	726080	572589	1298669	0.79
2023-03-28 12:00:00	800919	633393	1434312	0.79
2023-03-28 12:30:00	872300	683182	1555482	0.78
2023-03-28 13:00:00	960715	754933	1715648	0.79
2023-03-28 13:30:00	1033314	937168	1970482	0.91
2023-03-28 14:00:00	1109062	1046445	2155507	0.94
2023-03-28 14:30:00	1210068	1101083	2311151	0.91
2023-03-28 15:00:00	1342800	1202433	2545233	0.9
2023-03-28 15:15:00	1368610	1265325	2633935	0.92
2023-03-27 09:00:00	264526	168601	433127	0.64
2023-03-27 09:30:00	394955	277513	672468	0.7
2023-03-27 10:00:00	526590	367305	893895	0.7
2023-03-27 10:30:00	630258	465265	1095523	0.74
2023-03-27 11:00:00	742829	537359	1280188	0.72
2023-03-27 11:30:00	843565	604312	1447877	0.72
2023-03-27 12:00:00	939569	653081	1592650	0.7
2023-03-27 12:30:00	1004638	710820	1715458	0.71
2023-03-27 13:00:00	1081355	762070	1843425	0.7
2023-03-27 13:30:00	1171445	815321	1986766	0.7
2023-03-27 14:00:00	1268876	911244	2180120	0.72
2023-03-27 14:30:00	1379655	984161	2363816	0.71
2023-03-27 15:00:00	1511833	1135263	2647096	0.75
2023-03-27 15:15:00	1517193	1177658	2694851	0.78
2023-03-24 09:00:00	276880	285620	562500	1.03
2023-03-24 09:30:00	493209	508788	1001997	1.03
2023-03-24 10:00:00	637927	641015	1278942	1.0
2023-03-24 10:30:00	783504	777832	1561336	0.99
2023-03-24 11:00:00	925460	894679	1820139	0.97
2023-03-24 11:30:00	1038930	1000716	2039646	0.96
2023-03-24 12:00:00	1147733	1089168	2236901	0.95
2023-03-24 12:30:00	1240502	1175829	2416331	0.95
2023-03-24 13:00:00	1339362	1271137	2610499	0.95
2023-03-24 13:30:00	1426545	1362817	2789362	0.96
2023-03-24 14:00:00	1532723	1478492	3011215	0.96
2023-03-24 14:30:00	1666134	1610943	3277077	0.97
2023-03-24 15:00:00	1864845	1828460	3693305	0.98
2023-03-24 15:15:00	1875904	1855519	3731423	0.99
2023-03-23 09:00:00	219302	165905	385207	0.76
2023-03-23 09:30:00	392043	311128	703171	0.79
2023-03-23 10:00:00	538794	447601	986395	0.83
2023-03-23 10:30:00	698636	563726	1262362	0.81
2023-03-23 11:00:00	821476	637139	1458615	0.78
2023-03-23 11:30:00	910767	713351	1624118	0.78
2023-03-23 12:00:00	1001141	812515	1813656	0.81
2023-03-23 12:30:00	1107320	920705	2028025	0.83
2023-03-23 13:00:00	1203054	997150	2200204	0.83
2023-03-23 13:30:00	1297425	1109612	2407037	0.86
2023-03-23 14:00:00	1447828	1279124	2726952	0.88
2023-03-23 14:30:00	1559916	1421734	2981650	0.91
2023-03-23 15:00:00	1714733	1586156	3300889	0.93
2023-03-23 15:15:00	1719656	1610062	3329718	0.94
2023-03-22 09:00:00	227450	152928	380378	0.67
2023-03-22 09:30:00	363108	237170	600278	0.65
2023-03-22 10:00:00	499012	341361	840373	0.68
2023-03-22 10:30:00	618501	448990	1067491	0.73
2023-03-22 11:00:00	707945	509260	1217205	0.72
2023-03-22 11:30:00	798665	577004	1375669	0.72
2023-03-22 12:00:00	867315	637879	1505194	0.74
2023-03-22 12:30:00	949719	698946	1648665	0.74
2023-03-22 13:00:00	1031484	756530	1788014	0.73
2023-03-22 13:30:00	1195353	888359	2083712	0.74
2023-03-22 14:00:00	1382834	1037627	2420461	0.75
2023-03-22 14:30:00	1562360	1192842	2755202	0.76
2023-03-22 15:00:00	1755070	1391401	3146471	0.79
2023-03-22 15:15:00	1766216	1413628	3179844	0.8
2023-03-21 09:00:00	314586	185566	500152	0.59
2023-03-21 09:30:00	488438	333330	821768	0.68
2023-03-21 10:00:00	606228	433127	1039355	0.71
2023-03-21 10:30:00	714464	510010	1224474	0.71
2023-03-21 11:00:00	840313	611301	1451614	0.73
2023-03-21 11:30:00	924604	666269	1590873	0.72
2023-03-21 12:00:00	1013618	732849	1746467	0.72
2023-03-21 12:30:00	1095311	794397	1889708	0.73
2023-03-21 13:00:00	1194007	855441	2049448	0.72
2023-03-21 13:30:00	1298495	915560	2214055	0.71
2023-03-21 14:00:00	1392479	974902	2367381	0.7
2023-03-21 14:30:00	1497153	1130442	2627595	0.76
2023-03-21 15:00:00	1656159	1269301	2925460	0.77
2023-03-21 15:15:00	1661238	1277650	2938888	0.77
2023-03-20 09:00:00	306790	193644	500434	0.63
2023-03-20 09:30:00	483862	305833	789695	0.63
2023-03-20 10:00:00	630400	405677	1036077	0.64
2023-03-20 10:30:00	791786	499960	1291746	0.63
2023-03-20 11:00:00	891901	563795	1455696	0.63
2023-03-20 11:30:00	1014164	650511	1664675	0.64
2023-03-20 12:00:00	1097245	704815	1802060	0.64
2023-03-20 12:30:00	1187222	762124	1949346	0.64
2023-03-20 13:00:00	1256740	814432	2071172	0.65
2023-03-20 13:30:00	1330925	869107	2200032	0.65
2023-03-20 14:00:00	1402548	916993	2319541	0.65
2023-03-20 14:30:00	1518657	970224	2488881	0.64
2023-03-20 15:00:00	1635477	1061254	2696731	0.65
2023-03-20 15:15:00	1640168	1070855	2711023	0.65
2023-03-17 09:00:00	297573	226011	523584	0.76
2023-03-17 09:30:00	542583	413018	955601	0.76
2023-03-17 10:00:00	752746	609039	1361785	0.81
2023-03-17 10:30:00	907612	758757	1666369	0.84
2023-03-17 11:00:00	1052057	899238	1951295	0.85
2023-03-17 11:30:00	1179980	1023763	2203743	0.87
2023-03-17 12:00:00	1311977	1148271	2460248	0.88
2023-03-17 12:30:00	1428612	1243629	2672241	0.87
2023-03-17 13:00:00	1538066	1347386	2885452	0.88
2023-03-17 13:30:00	1686125	1476126	3162251	0.88
2023-03-17 14:00:00	1818345	1605796	3424141	0.88
2023-03-17 14:30:00	1976902	1755465	3732367	0.89
2023-03-17 15:00:00	2190467	1936401	4126868	0.88
2023-03-17 15:15:00	2201172	1950579	4151751	0.89
2023-03-16 09:00:00	222642	162461	385103	0.73
2023-03-16 09:30:00	385015	297647	682662	0.77
2023-03-16 10:00:00	598030	442948	1040978	0.74
2023-03-16 10:30:00	789596	607036	1396632	0.77
2023-03-16 11:00:00	989215	735883	1725098	0.74
2023-03-16 11:30:00	1136498	897284	2033782	0.79
2023-03-16 12:00:00	1264237	1018018	2282255	0.81
2023-03-16 12:30:00	1415388	1121482	2536870	0.79
2023-03-16 13:00:00	1524974	1196314	2721288	0.78
2023-03-16 13:30:00	1626116	1266843	2892959	0.78
2023-03-16 14:00:00	1726518	1381196	3107714	0.8
2023-03-16 14:30:00	1852822	1486558	3339380	0.8
2023-03-16 15:00:00	2062939	1657602	3720541	0.8
2023-03-16 15:15:00	2074728	1673398	3748126	0.81
2023-03-15 09:00:00	216839	215773	432612	1.0
2023-03-15 09:30:00	365827	360744	726571	0.99
2023-03-15 10:00:00	475448	504665	980113	1.06
2023-03-15 10:30:00	618210	619203	1237413	1.0
2023-03-15 11:00:00	705750	725413	1431163	1.03
2023-03-15 11:30:00	801429	825482	1626911	1.03
2023-03-15 12:00:00	888902	937044	1825946	1.05
2023-03-15 12:30:00	975132	1028967	2004099	1.06
2023-03-15 13:00:00	1053975	1110046	2164021	1.05
2023-03-15 13:30:00	1140440	1220492	2360932	1.07
2023-03-15 14:00:00	1251410	1336225	2587635	1.07
2023-03-15 14:30:00	1346552	1418540	2765092	1.05
2023-03-15 15:00:00	1487784	1541842	3029626	1.04
2023-03-15 15:15:00	1496574	1570092	3066666	1.05
2023-03-14 09:00:00	302763	227873	530636	0.75
2023-03-14 09:30:00	445422	349351	794773	0.78
2023-03-14 10:00:00	569755	486947	1056702	0.85
2023-03-14 10:30:00	684443	574065	1258508	0.84
2023-03-14 11:00:00	779159	680206	1459365	0.87
2023-03-14 11:30:00	871933	761371	1633304	0.87
2023-03-14 12:00:00	961893	836078	1797971	0.87
2023-03-14 12:30:00	1068644	947476	2016120	0.89
2023-03-14 13:00:00	1139983	1016073	2156056	0.89
2023-03-14 13:30:00	1230138	1120988	2351126	0.91
2023-03-14 14:00:00	1319044	1206019	2525063	0.91
2023-03-14 14:30:00	1418899	1306857	2725756	0.92
2023-03-14 15:00:00	1550105	1479084	3029189	0.95
2023-03-14 15:15:00	1556015	1488742	3044757	0.96
2023-03-13 09:00:00	301931	344697	646628	1.14
2023-03-13 09:30:00	491014	545251	1036265	1.11
2023-03-13 10:00:00	641146	674446	1315592	1.05
2023-03-13 10:30:00	805963	910746	1716709	1.13
2023-03-13 11:00:00	933848	1021242	1955090	1.09
2023-03-13 11:30:00	1024847	1103672	2128519	1.08
2023-03-13 12:00:00	1125055	1187124	2312179	1.06
2023-03-13 12:30:00	1201852	1262210	2464062	1.05
2023-03-13 13:00:00	1346753	1415284	2762037	1.05
2023-03-13 13:30:00	1437443	1490559	2928002	1.04
2023-03-13 14:00:00	1519719	1550273	3069992	1.02
2023-03-13 14:30:00	1607106	1634971	3242077	1.02
2023-03-13 15:00:00	1723500	1753782	3477282	1.02
2023-03-13 15:15:00	1738575	1770584	3509159	1.02
2023-03-10 09:00:00	342705	415387	758092	1.21
2023-03-10 09:30:00	539589	672396	1211985	1.25
2023-03-10 10:00:00	724221	882833	1607054	1.22
2023-03-10 10:30:00	884324	1058649	1942973	1.2
2023-03-10 11:00:00	1044301	1298110	2342411	1.24
2023-03-10 11:30:00	1150988	1428675	2579663	1.24
2023-03-10 12:00:00	1255243	1574652	2829895	1.25
2023-03-10 12:30:00	1374361	1780902	3155263	1.3
2023-03-10 13:00:00	1513136	2086985	3600121	1.38
2023-03-10 13:30:00	1637545	2327944	3965489	1.42
2023-03-10 14:00:00	1744392	2526164	4270556	1.45
2023-03-10 14:30:00	1867116	2670839	4537955	1.43
2023-03-10 15:00:00	2044742	2900562	4945304	1.42
2023-03-10 15:15:00	2053461	2992217	5045678	1.46
2023-03-09 09:00:00	252914	171272	424186	0.68
2023-03-09 09:30:00	417256	288449	705705	0.69
2023-03-09 10:00:00	528662	395505	924167	0.75
2023-03-09 10:30:00	634688	487558	1122246	0.77
2023-03-09 11:00:00	708004	560398	1268402	0.79
2023-03-09 11:30:00	808819	689577	1498396	0.85
2023-03-09 12:00:00	890025	783403	1673428	0.88
2023-03-09 12:30:00	982170	893739	1875909	0.91
2023-03-09 13:00:00	1109170	1072281	2181451	0.97
2023-03-09 13:30:00	1277655	1202422	2480077	0.94
2023-03-09 14:00:00	1389009	1304514	2693523	0.94
2023-03-09 14:30:00	1550562	1503691	3054253	0.97
2023-03-09 15:00:00	1736405	1692269	3428674	0.97
2023-03-09 15:15:00	1744466	1716231	3460697	0.98
2023-03-08 09:00:00	224165	178145	402310	0.79
2023-03-08 09:30:00	390525	352149	742674	0.9
2023-03-08 10:00:00	510968	451233	962201	0.88
2023-03-08 10:30:00	624032	537582	1161614	0.86
2023-03-08 11:00:00	737831	631161	1368992	0.86
2023-03-08 11:30:00	826112	717100	1543212	0.87
2023-03-08 12:00:00	911819	809071	1720890	0.89
2023-03-08 12:30:00	989727	915067	1904794	0.92
2023-03-08 13:00:00	1077678	987637	2065315	0.92
2023-03-08 13:30:00	1158741	1061633	2220374	0.92
2023-03-08 14:00:00	1304186	1211187	2515373	0.93
2023-03-08 14:30:00	1377918	1279710	2657628	0.93
2023-03-08 15:00:00	1516974	1405709	2922683	0.93
2023-03-08 15:15:00	1524425	1414993	2939418	0.93
2023-03-07 09:00:00	182182	144483	326665	0.79
2023-03-07 09:30:00	382250	314407	696657	0.82
2023-03-07 10:00:00	494385	439619	934004	0.89
2023-03-07 10:30:00	586182	521847	1108029	0.89
2023-03-07 11:00:00	658532	585909	1244441	0.89
2023-03-07 11:30:00	740286	649694	1389980	0.88
2023-03-07 12:00:00	979085	865459	1844544	0.88
2023-03-07 12:30:00	886551	778213	1664764	0.88
2023-03-07 13:00:00	978829	953034	1931863	0.97
2023-03-07 13:30:00	1054935	1011866	2066801	0.96
2023-03-07 14:00:00	1132692	1084451	2217143	0.96
2023-03-07 14:30:00	1213793	1155352	2369145	0.95
2023-03-07 15:00:00	1323071	1263090	2586161	0.95
2023-03-07 15:15:00	1327991	1269103	2597094	0.96
2023-03-06 09:00:00	286174	240000	526174	0.84
2023-03-06 09:30:00	509593	401854	911447	0.79
2023-03-06 10:00:00	665991	536159	1202150	0.81
2023-03-06 10:30:00	793114	652564	1445678	0.82
2023-03-06 11:00:00	898061	743367	1641428	0.83
2023-03-06 11:30:00	986364	821335	1807699	0.83
2023-03-06 12:00:00	1092549	925463	2018012	0.85
2023-03-06 12:30:00	1004512	821447	1825959	0.82
2023-03-06 13:00:00	1066616	897836	1964452	0.84
2023-03-06 13:30:00	1343375	1168077	2511452	0.87
2023-03-06 14:00:00	1439897	1252850	2692747	0.87
2023-03-06 14:30:00	1524323	1338292	2862615	0.88
2023-03-06 15:00:00	1640059	1455639	3095698	0.89
2023-03-06 15:15:00	1645876	1462937	3108813	0.89
2023-03-03 09:00:00	347095	249630	596725	0.72
2023-03-03 09:30:00	578243	468537	1046780	0.81
2023-03-03 10:00:00	749202	597312	1346514	0.8
2023-03-03 10:30:00	866796	696704	1563500	0.8
2023-03-03 11:00:00	996420	800079	1796499	0.8
2023-03-03 11:30:00	1113798	910618	2024416	0.82
2023-03-03 12:00:00	1242769	1014893	2257662	0.82
2023-03-03 12:30:00	1369764	1120218	2489982	0.82
2023-03-03 13:00:00	1464305	1221053	2685358	0.83
2023-03-03 13:30:00	1590241	1327545	2917786	0.83
2023-03-03 14:00:00	1712445	1431491	3143936	0.84
2023-03-03 14:30:00	1884754	1567995	3452749	0.83
2023-03-03 15:00:00	2080048	1724144	3804192	0.83
2023-03-03 15:15:00	2095994	1740850	3836844	0.83
2023-03-02 09:00:00	264100	205877	469977	0.78
2023-03-02 09:30:00	421999	333175	755174	0.79
2023-03-02 10:00:00	520424	446680	967104	0.86
2023-03-02 10:30:00	607616	518382	1125998	0.85
2023-03-02 11:00:00	710566	611009	1321575	0.86
2023-03-02 11:30:00	794121	681593	1475714	0.86
2023-03-02 12:00:00	968981	897243	1866224	0.93
2023-03-02 12:30:00	922782	803946	1726728	0.87
2023-03-02 13:00:00	1023908	894270	1918178	0.87
2023-03-02 13:30:00	1131568	993252	2124820	0.88
2023-03-02 14:00:00	1212222	1067651	2279873	0.88
2023-03-02 14:30:00	1308861	1192141	2501002	0.91
2023-03-02 15:00:00	1465076	1353255	2818331	0.92
2023-03-02 15:15:00	1471006	1362854	2833860	0.93
2023-03-01 09:00:00	235927	170776	406703	0.72
2023-03-01 09:30:00	471286	398571	869857	0.85
2023-03-01 10:00:00	537199	425985	963184	0.79
2023-03-01 10:30:00	762637	651700	1414337	0.85
2023-03-01 11:00:00	762109	599979	1362088	0.79
2023-03-01 11:30:00	987193	818365	1805558	0.83
2023-03-01 12:00:00	908802	904359	1813161	1.0
2023-03-01 12:30:00	975898	1166404	2142302	1.2
2023-03-01 13:00:00	1036986	1228984	2265970	1.19
2023-03-01 13:30:00	1102900	1279570	2382470	1.16
2023-03-01 14:00:00	1197350	1345012	2542362	1.12
2023-03-01 14:30:00	1314568	1418452	2733020	1.08
2023-03-01 15:00:00	1477668	1522321	2999989	1.03
2023-03-01 15:15:00	1484528	1537199	3021727	1.04
2023-02-28 09:00:00	271990	185872	457862	0.68
2023-02-28 09:30:00	480888	332998	813886	0.69
2023-02-28 10:00:00	614336	440554	1054890	0.72
2023-02-28 10:30:00	787017	615983	1403000	0.78
2023-02-28 11:00:00	765055	579780	1344835	0.76
2023-02-28 11:30:00	850854	644864	1495718	0.76
2023-02-28 12:00:00	947702	757328	1705030	0.8
2023-02-28 12:30:00	1025429	813311	1838740	0.79
2023-02-28 13:00:00	1113656	866458	1980114	0.78
2023-02-28 13:30:00	1183520	935376	2118896	0.79
2023-02-28 14:00:00	1251236	1020426	2271662	0.82
2023-02-28 14:30:00	1353814	1110064	2463878	0.82
2023-02-28 15:00:00	1496878	1235010	2731888	0.83
2023-02-28 15:15:00	1505733	1246782	2752515	0.83
2023-02-27 09:00:00	332850	266829	599679	0.8
2023-02-27 09:30:00	558161	449739	1007900	0.81
2023-02-27 10:00:00	727969	606841	1334810	0.83
2023-02-27 10:30:00	720300	582472	1302772	0.81
2023-02-27 11:00:00	802989	654231	1457220	0.81
2023-02-27 11:30:00	878116	717849	1595965	0.82
2023-02-27 12:00:00	950126	767545	1717671	0.81
2023-02-27 12:30:00	1027601	820028	1847629	0.8
2023-02-27 13:00:00	1096597	869996	1966593	0.79
2023-02-27 13:30:00	1174726	933297	2108023	0.79
2023-02-27 14:00:00	1253649	997386	2251035	0.8
2023-02-27 14:30:00	1332093	1065136	2397229	0.8
2023-02-27 15:00:00	1458143	1176216	2634359	0.81
2023-02-27 15:15:00	1463612	1181407	2645019	0.81
2023-02-24 09:00:00	316154	349467	665621	1.11
2023-02-24 09:30:00	531532	641838	1173370	1.21
2023-02-24 10:00:00	696522	799326	1495848	1.15
2023-02-24 10:30:00	859723	957208	1816931	1.11
2023-02-24 11:00:00	1014041	1117732	2131773	1.1
2023-02-24 11:30:00	1139941	1254229	2394170	1.1
2023-02-24 12:00:00	1254124	1356020	2610144	1.08
2023-02-24 12:30:00	1357644	1459515	2817159	1.08
2023-02-24 13:00:00	1467066	1547587	3014653	1.05
2023-02-24 13:30:00	1569478	1634357	3203835	1.04
2023-02-24 14:00:00	1708293	1749808	3458101	1.02
2023-02-24 14:30:00	1858931	1905198	3764129	1.02
2023-02-24 15:00:00	2054982	2101959	4156941	1.02
2023-02-24 15:15:00	2067982	2118612	4186594	1.02
2023-02-23 09:00:00	330830	280847	611677	0.85
2023-02-23 09:30:00	522714	438456	961170	0.84
2023-02-23 10:00:00	722944	596286	1319230	0.82
2023-02-23 10:30:00	862855	724712	1587567	0.84
2023-02-23 11:00:00	1029120	854823	1883943	0.83
2023-02-23 11:30:00	1156007	1050456	2206463	0.91
2023-02-23 12:00:00	1261013	1146048	2407061	0.91
2023-02-23 12:30:00	1349846	1215567	2565413	0.9
2023-02-23 13:00:00	1486062	1305475	2791537	0.88
2023-02-23 13:30:00	1636285	1437309	3073594	0.88
2023-02-23 14:00:00	1529149	1315837	2844986	0.86
2023-02-23 14:30:00	1899492	1682642	3582134	0.89
2023-02-23 15:00:00	1809028	1617798	3426826	0.89
2023-02-23 15:15:00	2084803	1964333	4049136	0.94
2023-02-22 09:00:00	250182	159648	409830	0.64
2023-02-22 09:30:00	445355	319213	764568	0.72
2023-02-22 10:00:00	671363	509925	1181288	0.76
2023-02-22 10:30:00	766391	587643	1354034	0.77
2023-02-22 11:00:00	854417	663273	1517690	0.78
2023-02-22 11:30:00	945486	726777	1672263	0.77
2023-02-22 12:00:00	893194	664798	1557992	0.74
2023-02-22 12:30:00	967714	735216	1702930	0.76
2023-02-22 13:00:00	1047945	944146	1992091	0.9
2023-02-22 13:30:00	1159144	1045367	2204511	0.9
2023-02-22 14:00:00	1262806	1138715	2401521	0.9
2023-02-22 14:30:00	1360210	1285809	2646019	0.95
2023-02-22 15:00:00	1494418	1408565	2902983	0.94
2023-02-22 15:15:00	1500098	1413763	2913861	0.94
2023-02-21 09:00:00	328750	313278	642028	0.95
2023-02-21 09:30:00	568422	591859	1160281	1.04
2023-02-21 10:00:00	732521	735450	1467971	1.0
2023-02-21 10:30:00	867612	858535	1726147	0.99
2023-02-21 11:00:00	1012718	1003093	2015811	0.99
2023-02-21 11:30:00	982417	940226	1922643	0.96
2023-02-21 12:00:00	1065095	1010435	2075530	0.95
2023-02-21 12:30:00	1144793	1072971	2217764	0.94
2023-02-21 13:00:00	1217896	1156751	2374647	0.95
2023-02-21 13:30:00	1297963	1281743	2579706	0.99
2023-02-21 14:00:00	1381662	1346720	2728382	0.97
2023-02-21 14:30:00	1460407	1443409	2903816	0.99
2023-02-21 15:00:00	1586224	1561126	3147350	0.98
2023-02-21 15:15:00	1592258	1569211	3161469	0.99
2023-02-17 09:00:00	416093	339467	755560	0.82
2023-02-17 09:30:00	646399	541142	1187541	0.84
2023-02-17 10:00:00	819168	674658	1493826	0.82
2023-02-17 10:30:00	983123	815640	1798763	0.83
2023-02-17 11:00:00	1119497	951892	2071389	0.85
2023-02-17 11:30:00	1235591	1041626	2277217	0.84
2023-02-17 12:00:00	1348578	1201021	2549599	0.89
2023-02-17 12:30:00	1444307	1286542	2730849	0.89
2023-02-17 13:00:00	1537683	1386608	2924291	0.9
2023-02-17 13:30:00	1655868	1494697	3150565	0.9
2023-02-17 14:00:00	1816792	1608002	3424794	0.89
2023-02-17 14:30:00	1978473	1731043	3709516	0.87
2023-02-17 15:00:00	2168982	1882575	4051557	0.87
2023-02-17 15:15:00	2187091	1909412	4096503	0.87
2023-02-16 09:00:00	348305	319047	667352	0.92
2023-02-16 09:30:00	554727	472811	1027538	0.85
2023-02-16 10:00:00	741848	611527	1353375	0.82
2023-02-16 10:30:00	896593	706351	1602944	0.79
2023-02-16 11:00:00	1040523	795680	1836203	0.76
2023-02-16 11:30:00	1177869	919927	2097796	0.78
2023-02-16 12:00:00	1300704	1039831	2340535	0.8
2023-02-16 12:30:00	1411161	1119242	2530403	0.79
2023-02-16 13:00:00	1496271	1194419	2690690	0.8
2023-02-16 13:30:00	1585509	1258903	2844412	0.79
2023-02-16 14:00:00	1677214	1337978	3015192	0.8
2023-02-16 14:30:00	1883720	1501050	3384770	0.8
2023-02-16 15:00:00	2134591	1691999	3826590	0.79
2023-02-16 15:15:00	2144676	1713387	3858063	0.8
2023-02-15 09:00:00	309428	215441	524869	0.7
2023-02-15 09:30:00	518205	356066	874271	0.69
2023-02-15 10:00:00	658624	494070	1152694	0.75
2023-02-15 10:30:00	703874	503796	1207670	0.72
2023-02-15 11:00:00	826577	634250	1460827	0.77
2023-02-15 11:30:00	917261	701744	1619005	0.77
2023-02-15 12:00:00	1002802	760682	1763484	0.76
2023-02-15 12:30:00	1094715	821041	1915756	0.75
2023-02-15 13:00:00	1179994	884645	2064639	0.75
2023-02-15 13:30:00	1283987	967723	2251710	0.75
2023-02-15 14:00:00	1374941	1034370	2409311	0.75
2023-02-15 14:30:00	1462693	1101473	2564166	0.75
2023-02-15 15:00:00	1602928	1217214	2820142	0.76
2023-02-15 15:15:00	1613715	1228457	2842172	0.76
2023-02-14 09:00:00	304861	256472	561333	0.84
2023-02-14 09:30:00	515413	468406	983819	0.91
2023-02-14 10:00:00	712923	650537	1363460	0.91
2023-02-14 10:30:00	826214	752733	1578947	0.91
2023-02-14 11:00:00	945407	853418	1798825	0.9
2023-02-14 11:30:00	890148	745702	1635850	0.84
2023-02-14 12:00:00	958008	829021	1787029	0.87
2023-02-14 12:30:00	1045887	901415	1947302	0.86
2023-02-14 13:00:00	1132565	951152	2083717	0.84
2023-02-14 13:30:00	1228440	1007533	2235973	0.82
2023-02-14 14:00:00	1316862	1070214	2387076	0.81
2023-02-14 14:30:00	1400277	1136678	2536955	0.81
2023-02-14 15:00:00	1539054	1237251	2776305	0.8
2023-02-14 15:15:00	1546060	1248382	2794442	0.81
2023-02-13 09:00:00	260887	224141	485028	0.86
2023-02-13 09:30:00	424620	349214	773834	0.82
2023-02-13 10:00:00	560896	484518	1045414	0.86
2023-02-13 10:30:00	680899	610344	1291243	0.9
2023-02-13 11:00:00	794487	716217	1510704	0.9
2023-02-13 11:30:00	892576	790208	1682784	0.89
2023-02-13 12:00:00	973887	857403	1831290	0.88
2023-02-13 12:30:00	1066461	924313	1990774	0.87
2023-02-13 13:00:00	1163207	983199	2146406	0.85
2023-02-13 13:30:00	1240863	1049120	2289983	0.85
2023-02-13 14:00:00	1351037	1136641	2487678	0.84
2023-02-13 14:30:00	1458033	1226103	2684136	0.84
2023-02-13 15:00:00	1629890	1353794	2983684	0.83
2023-02-13 15:15:00	1641366	1363200	3004566	0.83
2023-02-10 09:00:00	305241	309695	614936	1.01
2023-02-10 09:30:00	579753	512469	1092222	0.88
2023-02-10 10:00:00	763677	746281	1509958	0.98
2023-02-10 10:30:00	886652	859537	1746189	0.97
2023-02-10 11:00:00	1012028	975170	1987198	0.96
2023-02-10 11:30:00	1156978	1116235	2273213	0.96
2023-02-10 12:00:00	1257250	1229296	2486546	0.98
2023-02-10 12:30:00	1379307	1341461	2720768	0.97
2023-02-10 13:00:00	1468384	1425973	2894357	0.97
2023-02-10 13:30:00	1556776	1512437	3069213	0.97
2023-02-10 14:00:00	1656437	1610879	3267316	0.97
2023-02-10 14:30:00	1780955	1725977	3506932	0.97
2023-02-10 15:00:00	1980103	1890700	3870803	0.95
2023-02-10 15:15:00	1991161	1900287	3891448	0.95
2023-02-09 09:00:00	374338	237084	611422	0.63
2023-02-09 09:30:00	641166	399623	1040789	0.62
2023-02-09 10:00:00	747842	444024	1191866	0.59
2023-02-09 10:30:00	921349	545483	1466832	0.59
2023-02-09 11:00:00	1038991	657249	1696240	0.63
2023-02-09 11:30:00	1181056	758399	1939455	0.64
2023-02-09 12:00:00	1331605	870344	2201949	0.65
2023-02-09 12:30:00	1423361	947203	2370564	0.67
2023-02-09 13:00:00	1519137	1034955	2554092	0.68
2023-02-09 13:30:00	1630328	1140220	2770548	0.7
2023-02-09 14:00:00	1741939	1247086	2989025	0.72
2023-02-09 14:30:00	1897772	1379170	3276942	0.73
2023-02-09 15:00:00	2114825	1573029	3687854	0.74
2023-02-09 15:15:00	2120961	1577708	3698669	0.74
2023-02-08 09:00:00	375088	251181	626269	0.67
2023-02-08 09:30:00	581779	392938	974717	0.68
2023-02-08 10:00:00	774905	544515	1319420	0.7
2023-02-08 10:30:00	953498	694966	1648464	0.73
2023-02-08 11:00:00	1125930	851549	1977479	0.76
2023-02-08 11:30:00	1276683	932323	2209006	0.73
2023-02-08 12:00:00	1199051	849192	2048243	0.71
2023-02-08 12:30:00	1284495	907494	2191989	0.71
2023-02-08 13:00:00	1364865	985872	2350737	0.72
2023-02-08 13:30:00	1441496	1046163	2487659	0.73
2023-02-08 14:00:00	1525082	1106925	2632007	0.73
2023-02-08 14:30:00	1639247	1220541	2859788	0.74
2023-02-08 15:00:00	1843455	1334579	3178034	0.72
2023-02-08 15:15:00	1848532	1343564	3192096	0.73
2023-02-07 09:00:00	285035	178436	463471	0.63
2023-02-07 09:30:00	469428	300803	770231	0.64
2023-02-07 10:00:00	554472	349503	903975	0.63
2023-02-07 10:30:00	651825	432576	1084401	0.66
2023-02-07 11:00:00	768607	503594	1272201	0.66
2023-02-07 11:30:00	847518	595765	1443283	0.7
2023-02-07 12:00:00	1160167	850515	2010682	0.73
2023-02-07 12:30:00	1181279	862591	2043870	0.73
2023-02-07 13:00:00	1326443	1001525	2327968	0.76
2023-02-07 13:30:00	1439490	1098054	2537544	0.76
2023-02-07 14:00:00	1540833	1182497	2723330	0.77
2023-02-07 14:30:00	1671924	1282376	2954300	0.77
2023-02-07 15:00:00	1881645	1439346	3320991	0.76
2023-02-07 15:15:00	1887268	1448004	3335272	0.77
2023-02-06 09:00:00	345767	256594	602361	0.74
2023-02-06 09:30:00	730455	453897	1184352	0.62
2023-02-06 10:00:00	927288	763802	1691090	0.82
2023-02-06 10:30:00	1071827	859245	1931072	0.8
2023-02-06 11:00:00	1192152	965742	2157894	0.81
2023-02-06 11:30:00	1283770	1058236	2342006	0.82
2023-02-06 12:00:00	1378543	1122084	2500627	0.81
2023-02-06 12:30:00	1462288	1202039	2664327	0.82
2023-02-06 13:00:00	1557860	1261484	2819344	0.81
2023-02-06 13:30:00	1672622	1342195	3014817	0.8
2023-02-06 14:00:00	1759832	1405733	3165565	0.8
2023-02-06 14:30:00	1872607	1499942	3372549	0.8
2023-02-06 15:00:00	1789096	1384993	3174089	0.77
2023-02-06 15:15:00	1792945	1389460	3182405	0.77
2023-02-03 09:00:00	501922	350835	852757	0.7
2023-02-03 09:30:00	929641	629244	1558885	0.68
2023-02-03 10:00:00	1197342	827740	2025082	0.69
2023-02-03 10:30:00	1408636	942428	2351064	0.67
2023-02-03 11:00:00	1584842	1096989	2681831	0.69
2023-02-03 11:30:00	1730667	1222158	2952825	0.71
2023-02-03 12:00:00	1890884	1327729	3218613	0.7
2023-02-03 12:30:00	2075378	1515701	3591079	0.73
2023-02-03 13:00:00	2275990	1692049	3968039	0.74
2023-02-03 13:30:00	2396779	1815864	4212643	0.76
2023-02-03 14:00:00	2528178	1938785	4466963	0.77
2023-02-03 14:30:00	2737078	2102359	4839437	0.77
2023-02-03 15:00:00	2965674	2315877	5281551	0.78
2023-02-03 15:15:00	2975293	2331209	5306502	0.78
2023-02-02 09:00:00	551677	316894	868571	0.57
2023-02-02 09:30:00	896084	579773	1475857	0.65
2023-02-02 10:00:00	1262609	805607	2068216	0.64
2023-02-02 10:30:00	1565825	1007310	2573135	0.64
2023-02-02 11:00:00	1773764	1137768	2911532	0.64
2023-02-02 11:30:00	1784110	1115154	2899264	0.63
2023-02-02 12:00:00	1939674	1210474	3150148	0.62
2023-02-02 12:30:00	2166014	1345003	3511017	0.62
2023-02-02 13:00:00	2549507	1667524	4217031	0.65
2023-02-02 13:30:00	2571549	1645426	4216975	0.64
2023-02-02 14:00:00	2780897	1843364	4624261	0.66
2023-02-02 14:30:00	2938969	1971283	4910252	0.67
2023-02-02 15:00:00	3141795	2140192	5281987	0.68
2023-02-02 15:15:00	3154863	2149477	5304340	0.68
2023-02-01 09:00:00	287298	204106	491404	0.71
2023-02-01 09:30:00	453096	339272	792368	0.75
2023-02-01 10:00:00	612645	468543	1081188	0.76
2023-02-01 10:30:00	735833	560530	1296363	0.76
2023-02-01 11:00:00	825251	634524	1459775	0.77
2023-02-01 11:30:00	938578	707982	1646560	0.75
2023-02-01 12:00:00	946860	676560	1623420	0.71
2023-02-01 12:30:00	1014161	732303	1746464	0.72
2023-02-01 13:00:00	1102138	842883	1945021	0.76
2023-02-01 13:30:00	1231280	948503	2179783	0.77
2023-02-01 14:00:00	1477442	1168579	2646021	0.79
2023-02-01 14:30:00	1757102	1390273	3147375	0.79
2023-02-01 15:00:00	2063782	1652652	3716434	0.8
2023-02-01 15:15:00	2074869	1675397	3750266	0.81
2023-01-31 09:00:00	271269	198323	469592	0.73
2023-01-31 09:30:00	486149	379777	865926	0.78
2023-01-31 10:00:00	679017	496214	1175231	0.73
2023-01-31 10:30:00	809224	601789	1411013	0.74
2023-01-31 11:00:00	919834	688177	1608011	0.75
2023-01-31 11:30:00	1036237	766638	1802875	0.74
2023-01-31 12:00:00	1124225	833028	1957253	0.74
2023-01-31 12:30:00	1200720	891140	2091860	0.74
2023-01-31 13:00:00	1292419	979953	2272372	0.76
2023-01-31 13:30:00	1427797	1140215	2568012	0.8
2023-01-31 14:00:00	1545447	1252524	2797971	0.81
2023-01-31 14:30:00	1675629	1363280	3038909	0.81
2023-01-31 15:00:00	1855043	1518760	3373803	0.82
2023-01-31 15:15:00	1862656	1530167	3392823	0.82
2023-01-27 09:00:00	424163	313996	738159	0.74
2023-01-27 09:30:00	758635	584122	1342757	0.77
2023-01-27 10:00:00	1039384	806221	1845605	0.78
2023-01-27 10:30:00	1242820	960155	2202975	0.77
2023-01-27 11:00:00	1488744	1095011	2583755	0.74
2023-01-27 11:30:00	1747459	1247846	2995305	0.71
2023-01-27 12:00:00	1985077	1387545	3372622	0.7
2023-01-27 12:30:00	2188177	1519079	3707256	0.69
2023-01-27 13:00:00	2400009	1633296	4033305	0.68
2023-01-27 13:30:00	2617826	1767416	4385242	0.68
2023-01-27 14:00:00	2873661	1910347	4784008	0.66
2023-01-27 14:30:00	3159722	2101370	5261092	0.67
2023-01-27 15:00:00	3548231	2324148	5872379	0.66
2023-01-27 15:15:00	3557798	2340916	5898714	0.66
2023-01-26 09:00:00	468343	354747	823090	0.76
2023-01-26 09:30:00	742813	550330	1293143	0.74
2023-01-26 10:00:00	929735	762126	1691861	0.82
2023-01-26 10:30:00	1057353	870104	1927457	0.82
2023-01-26 11:00:00	1169878	965949	2135827	0.83
2023-01-26 11:30:00	1303537	1058195	2361732	0.81
2023-01-26 12:00:00	1220139	974567	2194706	0.8
2023-01-26 12:30:00	1299558	1039923	2339481	0.8
2023-01-26 13:00:00	1392578	1111718	2504296	0.8
2023-01-26 13:30:00	1511304	1180416	2691720	0.78
2023-01-26 14:00:00	1599247	1260768	2860015	0.79
2023-01-26 14:30:00	1975704	1618569	3594273	0.82
2023-01-26 15:00:00	1910476	1502546	3413022	0.79
2023-01-26 15:15:00	1920690	1512691	3433381	0.79
2023-01-25 09:00:00	288224	312378	600602	1.08
2023-01-25 09:30:00	541184	531291	1072475	0.98
2023-01-25 10:00:00	746525	692085	1438610	0.93
2023-01-25 10:30:00	912959	818797	1731756	0.9
2023-01-25 11:00:00	1050832	922555	1973387	0.88
2023-01-25 11:30:00	1143005	1008808	2151813	0.88
2023-01-25 12:00:00	1218702	1071151	2289853	0.88
2023-01-25 12:30:00	1335247	1162631	2497878	0.87
2023-01-25 13:00:00	1490975	1294845	2785820	0.87
2023-01-25 13:30:00	1423667	1243773	2667440	0.87
2023-01-25 14:00:00	1513084	1353236	2866320	0.89
2023-01-25 14:30:00	1639386	1455063	3094449	0.89
2023-01-25 15:00:00	1797558	1568187	3365745	0.87
2023-01-25 15:15:00	1803384	1597608	3400992	0.89
2023-01-24 09:00:00	281006	234900	515906	0.84
2023-01-24 09:30:00	473282	415467	888749	0.88
2023-01-24 10:00:00	652322	564130	1216452	0.86
2023-01-24 10:30:00	774391	671563	1445954	0.87
2023-01-24 11:00:00	860641	756504	1617145	0.88
2023-01-24 11:30:00	966269	835015	1801284	0.86
2023-01-24 12:00:00	1066429	911762	1978191	0.85
2023-01-24 12:30:00	1154604	993656	2148260	0.86
2023-01-24 13:00:00	1251764	1123858	2375622	0.9
2023-01-24 13:30:00	1342592	1197958	2540550	0.89
2023-01-24 14:00:00	1432962	1275767	2708729	0.89
2023-01-24 14:30:00	1574806	1369861	2944667	0.87
2023-01-24 15:00:00	1742017	1530002	3272019	0.88
2023-01-24 15:15:00	1751357	1543613	3294970	0.88
2023-01-23 09:00:00	460728	278232	738960	0.6
2023-01-23 09:30:00	776018	536527	1312545	0.69
2023-01-23 10:00:00	1008944	747734	1756678	0.74
2023-01-23 10:30:00	1476667	945551	2422218	0.64
2023-01-23 11:00:00	1679379	1096126	2775505	0.65
2023-01-23 11:30:00	1812360	1217471	3029831	0.67
2023-01-23 12:00:00	1932683	1309284	3241967	0.68
2023-01-23 12:30:00	2078407	1413934	3492341	0.68
2023-01-23 13:00:00	2229356	1547489	3776845	0.69
2023-01-23 13:30:00	2361710	1666343	4028053	0.71
2023-01-23 14:00:00	2504597	1830948	4335545	0.73
2023-01-23 14:30:00	2654553	1956969	4611522	0.74
2023-01-23 15:00:00	2852127	2087984	4940111	0.73
2023-01-23 15:15:00	2859127	2096031	4955158	0.73
2023-01-20 09:00:00	365241	265555	630796	0.73
2023-01-20 09:30:00	619417	458606	1078023	0.74
2023-01-20 10:00:00	791309	590729	1382038	0.75
2023-01-20 10:30:00	987177	738461	1725638	0.75
2023-01-20 11:00:00	1154584	871089	2025673	0.75
2023-01-20 11:30:00	1292851	970192	2263043	0.75
2023-01-20 12:00:00	1414230	1062652	2476882	0.75
2023-01-20 12:30:00	1560965	1183158	2744123	0.76
2023-01-20 13:00:00	1703589	1316280	3019869	0.77
2023-01-20 13:30:00	1849856	1433691	3283547	0.78
2023-01-20 14:00:00	2015708	1557249	3572957	0.77
2023-01-20 14:30:00	2292827	1712856	4005683	0.75
2023-01-20 15:00:00	2560996	1903674	4464670	0.74
2023-01-20 15:15:00	2571651	1915488	4487139	0.74
2023-01-19 09:00:00	347761	346519	694280
2023-01-19 09:30:00	565885	545307	1111192
2023-01-19 10:00:00	739767	753954	1493721
2023-01-19 10:30:00	889411	906737	1796148
2023-01-19 11:00:00	1031108	1047142	2078250
2023-01-19 11:30:00	1159181	1174207	2333388
2023-01-19 12:00:00	1263930	1283556	2547486
2023-01-19 12:30:00	1373750	1408997	2782747
2023-01-19 13:00:00	1516360	1492918	3009278
2023-01-19 13:30:00	1632522	1596869	3229391
2023-01-19 14:00:00	1748553	1690909	3439462
2023-01-19 14:30:00	1662471	1546550	3209021
2023-01-19 15:00:00	1818896	1676158	3495054
2023-01-19 15:15:00	1827853	1684937	3512790
2023-01-18 09:00:00	302285	1069588	1371873
2023-01-18 09:30:00	631345	1549242	2180587
2023-01-18 10:00:00	867814	1768288	2636102
2023-01-18 10:30:00	966316	1834066	2800382
2023-01-18 11:00:00	1126571	1985163	3111734
2023-01-18 11:30:00	1245963	2125305	3371268
2023-01-18 12:00:00	1344251	2223467	3567718
2023-01-18 12:30:00	1466095	2330981	3797076
2023-01-18 13:00:00	1560275	2406127	3966402
2023-01-18 13:30:00	1634777	2470574	4105351
2023-01-18 14:00:00	1710733	2530136	4240869
2023-01-18 14:30:00	1809138	2626416	4435554
2023-01-18 15:00:00	1995635	2813539	4809174
2023-01-18 15:15:00	2003922	2825425	4829347
2023-01-17 09:00:00	376460	313607	690067
2023-01-17 09:30:00	648787	535523	1184310
2023-01-17 10:00:00	761716	594671	1356387
2023-01-17 10:30:00	912967	715531	1628498
2023-01-17 11:00:00	1018424	794747	1813171
2023-01-17 11:30:00	1119276	885487	2004763
2023-01-17 12:00:00	1214934	943273	2158207
2023-01-17 12:30:00	1297852	1008851	2306703
2023-01-17 13:00:00	1565078	1246350	2811428
2023-01-17 13:30:00	1506010	1152527	2658537
2023-01-17 14:00:00	1586804	1211045	2797849
2023-01-17 14:30:00	1683607	1286119	2969726
2023-01-17 15:00:00	1819584	1401181	3220765
2023-01-17 15:15:00	1823867	1410473	3234340
2023-01-13 09:00:00	361380	295944	657324
2023-01-13 09:30:00	614086	487600	1101686
2023-01-13 10:00:00	836275	648809	1485084
2023-01-13 10:30:00	1014386	780031	1794417
2023-01-13 11:00:00	1136963	895200	2032163
2023-01-13 11:30:00	1257458	994983	2252441
2023-01-13 12:00:00	1377973	1094334	2472307
2023-01-13 12:30:00	1515787	1195357	2711144
2023-01-13 13:00:00	1688361	1321315	3009676
2023-01-13 13:30:00	1818994	1424197	3243191
2023-01-13 14:00:00	1950194	1794085	3744279
2023-01-13 14:30:00	2144329	1910665	4054994
2023-01-13 15:00:00	2462080	2119964	4582044
2023-01-13 15:15:00	2472731	2137504	4610235
2023-01-10 09:00:00	297686	278504	576190
2023-01-10 09:30:00	498873	475751	974624
2023-01-10 10:00:00	658040	647754	1305794
2023-01-10 10:30:00	775673	742260	1517933
2023-01-10 11:00:00	885993	856442	1742435
2023-01-10 11:30:00	991634	945381	1937015
2023-01-10 12:00:00	1074471	1012759	2087230
2023-01-10 12:30:00	1037996	887089	1925085
2023-01-10 13:00:00	1129869	938794	2068663
2023-01-10 13:30:00	1241088	1003795	2244883
2023-01-10 14:00:00	1334987	1068847	2403834
2023-01-10 14:30:00	1424853	1146074	2570927
2023-01-10 15:00:00	1569750	1263387	2833137
2023-01-10 15:15:00	1578941	1273205	2852146
2023-01-09 09:00:00	409578	292827	702405
2023-01-09 09:30:00	731020	548128	1279148
2023-01-09 10:00:00	935030	653543	1588573
2023-01-09 10:30:00	1102990	768486	1871476
2023-01-09 11:00:00	1245906	857052	2102958
2023-01-09 11:30:00	1362871	955864	2318735
2023-01-09 12:00:00	1648586	1207930	2856516
2023-01-09 12:30:00	1580901	1108559	2689460
2023-01-09 13:00:00	1760916	1218545	2979461
2023-01-09 13:30:00	2081329	1514855	3596184
2023-01-09 14:00:00	2210078	1618486	3828564
2023-01-09 14:30:00	2358509	1748173	4106682
2023-01-09 15:00:00	2258529	1600640	3859169
2023-01-09 15:15:00	2269489	1608823	3878312
2023-01-06 09:00:00	426455	361979	788434
2023-01-06 09:30:00	678351	574218	1252569
2023-01-06 10:00:00	964970	771060	1736030
2023-01-06 10:30:00	1168804	947812	2116616
2023-01-06 11:00:00	1358445	1099405	2457850
2023-01-06 11:30:00	1517228	1222405	2739633
2023-01-06 12:00:00	1642921	1565961	3208882
2023-01-06 12:30:00	1776010	1992147	3768157
2023-01-06 13:00:00	1910142	2120039	4030181
2023-01-06 13:30:00	2087487	2260730	4348217
2023-01-06 14:00:00	2253223	2386296	4639519
2023-01-06 14:30:00	2467808	2530739	4998547
2023-01-06 15:00:00	2704188	2699414	5403602
2023-01-06 15:15:00	2716687	2718869	5435556
2023-01-05 09:00:00	275623	314266	589889
2023-01-05 09:30:00	521656	481892	1003548
2023-01-05 10:00:00	669407	620674	1290081
2023-01-05 10:30:00	799957	743707	1543664
2023-01-05 11:00:00	793242	705348	1498590
2023-01-05 11:30:00	871880	772211	1644091
2023-01-05 12:00:00	959435	833055	1792490
2023-01-05 12:30:00	1067423	916523	1983946
2023-01-05 13:00:00	1140523	988647	2129170
2023-01-05 13:30:00	1206986	1042305	2249291
2023-01-05 14:00:00	1293249	1105953	2399202
2023-01-05 14:30:00	1386840	1240463	2627303
2023-01-05 15:00:00	1534031	1367184	2901215
2023-01-05 15:15:00	1538583	1377534	2916117
2023-01-04 09:00:00	356746	256713	613459
2023-01-04 09:30:00	580926	443356	1024282
2023-01-04 10:00:00	746543	596464	1343007
2023-01-04 10:30:00	891082	712040	1603122
2023-01-04 11:00:00	1111492	882333	1993825
2023-01-04 11:30:00	1229215	1160950	2390165
2023-01-04 12:00:00	1344295	1325960	2670255
2023-01-04 12:30:00	1460427	1423439	2883866
2023-01-04 13:00:00	1581572	1536827	3118399
2023-01-04 13:30:00	1757824	1940382	3698206
2023-01-04 14:00:00	1682787	1787526	3470313
2023-01-04 14:30:00	1785681	1870761	3656442
2023-01-04 15:00:00	2053133	2002794	4055927
2023-01-04 15:15:00	2058064	2011215	4069279
2023-01-03 09:00:00	393432	327820	721252
2023-01-03 09:30:00	599898	503481	1103379
2023-01-03 10:00:00	758010	636389	1394399
2023-01-03 10:30:00	895097	789520	1684617
2023-01-03 11:00:00	887728	759659	1647387
2023-01-03 11:30:00	981718	824592	1806310
2023-01-03 12:00:00	1069308	890916	1960224
2023-01-03 12:30:00	1153534	947820	2101354
2023-01-03 13:00:00	1308685	1011977	2320662
2023-01-03 13:30:00	1379738	1063505	2443243
2023-01-03 14:00:00	1473618	1137863	2611481
2023-01-03 14:30:00	1572164	1223112	2795276
2023-01-03 15:00:00	1690693	1320152	3010845
2023-01-03 15:15:00	1697039	1330091	3027130
2022-12-30 09:00:00	266366	245259	511625
2022-12-30 09:30:00	425863	400068	825931
2022-12-30 10:00:00	593458	588436	1181894
2022-12-30 10:30:00	698600	714557	1413157
2022-12-30 11:00:00	788238	809502	1597740
2022-12-30 11:30:00	865422	883025	1748447
2022-12-30 12:00:00	937738	944726	1882464
2022-12-30 12:30:00	1036654	1042564	2079218
2022-12-30 13:00:00	1110704	1129730	2240434
2022-12-30 13:30:00	1205712	1222694	2428406
2022-12-30 14:00:00	1279585	1295600	2575185
2022-12-30 14:30:00	1401317	1410058	2811375
2022-12-30 15:00:00	1605680	1579222	3184902
2022-12-30 15:15:00	1618566	1625216	3243782
2022-12-29 09:00:00	384945	307031	691976
2022-12-29 09:30:00	618033	517449	1135482
2022-12-29 10:00:00	795806	675947	1471753
2022-12-29 10:30:00	956566	807318	1763884
2022-12-29 11:00:00	1123018	965013	2088031
2022-12-29 11:30:00	1258547	1064119	2322666
2022-12-29 12:00:00	1216347	964674	2181021
2022-12-29 12:30:00	1298384	1030828	2329212
2022-12-29 13:00:00	1367265	1775454	3142719
2022-12-29 13:30:00	1456401	2247475	3703876
2022-12-29 14:00:00	1531164	2314688	3845852
2022-12-29 14:30:00	1623594	2392992	4016586
2022-12-29 15:00:00	1811815	2511684	4323499
2022-12-29 15:15:00	1819207	2520942	4340149
2022-12-28 09:00:00	257184	244289	501473
2022-12-28 09:30:00	435326	389794	825120
2022-12-28 10:00:00	579375	534198	1113573
2022-12-28 10:30:00	639039	600527	1239566
2022-12-28 11:00:00	740065	724295	1464360
2022-12-28 11:30:00	850631	842691	1693322
2022-12-28 12:00:00	972660	942195	1914855
2022-12-28 12:30:00	1066329	1907315	2973644
2022-12-28 13:00:00	1133708	3301012	4434720
2022-12-28 13:30:00	1197098	3680868	4877966
2022-12-28 14:00:00	1272154	3751265	5023419
2022-12-28 14:30:00	1382491	3862646	5245137
2022-12-28 15:00:00	1510350	4000849	5511199
2022-12-28 15:15:00	1517284	4011430	5528714
2022-12-27 09:00:00	267174	242966	510140
2022-12-27 09:30:00	469700	453814	923514
2022-12-27 10:00:00	618531	569459	1187990
2022-12-27 10:30:00	733302	679402	1412704
2022-12-27 11:00:00	829572	773040	1602612
2022-12-27 11:30:00	825331	744182	1569513
2022-12-27 12:00:00	919155	811764	1730919
2022-12-27 12:30:00	995926	863906	1859832
2022-12-27 13:00:00	1066704	960013	2026717
2022-12-27 13:30:00	1147166	1024911	2172077
2022-12-27 14:00:00	1215626	1077344	2292970
2022-12-27 14:30:00	1286687	1134621	2421308
2022-12-27 15:00:00	1407579	1246714	2654293
2022-12-27 15:15:00	1411203	1251611	2662814
2022-12-23 09:00:00	237393	240990	478383
2022-12-23 09:30:00	452033	432346	884379
2022-12-23 10:00:00	650938	613242	1264180
2022-12-23 10:30:00	781529	711719	1493248
2022-12-23 11:00:00	891577	807989	1699566
2022-12-23 11:30:00	990143	893080	1883223
2022-12-23 12:00:00	1095971	976150	2072121
2022-12-23 12:30:00	1170700	1039429	2210129
2022-12-23 13:00:00	1252571	1105975	2358546
2022-12-23 13:30:00	1339512	1179489	2519001
2022-12-23 14:00:00	1422800	1250795	2673595
2022-12-23 14:30:00	1535764	1352304	2888068
2022-12-23 15:00:00	1706962	1493621	3200583
2022-12-23 15:15:00	1716270	1503482	3219752
2022-12-22 09:00:00	295249	260847	556096
2022-12-22 09:30:00	528607	475451	1004058
2022-12-22 10:00:00	735242	644489	1379731
2022-12-22 10:30:00	872525	748158	1620683
2022-12-22 11:00:00	1002473	885788	1888261
2022-12-22 11:30:00	1144811	1039228	2184039
2022-12-22 12:00:00	1271184	1267932	2539116
2022-12-22 12:30:00	1390857	1406138	2796995
2022-12-22 13:00:00	1503238	1888045	3391283
2022-12-22 13:30:00	1623208	2344717	3967925
2022-12-22 14:00:00	1731922	2443344	4175266
2022-12-22 14:30:00	1876611	2572168	4448779
2022-12-22 15:00:00	2055621	2709770	4765391
2022-12-22 15:15:00	2068663	2742697	4811360
2022-12-21 09:00:00	279611	199777	479388
2022-12-21 09:30:00	491399	360394	851793
2022-12-21 10:00:00	680714	514132	1194846
2022-12-21 10:30:00	867912	652665	1520577
2022-12-21 11:00:00	979343	767036	1746379
2022-12-21 11:30:00	1101018	856723	1957741
2022-12-21 12:00:00	1178734	922525	2101259
2022-12-21 12:30:00	1270792	991890	2262682
2022-12-21 13:00:00	1333988	2856266	4190254
2022-12-21 13:30:00	1441335	3224753	4666088
2022-12-21 14:00:00	1549886	3345618	4895504
2022-12-21 14:30:00	1640735	3407926	5048661
2022-12-21 15:00:00	1780628	3506822	5287450
2022-12-21 15:15:00	1788141	3512474	5300615
2022-12-20 09:00:00	280949	266189	547138
2022-12-20 09:30:00	493991	488591	982582
2022-12-20 10:00:00	649035	624934	1273969
2022-12-20 10:30:00	787248	780544	1567792
2022-12-20 11:00:00	897989	913397	1811386
2022-12-20 11:30:00	992437	995795	1988232
2022-12-20 12:00:00	1077775	1070090	2147865
2022-12-20 12:30:00	1011499	998381	2009880
2022-12-20 13:00:00	1109384	1066726	2176110
2022-12-20 13:30:00	1191361	1131015	2322376
2022-12-20 14:00:00	1295617	1194507	2490124
2022-12-20 14:30:00	1385514	1264760	2650274
2022-12-20 15:00:00	1524546	1369210	2893756
2022-12-20 15:15:00	1530414	1375083	2905497
2022-12-19 09:00:00	263012	207458	470470
2022-12-19 09:30:00	463867	388763	852630
2022-12-19 10:00:00	700400	541042	1241442
2022-12-19 10:30:00	854748	667743	1522491
2022-12-19 11:00:00	998466	773225	1771691
2022-12-19 11:30:00	1109353	856220	1965573
2022-12-19 12:00:00	1231078	947088	2178166
2022-12-19 12:30:00	1327537	1045470	2373007
2022-12-19 13:00:00	1309540	987780	2297320
2022-12-19 13:30:00	1422379	1073583	2495962
2022-12-19 14:00:00	1525546	1215558	2741104
2022-12-19 14:30:00	1809567	1535290	3344857
2022-12-19 15:00:00	1770414	1477293	3247707
2022-12-19 15:15:00	1776784	1486879	3263663
2022-12-16 09:00:00	313435	288822	602257
2022-12-16 09:30:00	568935	511768	1080703
2022-12-16 10:00:00	773806	738930	1512736
2022-12-16 10:30:00	922983	892125	1815108
2022-12-16 11:00:00	1063995	1025467	2089462
2022-12-16 11:30:00	1193049	1877050	3070099
2022-12-16 12:00:00	1301932	2163039	3464971
2022-12-16 12:30:00	1393607	2258655	3652262
2022-12-16 13:00:00	1508859	2361598	3870457
2022-12-16 13:30:00	1611877	2471158	4083035
2022-12-16 14:00:00	1732813	2581962	4314775
2022-12-16 14:30:00	1881469	2770913	4652382
2022-12-16 15:00:00	2109176	2975142	5084318
2022-12-16 15:15:00	2125081	2993136	5118217
2022-12-15 09:00:00	357857	354684	712541
2022-12-15 09:30:00	587768	589504	1177272
2022-12-15 10:00:00	775164	767402	1542566
2022-12-15 10:30:00	936375	926489	1862864
2022-12-15 11:00:00	1073928	1070337	2144265
2022-12-15 11:30:00	1196403	1208425	2404828
2022-12-15 12:00:00	1304704	1329517	2634221
2022-12-15 12:30:00	1432885	1474797	2907682
2022-12-15 13:00:00	1546380	1574996	3121376
2022-12-15 13:30:00	1643974	1671405	3315379
2022-12-15 14:00:00	1764962	1787944	3552906
2022-12-15 14:30:00	1911388	1908688	3820076
2022-12-15 15:00:00	2135074	2064952	4200026
2022-12-15 15:15:00	2146561	2076840	4223401
2022-12-14 09:00:00	208563	156195	364758
2022-12-14 09:30:00	430484	381378	811862
2022-12-14 10:00:00	608077	480550	1088627
2022-12-14 10:30:00	743034	524478	1267512
2022-12-14 11:00:00	841872	599364	1441236
2022-12-14 11:30:00	931067	659064	1590131
2022-12-14 12:00:00	1017621	716064	1733685
2022-12-14 12:30:00	1099889	1485442	2585331
2022-12-14 13:00:00	1216878	2031779	3248657
2022-12-14 13:30:00	1405119	2170966	3576085
2022-12-14 14:00:00	1563860	2293738	3857598
2022-12-14 14:30:00	1737685	2416202	4153887
2022-12-14 15:00:00	1911843	2598866	4510709
2022-12-14 15:15:00	1918041	2612858	4530899
2022-12-13 09:00:00	521920	383482	905402
2022-12-13 09:30:00	842724	655520	1498244
2022-12-13 10:00:00	1108798	834152	1942950
2022-12-13 10:30:00	1257153	962758	2219911
2022-12-13 11:00:00	1406981	1115657	2522638
2022-12-13 11:30:00	1550232	1261360	2811592
2022-12-13 12:00:00	1675561	1368023	3043584
2022-12-13 12:30:00	1801849	1460955	3262804
2022-12-13 13:00:00	1915023	1533466	3448489
2022-12-13 13:30:00	1991540	1586962	3578502
2022-12-13 14:00:00	1802855	1388291	3191146
2022-12-13 14:30:00	1910937	1485320	3396257
2022-12-13 15:00:00	2017945	1571606	3589551
2022-12-13 15:15:00	2029367	1579212	3608579
2022-12-12 09:00:00	163276	133635	296911
2022-12-12 09:30:00	275753	219330	495083
2022-12-12 10:00:00	378491	339408	717899
2022-12-12 10:30:00	494223	447388	941611
2022-12-12 11:00:00	609592	526832	1136424
2022-12-12 11:30:00	723267	626727	1349994
2022-12-12 12:00:00	786228	688986	1475214
2022-12-12 12:30:00	854159	738124	1592283
2022-12-12 13:00:00	930026	804826	1734852
2022-12-12 13:30:00	1001278	875115	1876393
2022-12-12 14:00:00	1105940	960882	2066822
2022-12-12 14:30:00	1244670	1051165	2295835
2022-12-12 15:00:00	1477095	1222079	2699174
2022-12-12 15:15:00	1502909	1235899	2738808
2022-12-09 09:00:00	278349	222360	500709
2022-12-09 09:30:00	475852	373959	849811
2022-12-09 10:00:00	659433	541955	1201388
2022-12-09 10:30:00	806400	672873	1479273
2022-12-09 11:00:00	1052152	877126	1929278
2022-12-09 11:30:00	1158863	983564	2142427
2022-12-09 12:00:00	1270014	1330984	2600998
2022-12-09 12:30:00	1377487	1503011	2880498
2022-12-09 13:00:00	1466062	1612721	3078783
2022-12-09 13:30:00	1563623	1705167	3268790
2022-12-09 14:00:00	1646601	1769561	3416162
2022-12-09 14:30:00	1744199	1878755	3622954
2022-12-09 15:00:00	1918625	2087602	4006227
2022-12-09 15:15:00	1931216	2102062	4033278
2022-12-08 09:00:00	318854	218510	537364
2022-12-08 09:30:00	556055	373513	929568
2022-12-08 10:00:00	706116	483963	1190079
2022-12-08 10:30:00	748440	490130	1238570
2022-12-08 11:00:00	848437	563366	1411803
2022-12-08 11:30:00	917294	623603	1540897
2022-12-08 12:00:00	986266	677205	1663471
2022-12-08 12:30:00	1055314	725107	1780421
2022-12-08 13:00:00	1141666	797473	1939139
2022-12-08 13:30:00	1242785	872384	2115169
2022-12-08 14:00:00	1323135	931828	2254963
2022-12-08 14:30:00	1415982	1005460	2421442
2022-12-08 15:00:00	1568834	1105239	2674073
2022-12-08 15:15:00	1606961	1110683	2717644
2022-12-07 09:00:00	318793	249498	568291
2022-12-07 09:30:00	544397	433211	977608
2022-12-07 10:00:00	625519	460848	1086367
2022-12-07 10:30:00	775598	559516	1335114
2022-12-07 11:00:00	880995	668335	1549330
2022-12-07 11:30:00	958675	734363	1693038
2022-12-07 12:00:00	1032470	789614	1822084
2022-12-07 12:30:00	1113811	1527272	2641083
2022-12-07 13:00:00	1179596	1681443	2861039
2022-12-07 13:30:00	1268368	1745053	3013421
2022-12-07 14:00:00	1334125	1793871	3127996
2022-12-07 14:30:00	1426650	1874346	3300996
2022-12-07 15:00:00	1547869	1968290	3516159
2022-12-07 15:15:00	1553869	1976993	3530862
2022-12-06 09:00:00	299021	234011	533032
2022-12-06 09:30:00	538540	451938	990478
2022-12-06 10:00:00	743615	618690	1362305
2022-12-06 10:30:00	910250	717654	1627904
2022-12-06 11:00:00	1063254	833226	1896480
2022-12-06 11:30:00	1068411	818953	1887364
2022-12-06 12:00:00	1149943	954916	2104859
2022-12-06 12:30:00	1276488	1075460	2351948
2022-12-06 13:00:00	1385142	1187246	2572388
2022-12-06 13:30:00	1499623	1305839	2805462
2022-12-06 14:00:00	1631512	1426667	3058179
2022-12-06 14:30:00	1744036	1530268	3274304
2022-12-06 15:00:00	1944491	1646980	3591471
2022-12-06 15:15:00	1965935	1665952	3631887
2022-12-05 09:00:00	359695	272255	631950
2022-12-05 09:30:00	640101	496328	1136429
2022-12-05 10:00:00	830171	624852	1455023
2022-12-05 10:30:00	994415	769302	1763717
2022-12-05 11:00:00	1175306	873630	2048936
2022-12-05 11:30:00	1314080	975771	2289851
2022-12-05 12:00:00	1427074	1067244	2494318
2022-12-05 12:30:00	1542701	1152120	2694821
2022-12-05 13:00:00	1663690	1257761	2921451
2022-12-05 13:30:00	1808081	1402828	3210909
2022-12-05 14:00:00	1951891	1540060	3491951
2022-12-05 14:30:00	2083593	1641124	3724717
2022-12-05 15:00:00	2265723	1767151	4032874
2022-12-05 15:15:00	2271679	1774773	4046452
2022-12-02 09:00:00	335728	269872	605600
2022-12-02 09:30:00	632526	445144	1077670
2022-12-02 10:00:00	823346	577234	1400580
2022-12-02 10:30:00	977342	693248	1670590
2022-12-02 11:00:00	1142622	834259	1976881
2022-12-02 11:30:00	1272625	945017	2217642
2022-12-02 12:00:00	1502220	1068929	2571149
2022-12-02 12:30:00	1630264	1170408	2800672
2022-12-02 13:00:00	1741959	1241925	2983884
2022-12-02 13:30:00	1874893	1316300	3191193
2022-12-02 14:00:00	2027425	1420357	3447782
2022-12-02 14:30:00	2248047	1563454	3811501
2022-12-02 15:00:00	2542315	1728673	4270988
2022-12-02 15:15:00	2559384	1736520	4295904
2022-12-01 09:00:00	459386	319781	779167
2022-12-01 09:30:00	760234	561166	1321400
2022-12-01 10:00:00	880124	600271	1480395
2022-12-01 10:30:00	1032432	691880	1724312
2022-12-01 11:00:00	1272840	800516	2073356
2022-12-01 11:30:00	1369540	871867	2241407
2022-12-01 12:00:00	1461906	1077128	2539034
2022-12-01 12:30:00	1588302	1424389	3012691
2022-12-01 13:00:00	1666486	1489016	3155502
2022-12-01 13:30:00	1766478	1549202	3315680
2022-12-01 14:00:00	1917705	1622935	3540640
2022-12-01 14:30:00	2059973	1701287	3761260
2022-12-01 15:00:00	2220617	1832039	4052656
2022-12-01 15:15:00	2226592	1838704	4065296
2022-11-30 09:00:00	239287	168744	408031
2022-11-30 09:30:00	452705	323391	776096
2022-11-30 10:00:00	603554	418905	1022459
2022-11-30 10:30:00	640481	442284	1082765
2022-11-30 11:00:00	725380	502721	1228101
2022-11-30 11:30:00	818299	914537	1732836
2022-11-30 12:00:00	886962	1532902	2419864
2022-11-30 12:30:00	977442	1700949	2678391
2022-11-30 13:00:00	1170704	1884138	3054842
2022-11-30 13:30:00	1420375	2093142	3513517
2022-11-30 14:00:00	1594578	2320420	3914998
2022-11-30 14:30:00	1784874	2444219	4229093
2022-11-30 15:00:00	2094248	2656469	4750717
2022-11-30 15:15:00	2105914	2671837	4777751
2022-11-29 09:00:00	293767	186493	480260
2022-11-29 09:30:00	516347	402566	918913
2022-11-29 10:00:00	678796	505620	1184416
2022-11-29 10:30:00	875475	679106	1554581
2022-11-29 11:00:00	987014	777240	1764254
2022-11-29 11:30:00	1077202	849445	1926647
2022-11-29 12:00:00	1158810	933940	2092750
2022-11-29 12:30:00	1280277	1020611	2300888
2022-11-29 13:00:00	1380146	1128272	2508418
2022-11-29 13:30:00	1468261	1194125	2662386
2022-11-29 14:00:00	1542350	1266830	2809180
2022-11-29 14:30:00	1635030	1345625	2980655
2022-11-29 15:00:00	1766847	1462279	3229126
2022-11-29 15:15:00	1773231	1469243	3242474
2022-11-28 09:00:00	270976	231209	502185
2022-11-28 09:30:00	449970	409398	859368
2022-11-28 10:00:00	580665	519937	1100602
2022-11-28 10:30:00	686990	616390	1303380
2022-11-28 11:00:00	790633	688927	1479560
2022-11-28 11:30:00	885731	766178	1651909
2022-11-28 12:00:00	965545	830814	1796359
2022-11-28 12:30:00	1040018	884276	1924294
2022-11-28 13:00:00	1133871	966489	2100360
2022-11-28 13:30:00	1248728	1067029	2315757
2022-11-28 14:00:00	1338042	1157622	2495664
2022-11-28 14:30:00	1458147	1244704	2702851
2022-11-28 15:00:00	1603762	1384584	2988346
2022-11-28 15:15:00	1609201	1389428	2998629
2022-11-25 09:00:00	202778	146818	349596
2022-11-25 09:30:00	375485	272194	647679
2022-11-25 10:00:00	527299	378840	906139
2022-11-25 10:30:00	674473	496380	1170853
2022-11-25 11:00:00	868689	629350	1498039
2022-11-25 11:30:00	1000568	727527	1728095
2022-11-25 12:00:00	1164120	854741	2018861
2022-11-25 12:30:00	1170103	862803	2032906
2022-11-25 13:00:00	1170103	862803	2032906
2022-11-25 13:30:00	1170103	862803	2032906
2022-11-25 14:00:00	1170103	862803	2032906
2022-11-25 14:30:00	1170103	862803	2032906
2022-11-25 15:00:00	1170103	862803	2032906
2022-11-25 15:15:00	1170103	862803	2032906
2022-11-23 09:00:00	319972	466808	786780
2022-11-23 09:30:00	546654	623277	1169931
2022-11-23 10:00:00	646945	692751	1339696
2022-11-23 10:30:00	781134	818078	1599212
2022-11-23 11:00:00	923725	938632	1862357
2022-11-23 11:30:00	1021882	1012750	2034632
2022-11-23 12:00:00	1118122	1206223	2324345
2022-11-23 12:30:00	1210128	1462862	2672990
2022-11-23 13:00:00	1293139	1514775	2807914
2022-11-23 13:30:00	1442407	1624087	3066494
2022-11-23 14:00:00	1573950	1703104	3277054
2022-11-23 14:30:00	1685451	1792310	3477761
2022-11-23 15:00:00	1841845	1908136	3749981
2022-11-23 15:15:00	1847908	1928160	3776068
2022-11-22 09:00:00	291273	232671	523944
2022-11-22 09:30:00	539250	400174	939424
2022-11-22 10:00:00	745855	544989	1290844
2022-11-22 10:30:00	887245	659980	1547225
2022-11-22 11:00:00	905850	647420	1553270
2022-11-22 11:30:00	1045779	732861	1778640
2022-11-22 12:00:00	1150824	1010020	2160844
2022-11-22 12:30:00	1248416	1555646	2804062
2022-11-22 13:00:00	1340683	1785780	3126463
2022-11-22 13:30:00	1445817	2001999	3447816
2022-11-22 14:00:00	1533205	2075500	3608705
2022-11-22 14:30:00	1648509	2250270	3898779
2022-11-22 15:00:00	1809750	2269448	4079198
2022-11-22 15:15:00	1816840	2291655	4108495
2022-11-21 09:00:00	298555	242885	541440
2022-11-21 09:30:00	542534	427698	970232
2022-11-21 10:00:00	752188	599518	1351706
2022-11-21 10:30:00	959313	728676	1687989
2022-11-21 11:00:00	1114587	827616	1942203
2022-11-21 11:30:00	1426452	929650	2356102
2022-11-21 12:00:00	1546369	1026215	2572584
2022-11-21 12:30:00	1657203	1145899	2803102
2022-11-21 13:00:00	1632938	1130328	2763266
2022-11-21 13:30:00	1735744	1189425	2925169
2022-11-21 14:00:00	1992285	1434695	3426980
2022-11-21 14:30:00	1926677	1367975	3294652
2022-11-21 15:00:00	2058421	1478730	3537151
2022-11-21 15:15:00	2063515	1501450	3564965
2022-11-18 09:00:00	360508	281571	642079
2022-11-18 09:30:00	654520	475890	1130410
2022-11-18 10:00:00	932262	633527	1565789
2022-11-18 10:30:00	1128706	769861	1898567
2022-11-18 11:00:00	1285663	884879	2170542
2022-11-18 11:30:00	1491628	1004789	2496417
2022-11-18 12:00:00	1633707	1107348	2741055
2022-11-18 12:30:00	1785228	1211237	2996465
2022-11-18 13:00:00	1912966	1307295	3220261
2022-11-18 13:30:00	2032090	1400614	3432704
2022-11-18 14:00:00	2151470	1524269	3675739
2022-11-18 14:30:00	2333506	1678055	4011561
2022-11-18 15:00:00	2590805	1898067	4488872
2022-11-18 15:15:00	2603130	1917009	4520139
2022-11-17 09:00:00	355301	329618	684919
2022-11-17 09:30:00	573459	496409	1069868
2022-11-17 10:00:00	736494	626800	1363294
2022-11-17 10:30:00	888837	728287	1617124
2022-11-17 11:00:00	1027063	845328	1872391
2022-11-17 11:30:00	1270076	1040296	2310372
2022-11-17 12:00:00	1320536	1043729	2364265
2022-11-17 12:30:00	1429778	1139046	2568824
2022-11-17 13:00:00	1538918	1227814	2766732
2022-11-17 13:30:00	1645876	1336755	2982631
2022-11-17 14:00:00	1769860	1458949	3228809
2022-11-17 14:30:00	1931088	1575805	3506893
2022-11-17 15:00:00	2098606	1732794	3831400
2022-11-17 15:15:00	2107026	1741011	3848037
2022-11-16 09:00:00	299357	252840	552197
2022-11-16 09:30:00	492322	416853	909175
2022-11-16 10:00:00	646102	572164	1218266
2022-11-16 10:30:00	799946	681606	1481552
2022-11-16 11:00:00	912764	793881	1706645
2022-11-16 11:30:00	1007344	895289	1902633
2022-11-16 12:00:00	1113250	1414339	2527589
2022-11-16 12:30:00	1190040	1752794	2942834
2022-11-16 13:00:00	1283692	1837004	3120696
2022-11-16 13:30:00	1383068	1936710	3319778
2022-11-16 14:00:00	1480971	2032090	3513061
2022-11-16 14:30:00	1598125	2148990	3747115
2022-11-16 15:00:00	1767664	2336583	4104247
2022-11-16 15:15:00	1773513	2383164	4156677
2022-11-14 09:00:00	319612	262418	582030
2022-11-14 09:30:00	556069	426375	982444
2022-11-14 10:00:00	801571	564893	1366464
2022-11-14 10:30:00	962229	675100	1637329
2022-11-14 11:00:00	1086105	754395	1840500
2022-11-14 11:30:00	1345325	986905	2332230
2022-11-14 12:00:00	1337506	921630	2259136
2022-11-14 12:30:00	1450820	1044772	2495592
2022-11-14 13:00:00	1557381	1125761	2683142
2022-11-14 13:30:00	1668165	1221550	2889715
2022-11-14 14:00:00	1784750	1299510	3084260
2022-11-14 14:30:00	1909922	1397833	3307755
2022-11-14 15:00:00	2076645	1544102	3620747
2022-11-14 15:15:00	2082716	1588545	3671261
2022-11-11 09:00:00	499481	367237	866718
2022-11-11 09:30:00	897214	621852	1519066
2022-11-11 10:00:00	1212048	816871	2028919
2022-11-11 10:30:00	1489568	1021109	2510677
2022-11-11 11:00:00	1712767	1155662	2868429
2022-11-11 11:30:00	1901665	1269833	3171498
2022-11-11 12:00:00	2085060	1385624	3470684
2022-11-11 12:30:00	2307266	1518445	3825711
2022-11-11 13:00:00	2529631	1648235	4177866
2022-11-11 13:30:00	2744730	1801812	4546542
2022-11-11 14:00:00	2968686	1966776	4935462
2022-11-11 14:30:00	3248239	2143432	5391671
2022-11-11 15:00:00	3594185	2329571	5923756
2022-11-11 15:15:00	3605402	2342934	5948336
2022-11-10 09:00:00	564590	433817	998407
2022-11-10 09:30:00	894419	688656	1583075
2022-11-10 10:00:00	1159518	883316	2042834
2022-11-10 10:30:00	1371922	1051566	2423488
2022-11-10 11:00:00	1608703	1195230	2803933
2022-11-10 11:30:00	1798082	1325540	3123622
2022-11-10 12:00:00	1942714	1451989	3394703
2022-11-10 12:30:00	2150482	1569758	3720240
2022-11-10 13:00:00	2286351	1650287	3936638
2022-11-10 13:30:00	2449502	1751573	4201075
2022-11-10 14:00:00	2594247	1869267	4463514
2022-11-10 14:30:00	2806174	2017057	4823231
2022-11-10 15:00:00	3085586	2202175	5287761
2022-11-10 15:15:00	3102959	2233579	5336538
2022-11-08 09:00:00	277061	209202	486263
2022-11-08 09:30:00	508378	359585	867963
2022-11-08 10:00:00	693067	500570	1193637
2022-11-08 10:30:00	872856	677133	1549989
2022-11-08 11:00:00	1047947	823155	1871102
2022-11-08 11:30:00	1171642	911339	2082981
2022-11-08 12:00:00	1416854	982206	2399060
2022-11-08 12:30:00	1540020	1524255	3064275
2022-11-08 13:00:00	1656281	2123457	3779738
2022-11-08 13:30:00	1771387	2233233	4004620
2022-11-08 14:00:00	1892169	2353499	4245668
2022-11-08 14:30:00	2006809	2449894	4456703
2022-11-08 15:00:00	2160705	2582620	4743325
2022-11-08 15:15:00	2166862	2593353	4760215
2022-11-04 09:00:00	439937	330084	770021
2022-11-04 09:30:00	722176	531298	1253474
2022-11-04 10:00:00	959339	727429	1686768
2022-11-04 10:30:00	1142038	883987	2026025
2022-11-04 11:00:00	1359634	1102046	2461680
2022-11-04 11:30:00	1548797	1264719	2813516
2022-11-04 12:00:00	1707982	1402991	3110973
2022-11-04 12:30:00	1835063	1532405	3367468
2022-11-04 13:00:00	1955656	1626201	3581857
2022-11-04 13:30:00	2130158	1755949	3886107
2022-11-04 14:00:00	2291427	1950207	4241634
2022-11-04 14:30:00	2500359	2098619	4598978
2022-11-04 15:00:00	2764346	2315404	5079750
2022-11-04 15:15:00	2781898	2331694	5113592
2022-11-03 09:00:00	329775	383506	713281
2022-11-03 09:30:00	587856	616574	1204430
2022-11-03 10:00:00	778902	778203	1557105
2022-11-03 10:30:00	913881	905739	1819620
2022-11-03 11:00:00	1028721	1030390	2059111
2022-11-03 11:30:00	1166390	1123273	2289663
2022-11-03 12:00:00	1265638	1208163	2473801
2022-11-03 12:30:00	1359183	1285754	2644937
2022-11-03 13:00:00	1435039	1348862	2783901
2022-11-03 13:30:00	1534316	1421546	2955862
2022-11-03 14:00:00	1635773	1500588	3136361
2022-11-03 14:30:00	1793386	1672665	3466051
2022-11-03 15:00:00	2021623	1825864	3847487
2022-11-03 15:15:00	2030583	1835372	3865955
2022-11-02 09:00:00	221103	157016	378119
2022-11-02 09:30:00	346307	276304	622611
2022-11-02 10:00:00	446450	361141	807591
2022-11-02 10:30:00	613048	433866	1046914
2022-11-02 11:00:00	705947	552441	1258388
2022-11-02 11:30:00	784711	628450	1413161
2022-11-02 12:00:00	871336	727626	1598962
2022-11-02 12:30:00	937621	780448	1718069
2022-11-02 13:00:00	1031006	847703	1878709
2022-11-02 13:30:00	1229634	1026619	2256253
2022-11-02 14:00:00	1467883	1355645	2823528
2022-11-02 14:30:00	1656702	1834005	3490707
2022-11-02 15:00:00	1922570	2320502	4243072
2022-11-02 15:15:00	1932292	2337767	4270059
2022-11-01 09:00:00	331402	197345	528747
2022-11-01 09:30:00	523676	361864	885540
2022-11-01 10:00:00	680833	517821	1198654
2022-11-01 10:30:00	772526	603706	1376232
2022-11-01 11:00:00	886468	692558	1579026
2022-11-01 11:30:00	979373	763173	1742546
2022-11-01 12:00:00	1087533	829485	1917018
2022-11-01 12:30:00	1178078	891414	2069492
2022-11-01 13:00:00	1277138	986788	2263926
2022-11-01 13:30:00	1349075	1062415	2411490
2022-11-01 14:00:00	1440622	1145776	2586398
2022-11-01 14:30:00	1542315	1224475	2766790
2022-11-01 15:00:00	1675329	1333417	3008746
2022-11-01 15:15:00	1683483	1339674	3023157
2022-10-31 09:00:00	257212	175552	432764
2022-10-31 09:30:00	439181	300075	739256
2022-10-31 10:00:00	569859	398515	968374
2022-10-31 10:30:00	701724	489871	1191595
2022-10-31 11:00:00	860798	633682	1494480
2022-10-31 11:30:00	960885	711621	1672506
2022-10-31 12:00:00	1040551	840202	1880753
2022-10-31 12:30:00	1120392	898004	2018396
2022-10-31 13:00:00	1194364	949937	2144301
2022-10-31 13:30:00	1290373	1004583	2294956
2022-10-31 14:00:00	1365709	1067516	2433225
2022-10-31 14:30:00	1476499	1161092	2637591
2022-10-31 15:00:00	1605469	1266319	2871788
2022-10-31 15:15:00	1615616	1289988	2905604
2022-10-28 09:00:00	283677	215412	499089
2022-10-28 09:30:00	542654	461377	1004031
2022-10-28 10:00:00	794089	698509	1492598
2022-10-28 10:30:00	1007615	878045	1885660
2022-10-28 11:00:00	1166551	1012522	2179073
2022-10-28 11:30:00	1326865	1187372	2514237
2022-10-28 12:00:00	1487338	1348440	2835778
2022-10-28 12:30:00	1624028	1483414	3107442
2022-10-28 13:00:00	1745906	1610141	3356047
2022-10-28 13:30:00	1894196	1717583	3611779
2022-10-28 14:00:00	2072597	1852616	3925213
2022-10-28 14:30:00	2257795	1984199	4241994
2022-10-28 15:00:00	2517519	2164816	4682335
2022-10-28 15:15:00	2530196	2180191	4710387
2022-10-27 09:00:00	358252	320409	678661
2022-10-27 09:30:00	591546	511172	1102718
2022-10-27 10:00:00	782400	685801	1468201
2022-10-27 10:30:00	914693	799476	1714169
2022-10-27 11:00:00	1031802	907631	1939433
2022-10-27 11:30:00	1153684	1029646	2183330
2022-10-27 12:00:00	1254696	1112159	2366855
2022-10-27 12:30:00	1360695	1202496	2563191
2022-10-27 13:00:00	1447821	1421308	2869129
2022-10-27 13:30:00	1579039	1577122	3156161
2022-10-27 14:00:00	1681573	1680960	3362533
2022-10-27 14:30:00	1816615	1797279	3613894
2022-10-27 15:00:00	1998646	1983055	3981701
2022-10-27 15:15:00	2022355	2003202	4025557
2022-10-26 09:00:00	395638	242104	637742
2022-10-26 09:30:00	622387	386641	1009028
2022-10-26 10:00:00	837645	548972	1386617
2022-10-26 10:30:00	1037766	668091	1705857
2022-10-26 11:00:00	1208011	760751	1968762
2022-10-26 11:30:00	1321657	853328	2174985
2022-10-26 12:00:00	1433957	973587	2407544
2022-10-26 12:30:00	1561173	1137203	2698376
2022-10-26 13:00:00	1659367	1221427	2880794
2022-10-26 13:30:00	1757839	1281805	3039644
2022-10-26 14:00:00	1871865	1365898	3237763
2022-10-26 14:30:00	1992743	1475746	3468489
2022-10-26 15:00:00	2162428	1618989	3781417
2022-10-26 15:15:00	2167405	1623662	3791067
2022-10-25 09:00:00	333083	210117	543200
2022-10-25 09:30:00	543112	366603	909715
2022-10-25 10:00:00	736655	491970	1228625
2022-10-25 10:30:00	901009	600690	1501699
2022-10-25 11:00:00	1062816	714278	1777094
2022-10-25 11:30:00	1188612	808345	1996957
2022-10-25 12:00:00	1294886	894829	2189715
2022-10-25 12:30:00	1394113	988709	2382822
2022-10-25 13:00:00	1473555	1060635	2534190
2022-10-25 13:30:00	1569777	1143104	2712881
2022-10-25 14:00:00	1668934	1247223	2916157
2022-10-25 14:30:00	1793125	1333859	3126984
2022-10-25 15:00:00	1974267	1486649	3460916
2022-10-25 15:15:00	1984058	1509048	3493106
2022-10-24 09:00:00	321046	223883	544929
2022-10-24 09:30:00	529599	404427	934026
2022-10-24 10:00:00	688748	537502	1226250
2022-10-24 10:30:00	833673	634626	1468299
2022-10-24 11:00:00	953431	715373	1668804
2022-10-24 11:30:00	1090961	798423	1889384
2022-10-24 12:00:00	1180487	865618	2046105
2022-10-24 12:30:00	1271200	958417	2229617
2022-10-24 13:00:00	1368282	1008790	2377072
2022-10-24 13:30:00	1452512	1065894	2518406
2022-10-24 14:00:00	1548577	1155921	2704498
2022-10-24 14:30:00	1684083	1250667	2934750
2022-10-24 15:00:00	1842741	1374668	3217409
2022-10-24 15:15:00	1849311	1384783	3234094
2022-10-21 09:00:00	369583	307337	676920
2022-10-21 09:30:00	633596	542061	1175657
2022-10-21 10:00:00	826923	745651	1572574
2022-10-21 10:30:00	970105	881371	1851476
2022-10-21 11:00:00	1148032	1023226	2171258
2022-10-21 11:30:00	1323716	1169103	2492819
2022-10-21 12:00:00	1493414	1307002	2800416
2022-10-21 12:30:00	1650156	1423653	3073809
2022-10-21 13:00:00	1820292	1548946	3369238
2022-10-21 13:30:00	1999585	1708807	3708392
2022-10-21 14:00:00	2125496	1823034	3948530
2022-10-21 14:30:00	2358427	1983867	4342294
2022-10-21 15:00:00	2667109	2198947	4866056
2022-10-21 15:15:00	2683874	2210178	4894052
2022-10-20 09:00:00	318402	265143	583545
2022-10-20 09:30:00	634274	533051	1167325
2022-10-20 10:00:00	816543	663976	1480519
2022-10-20 10:30:00	964502	861922	1826424
2022-10-20 11:00:00	1108174	964674	2072848
2022-10-20 11:30:00	1246730	1086004	2332734
2022-10-20 12:00:00	1371763	1216468	2588231
2022-10-20 12:30:00	1489897	1314234	2804131
2022-10-20 13:00:00	1607813	1423843	3031656
2022-10-20 13:30:00	1721803	1524099	3245902
2022-10-20 14:00:00	1826770	1625534	3452304
2022-10-20 14:30:00	1960490	1733695	3694185
2022-10-20 15:00:00	2114912	1893474	4008386
2022-10-20 15:15:00	2125228	1902152	4027380
2022-10-19 09:00:00	235367	196803	432170
2022-10-19 09:30:00	406611	325355	731966
2022-10-19 10:00:00	582479	421604	1004083
2022-10-19 10:30:00	689999	504808	1194807
2022-10-19 11:00:00	778580	620901	1399481
2022-10-19 11:30:00	878862	722248	1601110
2022-10-19 12:00:00	993176	822785	1815961
2022-10-19 12:30:00	1113778	925624	2039402
2022-10-19 13:00:00	1199751	1000383	2200134
2022-10-19 13:30:00	1290860	1083407	2374267
2022-10-19 14:00:00	1369965	1162697	2532662
2022-10-19 14:30:00	1468908	1254477	2723385
2022-10-19 15:00:00	1601821	1385292	2987113
2022-10-19 15:15:00	1609108	1392967	3002075
2022-10-18 09:00:00	383297	299181	682478
2022-10-18 09:30:00	603167	501276	1104443
2022-10-18 10:00:00	761984	630785	1392769
2022-10-18 10:30:00	926547	818188	1744735
2022-10-18 11:00:00	1064141	952720	2016861
2022-10-18 11:30:00	1207267	1040493	2247760
2022-10-18 12:00:00	1300860	1128250	2429110
2022-10-18 12:30:00	1375831	1192925	2568756
2022-10-18 13:00:00	1472297	1254326	2726623
2022-10-18 13:30:00	1570763	1319254	2890017
2022-10-18 14:00:00	1676654	1431245	3107899
2022-10-18 14:30:00	1782521	1532654	3315175
2022-10-18 15:00:00	1932183	1657288	3589471
2022-10-18 15:15:00	1942975	1666867	3609842
2022-10-17 09:00:00	287093	213819	500912
2022-10-17 09:30:00	472060	368148	840208
2022-10-17 10:00:00	617638	475084	1092722
2022-10-17 10:30:00	753601	559966	1313567
2022-10-17 11:00:00	897483	664763	1562246
2022-10-17 11:30:00	982727	732116	1714843
2022-10-17 12:00:00	1063326	790819	1854145
2022-10-17 12:30:00	1127027	853169	1980196
2022-10-17 13:00:00	1204779	907086	2111865
2022-10-17 13:30:00	1274388	960572	2234960
2022-10-17 14:00:00	1336216	1020655	2356871
2022-10-17 14:30:00	1401282	1082133	2483415
2022-10-17 15:00:00	1502123	1190216	2692339
2022-10-17 15:15:00	1507285	1196735	2704020
2022-10-14 09:00:00	438199	287455	725654
2022-10-14 09:30:00	706485	539179	1245664
2022-10-14 10:00:00	878723	699536	1578259
2022-10-14 10:30:00	1056883	832686	1889569
2022-10-14 11:00:00	1270004	973211	2243215
2022-10-14 11:30:00	1410001	1107368	2517369
2022-10-14 12:00:00	1530550	1203707	2734257
2022-10-14 12:30:00	1630141	1293221	2923362
2022-10-14 13:00:00	1716829	1373576	3090405
2022-10-14 13:30:00	1822720	1479775	3302495
2022-10-14 14:00:00	1928589	1586196	3514785
2022-10-14 14:30:00	2055581	1725903	3781484
2022-10-14 15:00:00	2293354	1979893	4273247
2022-10-14 15:15:00	2304567	1999078	4303645
2022-10-13 09:00:00	606079	410401	1016480
2022-10-13 09:30:00	910969	620152	1531121
2022-10-13 10:00:00	1096150	771320	1867470
2022-10-13 10:30:00	1332356	1049320	2381676
2022-10-13 11:00:00	1581438	1246713	2828151
2022-10-13 11:30:00	1703054	1347938	3050992
2022-10-13 12:00:00	1798699	1432939	3231638
2022-10-13 12:30:00	1919632	1549559	3469191
2022-10-13 13:00:00	2060665	1651507	3712172
2022-10-13 13:30:00	2163933	1730735	3894668
2022-10-13 14:00:00	2274795	1823832	4098627
2022-10-13 14:30:00	2426014	1951800	4377814
2022-10-13 15:00:00	2603680	2105031	4708711
2022-10-13 15:15:00	2612860	2117578	4730438
2022-10-12 09:00:00	173636	152774	326410
2022-10-12 09:30:00	289656	252698	542354
2022-10-12 10:00:00	395409	329204	724613
2022-10-12 10:30:00	491302	401526	892828
2022-10-12 11:00:00	578021	470884	1048905
2022-10-12 11:30:00	650970	528816	1179786
2022-10-12 12:00:00	709677	579128	1288805
2022-10-12 12:30:00	786726	619104	1405830
2022-10-12 13:00:00	835589	673507	1509096
2022-10-12 13:30:00	934782	765018	1699800
2022-10-12 14:00:00	1012176	825158	1837334
2022-10-12 14:30:00	1116831	890798	2007629
2022-10-12 15:00:00	1268899	1055874	2324773
2022-10-12 15:15:00	1274872	1066304	2341176
2022-10-11 09:00:00	237854	271881	509735
2022-10-11 09:30:00	423890	440272	864162
2022-10-11 10:00:00	558639	545077	1103716
2022-10-11 10:30:00	673322	634302	1307624
2022-10-11 11:00:00	827203	751121	1578324
2022-10-11 11:30:00	919647	832076	1751723
2022-10-11 12:00:00	1053865	913747	1967612
2022-10-11 12:30:00	1146390	970390	2116780
2022-10-11 13:00:00	1238898	1028666	2267564
2022-10-11 13:30:00	1324730	1117144	2441874
2022-10-11 14:00:00	1427876	1250729	2678605
2022-10-11 14:30:00	1544080	1431811	2975891
2022-10-11 15:00:00	1657382	1576537	3233919
2022-10-11 15:15:00	1663841	1583465	3247306
2022-10-10 09:00:00	345089	189740	534829
2022-10-10 09:30:00	480498	328312	808810
2022-10-10 10:00:00	605627	530124	1135751
2022-10-10 10:30:00	696795	668123	1364918
2022-10-10 11:00:00	786335	765960	1552295
2022-10-10 11:30:00	860742	841649	1702391
2022-10-10 12:00:00	941795	926929	1868724
2022-10-10 12:30:00	1035362	1006608	2041970
2022-10-10 13:00:00	1138021	1096760	2234781
2022-10-10 13:30:00	1207178	1154939	2362117
2022-10-10 14:00:00	1283952	1218477	2502429
2022-10-10 14:30:00	1356662	1296614	2653276
2022-10-10 15:00:00	1455660	1377682	2833342
2022-10-10 15:15:00	1460971	1385679	2846650
2022-10-07 09:00:00	367047	375408	742455
2022-10-07 09:30:00	633749	633086	1266835
2022-10-07 10:00:00	805673	809227	1614900
2022-10-07 10:30:00	950314	932904	1883218
2022-10-07 11:00:00	1072280	1055060	2127340
2022-10-07 11:30:00	1218599	1174667	2393266
2022-10-07 12:00:00	1390299	1324683	2714982
2022-10-07 12:30:00	1514302	1439656	2953958
2022-10-07 13:00:00	1613464	1545733	3159197
2022-10-07 13:30:00	1723429	1655709	3379138
2022-10-07 14:00:00	1848907	1798784	3647691
2022-10-07 14:30:00	1992673	1949401	3942074
2022-10-07 15:00:00	2201025	2185216	4386241
2022-10-07 15:15:00	2218188	2206691	4424879
2022-10-06 09:00:00	301397	173367	474764
2022-10-06 09:30:00	514811	386360	901171
2022-10-06 10:00:00	658012	524998	1183010
2022-10-06 10:30:00	771855	623395	1395250
2022-10-06 11:00:00	883314	707772	1591086
2022-10-06 11:30:00	963420	799043	1762463
2022-10-06 12:00:00	1032950	855799	1888749
2022-10-06 12:30:00	1111163	921514	2032677
2022-10-06 13:00:00	1201057	991572	2192629
2022-10-06 13:30:00	1305527	1076674	2382201
2022-10-06 14:00:00	1409185	1164180	2573365
2022-10-06 14:30:00	1528256	1253118	2781374
2022-10-06 15:00:00	1680410	1380815	3061225
2022-10-06 15:15:00	1688642	1391722	3080364
2022-10-05 09:00:00	197159	189835	386994
2022-10-05 09:30:00	348281	341332	689613
2022-10-05 10:00:00	466933	444467	911400
2022-10-05 10:30:00	562188	526485	1088673
2022-10-05 11:00:00	650301	593228	1243529
2022-10-05 11:30:00	743556	672316	1415872
2022-10-05 12:00:00	818341	734178	1552519
2022-10-05 12:30:00	920997	812224	1733221
2022-10-05 13:00:00	994421	876076	1870497
2022-10-05 13:30:00	1082439	933051	2015490
2022-10-05 14:00:00	1152369	988480	2140849
2022-10-05 14:30:00	1270119	1083683	2353802
2022-10-05 15:00:00	1406237	1211512	2617749
2022-10-05 15:15:00	1415699	1219216	2634915
2022-10-04 09:00:00	345448	264756	610204
2022-10-04 09:30:00	580728	489385	1070113
2022-10-04 10:00:00	746545	707432	1453977
2022-10-04 10:30:00	907574	802123	1709697
2022-10-04 11:00:00	1063928	890839	1954767
2022-10-04 11:30:00	1172855	989272	2162127
2022-10-04 12:00:00	1278566	1079821	2358387
2022-10-04 12:30:00	1392262	1194838	2587100
2022-10-04 13:00:00	1509394	1267545	2776939
2022-10-04 13:30:00	1588153	1322864	2911017
2022-10-04 14:00:00	1689222	1390306	3079528
2022-10-04 14:30:00	1766960	1475206	3242166
2022-10-04 15:00:00	1900421	1587388	3487809
2022-10-04 15:15:00	1908697	1608189	3516886
2022-10-03 09:00:00	286925	226214	513139
2022-10-03 09:30:00	482321	440312	922633
2022-10-03 10:00:00	643432	597221	1240653
2022-10-03 10:30:00	801953	717013	1518966
2022-10-03 11:00:00	894664	812750	1707414
2022-10-03 11:30:00	993738	888708	1882446
2022-10-03 12:00:00	1064707	941952	2006659
2022-10-03 12:30:00	1144817	1005520	2150337
2022-10-03 13:00:00	1221238	1067909	2289147
2022-10-03 13:30:00	1312388	1140371	2452759
2022-10-03 14:00:00	1406318	1217040	2623358
2022-10-03 14:30:00	1502498	1296907	2799405
2022-10-03 15:00:00	1619410	1403546	3022956
2022-10-03 15:15:00	1629555	1409904	3039459
2022-09-30 09:00:00	261940	269786	531726
2022-09-30 09:30:00	451736	435668	887404
2022-09-30 10:00:00	647330	653587	1300917
2022-09-30 10:30:00	866267	862549	1728816
2022-09-30 11:00:00	1001968	994072	1996040
2022-09-30 11:30:00	1190629	1105802	2296431
2022-09-30 12:00:00	1294265	1209909	2504174
2022-09-30 12:30:00	1375698	1285060	2660758
2022-09-30 13:00:00	1515675	1392631	2908306
2022-09-30 13:30:00	1624089	1493196	3117285
2022-09-30 14:00:00	1746590	1653051	3399641
2022-09-30 14:30:00	1888629	1815676	3704305
2022-09-30 15:00:00	2105091	2037025	4142116
2022-09-30 15:15:00	2152320	2067400	4219720
2022-09-29 09:00:00	289128	312799	601927
2022-09-29 09:30:00	516177	528141	1044318
2022-09-29 10:00:00	688154	715887	1404041
2022-09-29 10:30:00	804480	860665	1665145
2022-09-29 11:00:00	893598	981816	1875414
2022-09-29 11:30:00	999674	1108436	2108110
2022-09-29 12:00:00	1077518	1188331	2265849
2022-09-29 12:30:00	1156252	1277657	2433909
2022-09-29 13:00:00	1257018	1373775	2630793
2022-09-29 13:30:00	1370235	1487362	2857597
2022-09-29 14:00:00	1464763	1598844	3063607
2022-09-29 14:30:00	1579749	1706285	3286034
2022-09-29 15:00:00	1747038	1855422	3602460
2022-09-29 15:15:00	1768454	1884136	3652590
2022-09-28 09:00:00	219395	194625	414020
2022-09-28 09:30:00	381844	362272	744116
2022-09-28 10:00:00	540753	495126	1035879
2022-09-28 10:30:00	685295	585931	1271226
2022-09-28 11:00:00	774318	659578	1433896
2022-09-28 11:30:00	900415	788758	1689173
2022-09-28 12:00:00	975597	847389	1822986
2022-09-28 12:30:00	1100596	918779	2019375
2022-09-28 13:00:00	1171433	974256	2145689
2022-09-28 13:30:00	1237340	1027310	2264650
2022-09-28 14:00:00	1319336	1092981	2412317
2022-09-28 14:30:00	1443951	1194409	2638360
2022-09-28 15:00:00	1612677	1390805	3003482
2022-09-28 15:15:00	1617964	1398491	3016455
2022-09-27 09:00:00	261964	189180	451144
2022-09-27 09:30:00	428762	335047	763809
2022-09-27 10:00:00	562143	493009	1055152
2022-09-27 10:30:00	690325	601317	1291642
2022-09-27 11:00:00	809732	688425	1498157
2022-09-27 11:30:00	969216	852208	1821424
2022-09-27 12:00:00	1078335	948245	2026580
2022-09-27 12:30:00	1174725	1025998	2200723
2022-09-27 13:00:00	1249775	1153723	2403498
2022-09-27 13:30:00	1323404	1252346	2575750
2022-09-27 14:00:00	1436258	1352855	2789113
2022-09-27 14:30:00	1541492	1427591	2969083
2022-09-27 15:00:00	1658749	1550757	3209506
2022-09-27 15:15:00	1701474	1592198	3293672
2022-09-26 09:00:00	249084	190642	439726
2022-09-26 09:30:00	418008	322777	740785
2022-09-26 10:00:00	546101	419321	965422
2022-09-26 10:30:00	671354	528714	1200068
2022-09-26 11:00:00	768113	631316	1399429
2022-09-26 11:30:00	850928	869004	1719932
2022-09-26 12:00:00	942717	987805	1930522
2022-09-26 12:30:00	1027137	1083862	2110999
2022-09-26 13:00:00	1112424	1179044	2291468
2022-09-26 13:30:00	1181338	1257486	2438824
2022-09-26 14:00:00	1266845	1347530	2614375
2022-09-26 14:30:00	1353837	1461675	2815512
2022-09-26 15:00:00	1463249	1568062	3031311
2022-09-26 15:15:00	1472564	1578810	3051374
2022-09-23 09:00:00	386891	498919	885810
2022-09-23 09:30:00	637371	868532	1505903
2022-09-23 10:00:00	837055	1131508	1968563
2022-09-23 10:30:00	999530	1328465	2327995
2022-09-23 11:00:00	1146593	1512735	2659328
2022-09-23 11:30:00	1310545	1768555	3079100
2022-09-23 12:00:00	1457307	1975290	3432597
2022-09-23 12:30:00	1583520	2110044	3693564
2022-09-23 13:00:00	1690602	2223284	3913886
2022-09-23 13:30:00	1835281	2401204	4236485
2022-09-23 14:00:00	1973017	2617645	4590662
2022-09-23 14:30:00	2162020	2866238	5028258
2022-09-23 15:00:00	2405685	3107065	5512750
2022-09-23 15:15:00	2418276	3128278	5546554
2022-09-22 09:00:00	387869	317758	705627
2022-09-22 09:30:00	620646	592610	1213256
2022-09-22 10:00:00	810897	799459	1610356
2022-09-22 10:30:00	1030561	952092	1982653
2022-09-22 11:00:00	1177984	1105625	2283609
2022-09-22 11:30:00	1294953	1217782	2512735
2022-09-22 12:00:00	1395769	1316737	2712506
2022-09-22 12:30:00	1495628	1457136	2952764
2022-09-22 13:00:00	1589562	1550691	3140253
2022-09-22 13:30:00	1724736	1662458	3387194
2022-09-22 14:00:00	1831503	1830557	3662060
2022-09-22 14:30:00	1968681	1955866	3924547
2022-09-22 15:00:00	2156223	2122527	4278750
2022-09-22 15:15:00	2166317	2136646	4302963
2022-09-21 09:00:00	189413	122804	312217
2022-09-21 09:30:00	313018	228088	541106
2022-09-21 10:00:00	418137	341696	759833
2022-09-21 10:30:00	516750	402697	919447
2022-09-21 11:00:00	582085	449633	1031718
2022-09-21 11:30:00	648726	499842	1148568
2022-09-21 12:00:00	727652	589798	1317450
2022-09-21 12:30:00	796253	632166	1428419
2022-09-21 13:00:00	874924	696100	1571024
2022-09-21 13:30:00	1062053	875750	1937803
2022-09-21 14:00:00	1295436	1067683	2363119
2022-09-21 14:30:00	1440900	1214252	2655152
2022-09-21 15:00:00	1678925	1478472	3157397
2022-09-21 15:15:00	1690571	1496597	3187168
2022-09-20 09:00:00	213844	197528	411372
2022-09-20 09:30:00	418686	327973	746659
2022-09-20 10:00:00	546049	432117	978166
2022-09-20 10:30:00	692883	519502	1212385
2022-09-20 11:00:00	820740	588310	1409050
2022-09-20 11:30:00	909309	664826	1574135
2022-09-20 12:00:00	982583	739161	1721744
2022-09-20 12:30:00	1070118	830760	1900878
2022-09-20 13:00:00	1172294	941295	2113589
2022-09-20 13:30:00	1273714	1036079	2309793
2022-09-20 14:00:00	1361353	1188177	2549530
2022-09-20 14:30:00	1451952	1263234	2715186
2022-09-20 15:00:00	1577653	1389378	2967031
2022-09-20 15:15:00	1584200	1400350	2984550
2022-09-19 09:00:00	232110	179765	411875
2022-09-19 09:30:00	384316	318581	702897
2022-09-19 10:00:00	580781	486436	1067217
2022-09-19 10:30:00	684178	574137	1258315
2022-09-19 11:00:00	809356	645296	1454652
2022-09-19 11:30:00	887626	731204	1618830
2022-09-19 12:00:00	992870	788165	1781035
2022-09-19 12:30:00	1059310	840442	1899752
2022-09-19 13:00:00	1121970	897963	2019933
2022-09-19 13:30:00	1191632	941092	2132724
2022-09-19 14:00:00	1270951	1007468	2278419
2022-09-19 14:30:00	1373698	1090268	2463966
2022-09-19 15:00:00	1549349	1221889	2771238
2022-09-19 15:15:00	1554213	1231323	2785536
2022-09-16 09:00:00	303275	457138	760413
2022-09-16 09:30:00	505419	727360	1232779
2022-09-16 10:00:00	674476	907338	1581814
2022-09-16 10:30:00	793427	1057070	1850497
2022-09-16 11:00:00	913944	1187901	2101845
2022-09-16 11:30:00	1027308	1344300	2371608
2022-09-16 12:00:00	1157469	1532402	2689871
2022-09-16 12:30:00	1281496	1649420	2930916
2022-09-16 13:00:00	1390483	1754219	3144702
2022-09-16 13:30:00	1514780	1873509	3388289
2022-09-16 14:00:00	1631961	2006662	3638623
2022-09-16 14:30:00	1783201	2186897	3970098
2022-09-16 15:00:00	1980603	2405779	4386382
2022-09-16 15:15:00	1991998	2416759	4408757
2022-09-15 09:00:00	279906	213081	492987
2022-09-15 09:30:00	502876	389157	892033
2022-09-15 10:00:00	679382	568509	1247891
2022-09-15 10:30:00	843313	730874	1574187
2022-09-15 11:00:00	958968	854364	1813332
2022-09-15 11:30:00	1091381	952839	2044220
2022-09-15 12:00:00	1196402	1096659	2293061
2022-09-15 12:30:00	1317273	1189818	2507091
2022-09-15 13:00:00	1395620	1268894	2664514
2022-09-15 13:30:00	1480768	1346318	2827086
2022-09-15 14:00:00	1569588	1428048	2997636
2022-09-15 14:30:00	1693441	1565350	3258791
2022-09-15 15:00:00	1835298	1705067	3540365
2022-09-15 15:15:00	1841095	1713863	3554958
2022-09-14 09:00:00	219533	208922	428455
2022-09-14 09:30:00	424753	389176	813929
2022-09-14 10:00:00	564790	516799	1081589
2022-09-14 10:30:00	672793	608948	1281741
2022-09-14 11:00:00	777940	707423	1485363
2022-09-14 11:30:00	869545	777253	1646798
2022-09-14 12:00:00	952294	865094	1817388
2022-09-14 12:30:00	1052494	956632	2009126
2022-09-14 13:00:00	1135126	1065482	2200608
2022-09-14 13:30:00	1206695	1153302	2359997
2022-09-14 14:00:00	1272310	1213677	2485987
2022-09-14 14:30:00	1382244	1325607	2707851
2022-09-14 15:00:00	1539179	1470354	3009533
2022-09-14 15:15:00	1543457	1477023	3020480
2022-09-13 09:00:00	344094	342460	686554
2022-09-13 09:30:00	602236	555943	1158179
2022-09-13 10:00:00	811519	733858	1545377
2022-09-13 10:30:00	952788	886198	1838986
2022-09-13 11:00:00	1077950	989028	2066978
2022-09-13 11:30:00	1189507	1092150	2281657
2022-09-13 12:00:00	1280987	1158948	2439935
2022-09-13 12:30:00	1369879	1269442	2639321
2022-09-13 13:00:00	1466653	1350917	2817570
2022-09-13 13:30:00	1565108	1437860	3002968
2022-09-13 14:00:00	1671898	1564886	3236784
2022-09-13 14:30:00	1790052	1716031	3506083
2022-09-13 15:00:00	1984577	2014127	3998704
2022-09-13 15:15:00	2007409	2027658	4035067
2022-09-12 09:00:00	321318	196311	517629
2022-09-12 09:30:00	538403	359866	898269
2022-09-12 10:00:00	685764	477828	1163592
2022-09-12 10:30:00	807158	569859	1377017
2022-09-12 11:00:00	902565	647486	1550051
2022-09-12 11:30:00	982029	790052	1772081
2022-09-12 12:00:00	1053891	849816	1903707
2022-09-12 12:30:00	1124161	903243	2027404
2022-09-12 13:00:00	1253154	996732	2249886
2022-09-12 13:30:00	1329573	1066597	2396170
2022-09-12 14:00:00	1394543	1125973	2520516
2022-09-12 14:30:00	1481533	1219777	2701310
2022-09-12 15:00:00	1627879	1331359	2959238
2022-09-12 15:15:00	1640965	1343532	2984497
2022-09-09 09:00:00	425388	308489	733877
2022-09-09 09:30:00	705760	527031	1232791
2022-09-09 10:00:00	929897	796345	1726242
2022-09-09 10:30:00	1081188	936617	2017805
2022-09-09 11:00:00	1260260	1059990	2320250
2022-09-09 11:30:00	1390381	1166320	2556701
2022-09-09 12:00:00	1531975	1260648	2792623
2022-09-09 12:30:00	1667645	1362240	3029885
2022-09-09 13:00:00	1792786	1470610	3263396
2022-09-09 13:30:00	1911945	1625481	3537426
2022-09-09 14:00:00	2029471	1739491	3768962
2022-09-09 14:30:00	2193845	1844286	4038131
2022-09-09 15:00:00	2426549	2011735	4438284
2022-09-09 15:15:00	2438179	2026570	4464749
2022-09-08 09:00:00	291098	219596	510694
2022-09-08 09:30:00	480282	420916	901198
2022-09-08 10:00:00	663786	565920	1229706
2022-09-08 10:30:00	813368	725944	1539312
2022-09-08 11:00:00	954563	827786	1782349
2022-09-08 11:30:00	1124420	990689	2115109
2022-09-08 12:00:00	1225672	1082958	2308630
2022-09-08 12:30:00	1330125	1195359	2525484
2022-09-08 13:00:00	1418775	1278131	2696906
2022-09-08 13:30:00	1497665	1342404	2840069
2022-09-08 14:00:00	1603487	1433501	3036988
2022-09-08 14:30:00	1704795	1511408	3216203
2022-09-08 15:00:00	1851681	1638625	3490306
2022-09-08 15:15:00	1861717	1649154	3510871
2022-09-07 09:00:00	272905	200979	473884
2022-09-07 09:30:00	413282	340171	753453
2022-09-07 10:00:00	552576	434708	987284
2022-09-07 10:30:00	661008	532744	1193752
2022-09-07 11:00:00	746477	598500	1344977
2022-09-07 11:30:00	827865	672494	1500359
2022-09-07 12:00:00	922317	743693	1666010
2022-09-07 12:30:00	1008134	812270	1820404
2022-09-07 13:00:00	1102578	918531	2021109
2022-09-07 13:30:00	1204157	1005843	2210000
2022-09-07 14:00:00	1305194	1111430	2416624
2022-09-07 14:30:00	1428361	1211114	2639475
2022-09-07 15:00:00	1565827	1332399	2898226
2022-09-07 15:15:00	1576894	1340025	2916919
2022-09-06 09:00:00	182569	159870	342439
2022-09-06 09:30:00	308336	303788	612124
2022-09-06 10:00:00	418329	388096	806425
2022-09-06 10:30:00	521891	513483	1035374
2022-09-06 11:00:00	633032	603854	1236886
2022-09-06 11:30:00	738703	725453	1464156
2022-09-06 12:00:00	820010	788958	1608968
2022-09-06 12:30:00	924886	871595	1796481
2022-09-06 13:00:00	1029149	966172	1995321
2022-09-06 13:30:00	1117129	1025741	2142870
2022-09-06 14:00:00	1188112	1099283	2287395
2022-09-06 14:30:00	1282710	1191874	2474584
2022-09-06 15:00:00	1408353	1312904	2721257
2022-09-06 15:15:00	1413889	1322050	2735939
2022-09-02 09:00:00	305471	269712	575183
2022-09-02 09:30:00	539960	460347	1000307
2022-09-02 10:00:00	766567	697470	1464037
2022-09-02 10:30:00	889646	813497	1703143
2022-09-02 11:00:00	1016616	911390	1928006
2022-09-02 11:30:00	1162942	1033185	2196127
2022-09-02 12:00:00	1312380	1196556	2508936
2022-09-02 12:30:00	1458969	1337925	2796894
2022-09-02 13:00:00	1607915	1512474	3120389
2022-09-02 13:30:00	1708830	1617252	3326082
2022-09-02 14:00:00	1806429	1728460	3534889
2022-09-02 14:30:00	1918193	1850535	3768728
2022-09-02 15:00:00	2094809	2090889	4185698
2022-09-02 15:15:00	2107835	2104703	4212538
2022-09-01 09:00:00	317294	333753	651047
2022-09-01 09:30:00	572298	593044	1165342
2022-09-01 10:00:00	750281	812761	1563042
2022-09-01 10:30:00	917532	1024601	1942133
2022-09-01 11:00:00	1058275	1181139	2239414
2022-09-01 11:30:00	1221053	1302379	2523432
2022-09-01 12:00:00	1317966	1426000	2743966
2022-09-01 12:30:00	1420007	1589658	3009665
2022-09-01 13:00:00	1525419	1672244	3197663
2022-09-01 13:30:00	1635322	1782128	3417450
2022-09-01 14:00:00	1749576	1915700	3665276
2022-09-01 14:30:00	1894056	2026781	3920837
2022-09-01 15:00:00	2053734	2199327	4253061
2022-09-01 15:15:00	2061021	2213061	4274082
2022-08-31 09:00:00	297163	235389	532552
2022-08-31 09:30:00	446693	379192	825885
2022-08-31 10:00:00	587910	565955	1153865
2022-08-31 10:30:00	709066	673980	1383046
2022-08-31 11:00:00	807271	750642	1557913
2022-08-31 11:30:00	877897	810899	1688796
2022-08-31 12:00:00	943874	862760	1806634
2022-08-31 12:30:00	1018990	920406	1939396
2022-08-31 13:00:00	1084077	1018429	2102506
2022-08-31 13:30:00	1152372	1105668	2258040
2022-08-31 14:00:00	1232514	1202054	2434568
2022-08-31 14:30:00	1338296	1295616	2633912
2022-08-31 15:00:00	1482730	1410341	2893071
2022-08-31 15:15:00	1488801	1424341	2913142
2022-08-30 09:00:00	234431	170733	405164
2022-08-30 09:30:00	414268	354499	768767
2022-08-30 10:00:00	621483	576841	1198324
2022-08-30 10:30:00	744927	719798	1464725
2022-08-30 11:00:00	843065	808885	1651950
2022-08-30 11:30:00	929239	905702	1834941
2022-08-30 12:00:00	1010510	998195	2008705
2022-08-30 12:30:00	1106717	1170147	2276864
2022-08-30 13:00:00	1200296	1344296	2544592
2022-08-30 13:30:00	1278211	1430833	2709044
2022-08-30 14:00:00	1357599	1500219	2857818
2022-08-30 14:30:00	1454292	1591920	3046212
2022-08-30 15:00:00	1573778	1727627	3301405
2022-08-30 15:15:00	1584038	1733554	3317592
2022-08-29 09:00:00	278247	236620	514867
2022-08-29 09:30:00	450916	474217	925133
2022-08-29 10:00:00	596400	630717	1227117
2022-08-29 10:30:00	698165	769862	1468027
2022-08-29 11:00:00	796201	852817	1649018
2022-08-29 11:30:00	908488	923355	1831843
2022-08-29 12:00:00	1021381	989326	2010707
2022-08-29 12:30:00	1097708	1058384	2156092
2022-08-29 13:00:00	1183066	1135473	2318539
2022-08-29 13:30:00	1251619	1191975	2443594
2022-08-29 14:00:00	1318424	1246371	2564795
2022-08-29 14:30:00	1393651	1316342	2709993
2022-08-29 15:00:00	1499622	1412334	2911956
2022-08-29 15:15:00	1503041	1422418	2925459
2022-08-26 09:00:00	382767	203979	586746
2022-08-26 09:30:00	666241	411950	1078191
2022-08-26 10:00:00	909357	635222	1544579
2022-08-26 10:30:00	1123605	818227	1941832
2022-08-26 11:00:00	1285566	931671	2217237
2022-08-26 11:30:00	1423460	1090542	2514002
2022-08-26 12:00:00	1539221	1193700	2732921
2022-08-26 12:30:00	1646409	1291460	2937869
2022-08-26 13:00:00	1760295	1406604	3166899
2022-08-26 13:30:00	1875084	1530036	3405120
2022-08-26 14:00:00	1987687	1686489	3674176
2022-08-26 14:30:00	2137627	1863108	4000735
2022-08-26 15:00:00	2354959	2149965	4504924
2022-08-26 15:15:00	2366849	2193707	4560556
2022-08-25 09:00:00	318624	203782	522406
2022-08-25 09:30:00	566772	365134	931906
2022-08-25 10:00:00	758952	599673	1358625
2022-08-25 10:30:00	903885	724523	1628408
2022-08-25 11:00:00	1014222	797683	1811905
2022-08-25 11:30:00	1120152	887209	2007361
2022-08-25 12:00:00	1202292	950962	2153254
2022-08-25 12:30:00	1289992	1009268	2299260
2022-08-25 13:00:00	1391682	1078792	2470474
2022-08-25 13:30:00	1468405	1156822	2625227
2022-08-25 14:00:00	1560639	1226364	2787003
2022-08-25 14:30:00	1667517	1316511	2984028
2022-08-25 15:00:00	1881024	1457163	3338187
2022-08-25 15:15:00	1888279	1469087	3357366
2022-08-24 09:00:00	238444	150107	388551
2022-08-24 09:30:00	426022	272463	698485
2022-08-24 10:00:00	558357	351025	909382
2022-08-24 10:30:00	686117	437467	1123584
2022-08-24 11:00:00	786943	509282	1296225
2022-08-24 11:30:00	875612	572559	1448171
2022-08-24 12:00:00	968281	653181	1621462
2022-08-24 12:30:00	1041672	707707	1749379
2022-08-24 13:00:00	1109817	763783	1873600
2022-08-24 13:30:00	1170654	816634	1987288
2022-08-24 14:00:00	1243414	868640	2112054
2022-08-24 14:30:00	1329220	945330	2274550
2022-08-24 15:00:00	1506804	1047759	2554563
2022-08-24 15:15:00	1511512	1056056	2567568
2022-08-23 09:00:00	278993	330098	609091
2022-08-23 09:30:00	478926	478774	957700
2022-08-23 10:00:00	616790	592731	1209521
2022-08-23 10:30:00	738942	686386	1425328
2022-08-23 11:00:00	836830	759818	1596648
2022-08-23 11:30:00	911829	839670	1751499
2022-08-23 12:00:00	985074	902747	1887821
2022-08-23 12:30:00	1058866	964078	2022944
2022-08-23 13:00:00	1158396	1056060	2214456
2022-08-23 13:30:00	1238694	1111231	2349925
2022-08-23 14:00:00	1331356	1167441	2498797
2022-08-23 14:30:00	1416115	1225609	2641724
2022-08-23 15:00:00	1538578	1346335	2884913
2022-08-23 15:15:00	1551278	1354297	2905575
2022-08-22 09:00:00	289559	246065	535624
2022-08-22 09:30:00	492075	448149	940224
2022-08-22 10:00:00	638173	583949	1222122
2022-08-22 10:30:00	750674	709550	1460224
2022-08-22 11:00:00	865856	863412	1729268
2022-08-22 11:30:00	951071	933692	1884763
2022-08-22 12:00:00	1024419	997592	2022011
2022-08-22 12:30:00	1108928	1083497	2192425
2022-08-22 13:00:00	1209844	1165883	2375727
2022-08-22 13:30:00	1298695	1254784	2553479
2022-08-22 14:00:00	1393385	1337494	2730879
2022-08-22 14:30:00	1501315	1453728	2955043
2022-08-22 15:00:00	1652919	1595480	3248399
2022-08-22 15:15:00	1659602	1603795	3263397
2022-08-19 09:00:00	380997	366660	747657
2022-08-19 09:30:00	661130	625120	1286250
2022-08-19 10:00:00	855590	776716	1632306
2022-08-19 10:30:00	1042714	947048	1989762
2022-08-19 11:00:00	1188484	1077230	2265714
2022-08-19 11:30:00	1312883	1178569	2491452
2022-08-19 12:00:00	1435098	1283764	2718862
2022-08-19 12:30:00	1558184	1386907	2945091
2022-08-19 13:00:00	1690958	1494610	3185568
2022-08-19 13:30:00	1811987	1602408	3414395
2022-08-19 14:00:00	1939034	1710331	3649365
2022-08-19 14:30:00	2108787	1874712	3983499
2022-08-19 15:00:00	2327563	2095825	4423388
2022-08-19 15:15:00	2336469	2107518	4443987
2022-08-18 09:00:00	275631	179929	455560
2022-08-18 09:30:00	472368	384909	857277
2022-08-18 10:00:00	639644	487602	1127246
2022-08-18 10:30:00	804656	585722	1390378
2022-08-18 11:00:00	934651	681001	1615652
2022-08-18 11:30:00	1029582	774162	1803744
2022-08-18 12:00:00	1122843	840728	1963571
2022-08-18 12:30:00	1227222	902599	2129821
2022-08-18 13:00:00	1304979	968618	2273597
2022-08-18 13:30:00	1414720	1025223	2439943
2022-08-18 14:00:00	1506696	1135328	2642024
2022-08-18 14:30:00	1611155	1214792	2825947
2022-08-18 15:00:00	1764405	1361448	3125853
2022-08-18 15:15:00	1775138	1373628	3148766
2022-08-17 09:00:00	284377	226206	510583
2022-08-17 09:30:00	496957	362823	859780
2022-08-17 10:00:00	663740	467701	1131441
2022-08-17 10:30:00	785212	568113	1353325
2022-08-17 11:00:00	933945	707954	1641899
2022-08-17 11:30:00	1047975	792035	1840010
2022-08-17 12:00:00	1141607	849142	1990749
2022-08-17 12:30:00	1214747	897442	2112189
2022-08-17 13:00:00	1289633	955505	2245138
2022-08-17 13:30:00	1423705	1069650	2493355
2022-08-17 14:00:00	1542098	1159868	2701966
2022-08-17 14:30:00	1639393	1243472	2882865
2022-08-17 15:00:00	1765143	1352790	3117933
2022-08-17 15:15:00	1768539	1356930	3125469
2022-08-16 09:00:00	267483	185804	453287
2022-08-16 09:30:00	449302	338784	788086
2022-08-16 10:00:00	625997	526805	1152802
2022-08-16 10:30:00	791191	632945	1424136
2022-08-16 11:00:00	982299	747590	1729889
2022-08-16 11:30:00	1131842	844587	1976429
2022-08-16 12:00:00	1268395	931865	2200260
2022-08-16 12:30:00	1375878	998246	2374124
2022-08-16 13:00:00	1513535	1077251	2590786
2022-08-16 13:30:00	1669560	1183647	2853207
2022-08-16 14:00:00	1854376	1331589	3185965
2022-08-16 14:30:00	1959218	1417682	3376900
2022-08-16 15:00:00	2088393	1525624	3614017
2022-08-16 15:15:00	2091905	1537645	3629550
2022-08-15 09:00:00	308705	201819	510524
2022-08-15 09:30:00	507756	349560	857316
2022-08-15 10:00:00	642353	455165	1097518
2022-08-15 10:30:00	747901	552510	1300411
2022-08-15 11:00:00	893150	685230	1578380
2022-08-15 11:30:00	1001992	776460	1778452
2022-08-15 12:00:00	1116298	856903	1973201
2022-08-15 12:30:00	1208619	932073	2140692
2022-08-15 13:00:00	1289270	1009722	2298992
2022-08-15 13:30:00	1374656	1063674	2438330
2022-08-15 14:00:00	1473761	1137446	2611207
2022-08-15 14:30:00	1580443	1217368	2797811
2022-08-15 15:00:00	1714866	1340083	3054949
2022-08-15 15:15:00	1720974	1350947	3071921
2022-08-12 09:00:00	323645	223173	546818
2022-08-12 09:30:00	533669	375156	908825
2022-08-12 10:00:00	710918	491513	1202431
2022-08-12 10:30:00	887257	638456	1525713
2022-08-12 11:00:00	1021210	772699	1793909
2022-08-12 11:30:00	1141908	876398	2018306
2022-08-12 12:00:00	1274672	960916	2235588
2022-08-12 12:30:00	1425938	1194509	2620447
2022-08-12 13:00:00	1568486	1291889	2860375
2022-08-12 13:30:00	1719507	1400630	3120137
2022-08-12 14:00:00	1881277	1505918	3387195
2022-08-12 14:30:00	2093611	1635188	3728799
2022-08-12 15:00:00	2355403	1783089	4138492
2022-08-12 15:15:00	2370276	1798320	4168596
2022-08-11 09:00:00	465264	217388	682652
2022-08-11 09:30:00	837435	427747	1265182
2022-08-11 10:00:00	1082748	605674	1688422
2022-08-11 10:30:00	1260366	919763	2180129
2022-08-11 11:00:00	1392234	1037051	2429285
2022-08-11 11:30:00	1492718	1118087	2610805
2022-08-11 12:00:00	1581926	1175970	2757896
2022-08-11 12:30:00	1668444	1229955	2898399
2022-08-11 13:00:00	1772169	1298002	3070171
2022-08-11 13:30:00	1861719	1366319	3228038
2022-08-11 14:00:00	1979002	1475136	3454138
2022-08-11 14:30:00	2080373	1550250	3630623
2022-08-11 15:00:00	2208810	1647721	3856531
2022-08-11 15:15:00	2219286	1666887	3886173
2022-08-10 09:00:00	357225	249338	606563
2022-08-10 09:30:00	555655	454750	1010405
2022-08-10 10:00:00	714235	597391	1311626
2022-08-10 10:30:00	877128	706209	1583337
2022-08-10 11:00:00	1013520	811136	1824656
2022-08-10 11:30:00	1128013	898381	2026394
2022-08-10 12:00:00	1222103	984435	2206538
2022-08-10 12:30:00	1309055	1042258	2351313
2022-08-10 13:00:00	1419408	1127723	2547131
2022-08-10 13:30:00	1504063	1188761	2692824
2022-08-10 14:00:00	1620618	1266786	2887404
2022-08-10 14:30:00	1723662	1347762	3071424
2022-08-10 15:00:00	1892928	1505974	3398902
2022-08-10 15:15:00	1898099	1513383	3411482
2022-08-09 09:00:00	272554	255556	528110
2022-08-09 09:30:00	470906	404831	875737
2022-08-09 10:00:00	607469	499485	1106954
2022-08-09 10:30:00	728661	612193	1340854
2022-08-09 11:00:00	845530	698218	1543748
2022-08-09 11:30:00	945596	786568	1732164
2022-08-09 12:00:00	1044533	863288	1907821
2022-08-09 12:30:00	1136395	927399	2063794
2022-08-09 13:00:00	1229155	1000952	2230107
2022-08-09 13:30:00	1300903	1073003	2373906
2022-08-09 14:00:00	1396294	1144867	2541161
2022-08-09 14:30:00	1472417	1216942	2689359
2022-08-09 15:00:00	1619470	1321670	2941140
2022-08-09 15:15:00	1623979	1327369	2951348
2022-08-08 09:00:00	406111	214388	620499
2022-08-08 09:30:00	665754	482235	1147989
2022-08-08 10:00:00	826277	607535	1433812
2022-08-08 10:30:00	985518	734980	1720498
2022-08-08 11:00:00	1140184	854039	1994223
2022-08-08 11:30:00	1262091	963027	2225118
2022-08-08 12:00:00	1359307	1029128	2388435
2022-08-08 12:30:00	1432307	1088541	2520848
2022-08-08 13:00:00	1504843	1149459	2654302
2022-08-08 13:30:00	1593295	1209104	2802399
2022-08-08 14:00:00	1670860	1283969	2954829
2022-08-08 14:30:00	1754709	1371082	3125791
2022-08-08 15:00:00	1874675	1468419	3343094
2022-08-08 15:15:00	1877686	1473215	3350901
2022-08-05 09:00:00	385939	296916	682855
2022-08-05 09:30:00	682915	514944	1197859
2022-08-05 10:00:00	878926	651939	1530865
2022-08-05 10:30:00	1084935	823823	1908758
2022-08-05 11:00:00	1258976	939033	2198009
2022-08-05 11:30:00	1402125	1045359	2447484
2022-08-05 12:00:00	1530545	1156117	2686662
2022-08-05 12:30:00	1660787	1256123	2916910
2022-08-05 13:00:00	1788244	1338581	3126825
2022-08-05 13:30:00	1910721	1422948	3333669
2022-08-05 14:00:00	2030555	1520775	3551330
2022-08-05 14:30:00	2169347	1629479	3798826
2022-08-05 15:00:00	2387759	1782382	4170141
2022-08-05 15:15:00	2393547	1845208	4238755
2022-08-04 09:00:00	375395	226614	602009
2022-08-04 09:30:00	598923	396002	994925
2022-08-04 10:00:00	800859	549307	1350166
2022-08-04 10:30:00	949595	648271	1597866
2022-08-04 11:00:00	1080715	744883	1825598
2022-08-04 11:30:00	1235656	870749	2106405
2022-08-04 12:00:00	1361968	954305	2316273
2022-08-04 12:30:00	1469781	1047442	2517223
2022-08-04 13:00:00	1566880	1119102	2685982
2022-08-04 13:30:00	1672487	1200314	2872801
2022-08-04 14:00:00	1774586	1271368	3045954
2022-08-04 14:30:00	1908360	1364249	3272609
2022-08-04 15:00:00	2103848	1491216	3595064
2022-08-04 15:15:00	2108037	1499665	3607702
2022-08-03 09:00:00	311883	174229	486112
2022-08-03 09:30:00	531465	315271	846736
2022-08-03 10:00:00	676326	416197	1092523
2022-08-03 10:30:00	811177	535114	1346291
2022-08-03 11:00:00	957281	663735	1621016
2022-08-03 11:30:00	1084927	747393	1832320
2022-08-03 12:00:00	1208625	841427	2050052
2022-08-03 12:30:00	1335526	1012408	2347934
2022-08-03 13:00:00	1448570	1081535	2530105
2022-08-03 13:30:00	1570715	1167332	2738047
2022-08-03 14:00:00	1670386	1261386	2931772
2022-08-03 14:30:00	1768304	1336249	3104553
2022-08-03 15:00:00	1948543	1475609	3424152
2022-08-03 15:15:00	1953588	1490266	3443854
2022-08-02 09:00:00	290066	199584	489650
2022-08-02 09:30:00	482960	353572	836532
2022-08-02 10:00:00	654277	492745	1147022
2022-08-02 10:30:00	776509	589411	1365920
2022-08-02 11:00:00	897634	676461	1574095
2022-08-02 11:30:00	1045289	784961	1830250
2022-08-02 12:00:00	1164159	865630	2029789
2022-08-02 12:30:00	1286594	1076460	2363054
2022-08-02 13:00:00	1399084	1188916	2588000
2022-08-02 13:30:00	1525859	1267170	2793029
2022-08-02 14:00:00	1607871	1353593	2961464
2022-08-02 14:30:00	1706633	1437058	3143691
2022-08-02 15:00:00	1851625	1553931	3405556
2022-08-02 15:15:00	1856469	1561034	3417503
2022-08-01 09:00:00	283278	189292	472570
2022-08-01 09:30:00	504788	440115	944903
2022-08-01 10:00:00	681977	595570	1277547
2022-08-01 10:30:00	814910	689015	1503925
2022-08-01 11:00:00	927657	806885	1734542
2022-08-01 11:30:00	1034783	885613	1920396
2022-08-01 12:00:00	1123487	945753	2069240
2022-08-01 12:30:00	1204239	1030879	2235118
2022-08-01 13:00:00	1313555	1127141	2440696
2022-08-01 13:30:00	1405960	1214482	2620442
2022-08-01 14:00:00	1486938	1272003	2758941
2022-08-01 14:30:00	1583756	1336860	2920616
2022-08-01 15:00:00	1700641	1435212	3135853
2022-08-01 15:15:00	1703813	1456692	3160505
2022-07-29 09:00:00	422574	312906	735480
2022-07-29 09:30:00	706663	602263	1308926
2022-07-29 10:00:00	941525	761339	1702864
2022-07-29 10:30:00	1128733	951173	2079906
2022-07-29 11:00:00	1259488	1064997	2324485
2022-07-29 11:30:00	1375940	1234463	2610403
2022-07-29 12:00:00	1488982	1320269	2809251
2022-07-29 12:30:00	1628589	1396930	3025519
2022-07-29 13:00:00	1748880	1509018	3257898
2022-07-29 13:30:00	1884643	1652643	3537286
2022-07-29 14:00:00	2065742	1872120	3937862
2022-07-29 14:30:00	2251184	2003990	4255174
2022-07-29 15:00:00	2523844	2166030	4689874
2022-07-29 15:15:00	2541384	2178995	4720379
2022-07-28 09:00:00	364490	327304	691794
2022-07-28 09:30:00	571769	502573	1074342
2022-07-28 10:00:00	737662	629743	1367405
2022-07-28 10:30:00	896960	764471	1661431
2022-07-28 11:00:00	1056974	880241	1937215
2022-07-28 11:30:00	1177478	981897	2159375
2022-07-28 12:00:00	1274681	1052899	2327580
2022-07-28 12:30:00	1400719	1131939	2532658
2022-07-28 13:00:00	1530931	1233783	2764714
2022-07-28 13:30:00	1627325	1319581	2946906
2022-07-28 14:00:00	1744921	1413122	3158043
2022-07-28 14:30:00	1909078	1517104	3426182
2022-07-28 15:00:00	2124617	1692444	3817061
2022-07-28 15:15:00	2138704	1702959	3841663
2022-07-27 09:00:00	246711	202721	449432
2022-07-27 09:30:00	407187	318029	725216
2022-07-27 10:00:00	520713	461998	982711
2022-07-27 10:30:00	648958	548149	1197107
2022-07-27 11:00:00	740461	622876	1363337
2022-07-27 11:30:00	822003	695340	1517343
2022-07-27 12:00:00	910617	755414	1666031
2022-07-27 12:30:00	987791	810950	1798741
2022-07-27 13:00:00	1076668	883304	1959972
2022-07-27 13:30:00	1169289	965584	2134873
2022-07-27 14:00:00	1374719	1180244	2554963
2022-07-27 14:30:00	1567409	1348048	2915457
2022-07-27 15:00:00	1766247	1663751	3429998
2022-07-27 15:15:00	1771756	1738890	3510646
2022-07-26 09:00:00	241251	212993	454244
2022-07-26 09:30:00	397326	343269	740595
2022-07-26 10:00:00	507789	433253	941042
2022-07-26 10:30:00	613171	520864	1134035
2022-07-26 11:00:00	759503	621427	1380930
2022-07-26 11:30:00	857401	701625	1559026
2022-07-26 12:00:00	942689	771166	1713855
2022-07-26 12:30:00	1009698	831714	1841412
2022-07-26 13:00:00	1081480	895072	1976552
2022-07-26 13:30:00	1173852	987389	2161241
2022-07-26 14:00:00	1273069	1058943	2332012
2022-07-26 14:30:00	1365087	1142254	2507341
2022-07-26 15:00:00	1517417	1289821	2807238
2022-07-26 15:15:00	1526954	1303529	2830483
2022-07-25 09:00:00	233533	162086	395619
2022-07-25 09:30:00	366718	266988	633706
2022-07-25 10:00:00	464679	352921	817600
2022-07-25 10:30:00	600449	444382	1044831
2022-07-25 11:00:00	694277	511374	1205651
2022-07-25 11:30:00	785591	572925	1358516
2022-07-25 12:00:00	859531	643426	1502957
2022-07-25 12:30:00	924378	686396	1610774
2022-07-25 13:00:00	986316	748211	1734527
2022-07-25 13:30:00	1043783	800107	1843890
2022-07-25 14:00:00	1111697	862610	1974307
2022-07-25 14:30:00	1187674	940344	2128018
2022-07-25 15:00:00	1302779	1040578	2343357
2022-07-25 15:15:00	1307169	1051323	2358492
2022-07-22 09:00:00	339347	287666	627013
2022-07-22 09:30:00	576234	495030	1071264
2022-07-22 10:00:00	723976	609196	1333172
2022-07-22 10:30:00	888941	759499	1648440
2022-07-22 11:00:00	1057254	908586	1965840
2022-07-22 11:30:00	1199656	1145517	2345173
2022-07-22 12:00:00	1307060	1252483	2559543
2022-07-22 12:30:00	1463495	1375514	2839009
2022-07-22 13:00:00	1575425	1484647	3060072
2022-07-22 13:30:00	1678495	1629410	3307905
2022-07-22 14:00:00	1779978	1722020	3501998
2022-07-22 14:30:00	1910593	1822529	3733122
2022-07-22 15:00:00	2136630	2004782	4141412
2022-07-22 15:15:00	2142184	2019917	4162101
2022-07-21 09:00:00	298428	189593	488021
2022-07-21 09:30:00	516265	357584	873849
2022-07-21 10:00:00	649046	507153	1156199
2022-07-21 10:30:00	775465	615471	1390936
2022-07-21 11:00:00	891335	731369	1622704
2022-07-21 11:30:00	1034938	852836	1887774
2022-07-21 12:00:00	1164085	956220	2120305
2022-07-21 12:30:00	1257604	1038762	2296366
2022-07-21 13:00:00	1350122	1117495	2467617
2022-07-21 13:30:00	1450178	1181103	2631281
2022-07-21 14:00:00	1546251	1253089	2799340
2022-07-21 14:30:00	1668061	1338210	3006271
2022-07-21 15:00:00	1873494	1488924	3362418
2022-07-21 15:15:00	1893269	1516185	3409454
2022-07-20 09:00:00	231749	156824	388573
2022-07-20 09:30:00	400876	289894	690770
2022-07-20 10:00:00	626277	423768	1050045
2022-07-20 10:30:00	779539	522560	1302099
2022-07-20 11:00:00	907608	616286	1523894
2022-07-20 11:30:00	1023444	690474	1713918
2022-07-20 12:00:00	1147909	776358	1924267
2022-07-20 12:30:00	1264988	882190	2147178
2022-07-20 13:00:00	1349775	952936	2302711
2022-07-20 13:30:00	1413418	1041219	2454637
2022-07-20 14:00:00	1494685	1094774	2589459
2022-07-20 14:30:00	1600874	1173765	2774639
2022-07-20 15:00:00	1749701	1289646	3039347
2022-07-20 15:15:00	1753569	1298846	3052415
2022-07-19 09:00:00	234794	172836	407630
2022-07-19 09:30:00	390633	294768	685401
2022-07-19 10:00:00	527515	490904	1018419
2022-07-19 10:30:00	705184	593947	1299131
2022-07-19 11:00:00	824948	669404	1494352
2022-07-19 11:30:00	928800	746362	1675162
2022-07-19 12:00:00	1047346	865113	1912459
2022-07-19 12:30:00	1139846	940301	2080147
2022-07-19 13:00:00	1251602	1023317	2274919
2022-07-19 13:30:00	1378461	1190680	2569141
2022-07-19 14:00:00	1470796	1273831	2744627
2022-07-19 14:30:00	1563640	1353478	2917118
2022-07-19 15:00:00	1725334	1472331	3197665
2022-07-19 15:15:00	1727534	1475472	3203006
2022-07-18 09:00:00	356422	184162	540584
2022-07-18 09:30:00	540353	351976	892329
2022-07-18 10:00:00	669389	465736	1135125
2022-07-18 10:30:00	782209	542654	1324863
2022-07-18 11:00:00	898835	618140	1516975
2022-07-18 11:30:00	1000023	711861	1711884
2022-07-18 12:00:00	1078652	790578	1869230
2022-07-18 12:30:00	1154682	849878	2004560
2022-07-18 13:00:00	1272481	967333	2239814
2022-07-18 13:30:00	1362841	1043912	2406753
2022-07-18 14:00:00	1439598	1128504	2568102
2022-07-18 14:30:00	1535424	1200225	2735649
2022-07-18 15:00:00	1672226	1314268	2986494
2022-07-18 15:15:00	1679860	1322931	3002791
2022-07-15 09:00:00	317934	299148	617082
2022-07-15 09:30:00	516791	475523	992314
2022-07-15 10:00:00	662964	632651	1295615
2022-07-15 10:30:00	833586	761864	1595450
2022-07-15 11:00:00	949348	866283	1815631
2022-07-15 11:30:00	1058289	956528	2014817
2022-07-15 12:00:00	1151831	1042053	2193884
2022-07-15 12:30:00	1273347	1131067	2404414
2022-07-15 13:00:00	1378370	1228160	2606530
2022-07-15 13:30:00	1490935	1336625	2827560
2022-07-15 14:00:00	1610107	1439767	3049874
2022-07-15 14:30:00	1733139	1532891	3266030
2022-07-15 15:00:00	1983659	1674689	3658348
2022-07-15 15:15:00	1991660	1695966	3687626
2022-07-14 09:00:00	244413	308625	553038
2022-07-14 09:30:00	436413	493654	930067
2022-07-14 10:00:00	570650	612557	1183207
2022-07-14 10:30:00	709920	720910	1430830
2022-07-14 11:00:00	833787	839217	1673004
2022-07-14 11:30:00	935391	929254	1864645
2022-07-14 12:00:00	1020770	1010878	2031648
2022-07-14 12:30:00	1104573	1082727	2187300
2022-07-14 13:00:00	1198161	1150323	2348484
2022-07-14 13:30:00	1292883	1252442	2545325
2022-07-14 14:00:00	1414316	1354653	2768969
2022-07-14 14:30:00	1515350	1434887	2950237
2022-07-14 15:00:00	1656300	1613885	3270185
2022-07-14 15:15:00	1660999	1622982	3283981
2022-07-13 09:00:00	230973	225392	456365
2022-07-13 09:30:00	388494	357475	745969
2022-07-13 10:00:00	545493	485825	1031318
2022-07-13 10:30:00	661454	563951	1225405
2022-07-13 11:00:00	736813	643159	1379972
2022-07-13 11:30:00	795228	701319	1496547
2022-07-13 12:00:00	854452	750881	1605333
2022-07-13 12:30:00	923294	833943	1757237
2022-07-13 13:00:00	977717	898992	1876709
2022-07-13 13:30:00	1058534	981909	2040443
2022-07-13 14:00:00	1124305	1040273	2164578
2022-07-13 14:30:00	1194229	1098317	2292546
2022-07-13 15:00:00	1295458	1213383	2508841
2022-07-13 15:15:00	1300322	1219754	2520076
2022-07-12 09:00:00	228367	164577	392944
2022-07-12 09:30:00	377422	293315	670737
2022-07-12 10:00:00	489273	385183	874456
2022-07-12 10:30:00	590995	455335	1046330
2022-07-12 11:00:00	685805	502483	1188288
2022-07-12 11:30:00	751883	546992	1298875
2022-07-12 12:00:00	818721	596574	1415295
2022-07-12 12:30:00	890985	651842	1542827
2022-07-12 13:00:00	939890	700537	1640427
2022-07-12 13:30:00	991578	744565	1736143
2022-07-12 14:00:00	1054515	810141	1864656
2022-07-12 14:30:00	1169356	921757	2091113
2022-07-12 15:00:00	1320945	1093388	2414333
2022-07-12 15:15:00	1327273	1107894	2435167
2022-07-11 09:00:00	363513	189173	552686
2022-07-11 09:30:00	521817	282709	804526
2022-07-11 10:00:00	606152	385958	992110
2022-07-11 10:30:00	710020	491833	1201853
2022-07-11 11:00:00	776162	545813	1321975
2022-07-11 11:30:00	829259	585525	1414784
2022-07-11 12:00:00	877570	630679	1508249
2022-07-11 12:30:00	937405	682250	1619655
2022-07-11 13:00:00	995080	724957	1720037
2022-07-11 13:30:00	1055039	773371	1828410
2022-07-11 14:00:00	1106949	825456	1932405
2022-07-11 14:30:00	1192174	932406	2124580
2022-07-11 15:00:00	1336866	1016292	2353158
2022-07-11 15:15:00	1339544	1023941	2363485
2022-07-08 09:00:00	269278	184152	453430
2022-07-08 09:30:00	459568	340306	799874
2022-07-08 10:00:00	705292	521397	1226689
2022-07-08 10:30:00	865720	632122	1497842
2022-07-08 11:00:00	1009476	739469	1748945
2022-07-08 11:30:00	1122103	834829	1956932
2022-07-08 12:00:00	1228265	937136	2165401
2022-07-08 12:30:00	1345091	1040784	2385875
2022-07-08 13:00:00	1442726	1111951	2554677
2022-07-08 13:30:00	1521326	1176917	2698243
2022-07-08 14:00:00	1632601	1262090	2894691
2022-07-08 14:30:00	1743645	1338130	3081775
2022-07-08 15:00:00	1898973	1452777	3351750
2022-07-08 15:15:00	1904304	1461202	3365506
2022-07-07 09:00:00	299673	184113	483786
2022-07-07 09:30:00	480340	311500	791840
2022-07-07 10:00:00	666854	474141	1140995
2022-07-07 10:30:00	792505	593853	1386358
2022-07-07 11:00:00	900301	666950	1567251
2022-07-07 11:30:00	1000303	736639	1736942
2022-07-07 12:00:00	1112550	815639	1928189
2022-07-07 12:30:00	1202069	877332	2079401
2022-07-07 13:00:00	1309559	959442	2269001
2022-07-07 13:30:00	1408242	1056962	2465204
2022-07-07 14:00:00	1497059	1155560	2652619
2022-07-07 14:30:00	1634349	1249437	2883786
2022-07-07 15:00:00	1788218	1356908	3145126
2022-07-07 15:15:00	1794353	1364162	3158515
2022-07-06 09:00:00	215497	148347	363844
2022-07-06 09:30:00	351615	249050	600665
2022-07-06 10:00:00	475277	374739	850016
2022-07-06 10:30:00	582487	445501	1027988
2022-07-06 11:00:00	653517	592742	1246259
2022-07-06 11:30:00	716416	637656	1354072
2022-07-06 12:00:00	770666	679324	1449990
2022-07-06 12:30:00	841628	723283	1564911
2022-07-06 13:00:00	902970	760491	1663461
2022-07-06 13:30:00	999414	832769	1832183
2022-07-06 14:00:00	1105074	908172	2013246
2022-07-06 14:30:00	1205378	985677	2191055
2022-07-06 15:00:00	1333264	1096937	2430201
2022-07-06 15:15:00	1336552	1128689	2465241
2022-07-05 09:00:00	201784	169333	371117
2022-07-05 09:30:00	343571	266914	610485
2022-07-05 10:00:00	538554	456613	995167
2022-07-05 10:30:00	643664	524949	1168613
2022-07-05 11:00:00	848798	589375	1438173
2022-07-05 11:30:00	933146	662062	1595208
2022-07-05 12:00:00	1004841	718807	1723648
2022-07-05 12:30:00	1077372	777839	1855211
2022-07-05 13:00:00	1175172	851148	2026320
2022-07-05 13:30:00	1267984	914916	2182900
2022-07-05 14:00:00	1363606	998909	2362515
2022-07-05 14:30:00	1464457	1096432	2560889
2022-07-05 15:00:00	1597414	1195117	2792531
2022-07-05 15:15:00	1639498	1208974	2848472
2022-07-01 09:00:00	307352	210691	518043
2022-07-01 09:30:00	489388	375296	864684
2022-07-01 10:00:00	687179	556551	1243730
2022-07-01 10:30:00	833163	646817	1479980
2022-07-01 11:00:00	933173	721751	1654924
2022-07-01 11:30:00	1037444	792355	1829799
2022-07-01 12:00:00	1130674	861189	1991863
2022-07-01 12:30:00	1214285	978658	2192943
2022-07-01 13:00:00	1321607	1057364	2378971
2022-07-01 13:30:00	1414872	1141180	2556052
2022-07-01 14:00:00	1533245	1243084	2776329
2022-07-01 14:30:00	1649573	1330722	2980295
2022-07-01 15:00:00	1833425	1480420	3313845
2022-07-01 15:15:00	1840097	1490867	3330964
2022-06-30 09:00:00	219660	213438	433098
2022-06-30 09:30:00	417270	365168	782438
2022-06-30 10:00:00	547869	471543	1019412
2022-06-30 10:30:00	661628	567076	1228704
2022-06-30 11:00:00	751911	639560	1391471
2022-06-30 11:30:00	834821	694973	1529794
2022-06-30 12:00:00	935145	849897	1785042
2022-06-30 12:30:00	1004830	910794	1915624
2022-06-30 13:00:00	1061330	961167	2022497
2022-06-30 13:30:00	1120681	1013936	2134617
2022-06-30 14:00:00	1175995	1074178	2250173
2022-06-30 14:30:00	1277964	1224712	2502676
2022-06-30 15:00:00	1431858	1348731	2780589
2022-06-30 15:15:00	1438639	1355787	2794426
2022-06-29 09:00:00	232307	183508	415815
2022-06-29 09:30:00	385989	311315	697304
2022-06-29 10:00:00	514079	395865	909944
2022-06-29 10:30:00	596079	495073	1091152
2022-06-29 11:00:00	681360	574123	1255483
2022-06-29 11:30:00	750887	644394	1395281
2022-06-29 12:00:00	808123	705103	1513226
2022-06-29 12:30:00	868109	756135	1624244
2022-06-29 13:00:00	926260	804596	1730856
2022-06-29 13:30:00	1003966	880071	1884037
2022-06-29 14:00:00	1057418	932735	1990153
2022-06-29 14:30:00	1126564	1449366	2575930
2022-06-29 15:00:00	1216142	1534419	2750561
2022-06-29 15:15:00	1222758	1542173	2764931
2022-06-28 09:00:00	258348	171459	429807
2022-06-28 09:30:00	528566	328871	857437
2022-06-28 10:00:00	671517	462906	1134423
2022-06-28 10:30:00	783780	566799	1350579
2022-06-28 11:00:00	915394	685480	1600874
2022-06-28 11:30:00	1078948	776027	1854975
2022-06-28 12:00:00	1158371	870353	2028724
2022-06-28 12:30:00	1254499	953716	2208215
2022-06-28 13:00:00	1314856	1013032	2327888
2022-06-28 13:30:00	1409859	1110611	2520470
2022-06-28 14:00:00	1494475	1206597	2701072
2022-06-28 14:30:00	1585398	1284001	2869399
2022-06-28 15:00:00	1701189	1380452	3081641
2022-06-28 15:15:00	1712565	1387903	3100468
2022-06-27 09:00:00	173973	104190	278163
2022-06-27 09:30:00	294470	191599	486069
2022-06-27 10:00:00	469077	254460	723537
2022-06-27 10:30:00	565316	313614	878930
2022-06-27 11:00:00	661380	440849	1102229
2022-06-27 11:30:00	747908	499814	1247722
2022-06-27 12:00:00	810634	544873	1355507
2022-06-27 12:30:00	874457	612232	1486689
2022-06-27 13:00:00	937617	659280	1596897
2022-06-27 13:30:00	998930	706948	1705878
2022-06-27 14:00:00	1086604	765780	1852384
2022-06-27 14:30:00	1213244	874678	2087922
2022-06-27 15:00:00	1328312	973279	2301591
2022-06-27 15:15:00	1331419	978935	2310354
2022-05-31 09:00:00	310340	227924	538264
2022-05-31 09:30:00	488388	360430	848818
2022-05-31 10:00:00	680122	547161	1227283
2022-05-31 10:30:00	800299	630272	1430571
2022-05-31 11:00:00	928891	711820	1640711
2022-05-31 11:30:00	1046271	809373	1855644
2022-05-31 12:00:00	1153422	910556	2063978
2022-05-31 12:30:00	1245412	964035	2209447
2022-05-31 13:00:00	1320361	1030418	2350779
2022-05-31 13:30:00	1404924	1092978	2497902
2022-05-31 14:00:00	1490932	1163093	2654025
2022-05-31 14:30:00	1576601	1239165	2815766
2022-05-31 15:00:00	1690348	1332990	3023338
2022-05-31 15:15:00	1694137	1343308	3037445
2022-05-27 09:00:00	385501	276051	661552
2022-05-27 09:30:00	635026	524796	1159822
2022-05-27 10:00:00	850588	652823	1503411
2022-05-27 10:30:00	999202	780391	1779593
2022-05-27 11:00:00	1138984	896264	2035248
2022-05-27 11:30:00	1268082	979226	2247308
2022-05-27 12:00:00	1376488	1055138	2431626
2022-05-27 12:30:00	1483997	1123260	2607257
2022-05-27 13:00:00	1581888	1213415	2795303
2022-05-27 13:30:00	1710502	1283772	2994274
2022-05-27 14:00:00	1828114	1363349	3191463
2022-05-27 14:30:00	2026020	1479974	3505994
2022-05-27 15:00:00	2301632	1617176	3918808
2022-05-27 15:15:00	2312694	1633523	3946217
2022-05-26 09:00:00	293644	241890	535534
2022-05-26 09:30:00	590283	400879	991162
2022-05-26 10:00:00	777875	532541	1310416
2022-05-26 10:30:00	932666	667010	1599676
2022-05-26 11:00:00	1055951	755833	1811784
2022-05-26 11:30:00	1191678	850156	2041834
2022-05-26 12:00:00	1330969	983140	2314109
2022-05-26 12:30:00	1453773	1078315	2532088
2022-05-26 13:00:00	1558314	1144821	2703135
2022-05-26 13:30:00	1659325	1206300	2865625
2022-05-26 14:00:00	1734923	1353303	3088226
2022-05-26 14:30:00	1867904	1414696	3282600
2022-05-26 15:00:00	2001408	1545489	3546897
2022-05-26 15:15:00	2004528	1558203	3562731
2022-05-25 09:00:00	191306	139588	330894
2022-05-25 09:30:00	328506	235158	563664
2022-05-25 10:00:00	462738	329780	792518
2022-05-25 10:30:00	571188	398576	969764
2022-05-25 11:00:00	667079	478950	1146029
2022-05-25 11:30:00	740701	527183	1267884
2022-05-25 12:00:00	845891	601687	1447578
2022-05-25 12:30:00	934771	645967	1580738
2022-05-25 13:00:00	1010462	695653	1706115
2022-05-25 13:30:00	1105427	767485	1872912
2022-05-25 14:00:00	1216679	835220	2051899
2022-05-25 14:30:00	1349871	932138	2282009
2022-05-25 15:00:00	1478009	1030840	2508849
2022-05-25 15:15:00	1481281	1039415	2520696
2022-05-24 09:00:00	209848	217519	427367
2022-05-24 09:30:00	407105	402042	809147
2022-05-24 10:00:00	547483	523050	1070533
2022-05-24 10:30:00	696935	600590	1297525
2022-05-24 11:00:00	804056	693028	1497084
2022-05-24 11:30:00	901757	790148	1691905
2022-05-24 12:00:00	978926	867703	1846629
2022-05-24 12:30:00	1045630	931137	1976767
2022-05-24 13:00:00	1125754	993265	2119019
2022-05-24 13:30:00	1215788	1070165	2285953
2022-05-24 14:00:00	1306279	1161779	2468058
2022-05-24 14:30:00	1395542	1242595	2638137
2022-05-24 15:00:00	1537796	1386333	2924129
2022-05-24 15:15:00	1543423	1392632	2936055
2022-05-23 09:00:00	254963	174393	429356
2022-05-23 09:30:00	415493	291577	707070
2022-05-23 10:00:00	591943	389212	981155
2022-05-23 10:30:00	723511	477879	1201390
2022-05-23 11:00:00	842155	563075	1405230
2022-05-23 11:30:00	946724	695386	1642110
2022-05-23 12:00:00	1033460	767223	1800683
2022-05-23 12:30:00	1110819	829021	1939840
2022-05-23 13:00:00	1196230	878982	2075212
2022-05-23 13:30:00	1289587	980755	2270342
2022-05-23 14:00:00	1369814	1039469	2409283
2022-05-23 14:30:00	1452736	1100333	2553069
2022-05-23 15:00:00	1558606	1199155	2757761
2022-05-23 15:15:00	1567652	1204299	2771951
2022-05-20 09:00:00	283182	206832	490014
2022-05-20 09:30:00	477485	449411	926896
2022-05-20 10:00:00	643823	618006	1261829
2022-05-20 10:30:00	811045	826376	1637421
2022-05-20 11:00:00	951049	976998	1928047
2022-05-20 11:30:00	1102462	1162725	2265187
2022-05-20 12:00:00	1348252	1357822	2706074
2022-05-20 12:30:00	1485471	1572525	3057996
2022-05-20 13:00:00	1637442	1779641	3417083
2022-05-20 13:30:00	1744162	1916889	3661051
2022-05-20 14:00:00	1858416	2060125	3918541
2022-05-20 14:30:00	2009812	2205621	4215433
2022-05-20 15:00:00	2270068	2425343	4695411
2022-05-20 15:15:00	2281914	2450830	4732744
2022-05-19 09:00:00	267986	331247	599233
2022-05-19 09:30:00	439805	517517	957322
2022-05-19 10:00:00	585935	675134	1261069
2022-05-19 10:30:00	712533	799360	1511893
2022-05-19 11:00:00	877285	937690	1814975
2022-05-19 11:30:00	993639	1036034	2029673
2022-05-19 12:00:00	1103966	1140387	2244353
2022-05-19 12:30:00	1188461	1224770	2413231
2022-05-19 13:00:00	1293131	1322802	2615933
2022-05-19 13:30:00	1374471	1384267	2758738
2022-05-19 14:00:00	1482044	1477064	2959108
2022-05-19 14:30:00	1597911	1608853	3206764
2022-05-19 15:00:00	1735334	1778329	3513663
2022-05-19 15:15:00	1747061	1797547	3544608
2022-05-18 09:00:00	257948	190088	448036
2022-05-18 09:30:00	416632	326615	743247
2022-05-18 10:00:00	543690	451633	995323
2022-05-18 10:30:00	672766	578105	1250871
2022-05-18 11:00:00	785312	688543	1473855
2022-05-18 11:30:00	883478	856576	1740054
2022-05-18 12:00:00	963613	930878	1894491
2022-05-18 12:30:00	1055216	1033582	2088798
2022-05-18 13:00:00	1153714	1145647	2299361
2022-05-18 13:30:00	1238185	1266883	2505068
2022-05-18 14:00:00	1332832	1381346	2714178
2022-05-18 14:30:00	1434134	1551274	2985408
2022-05-18 15:00:00	1573933	1696698	3270631
2022-05-18 15:15:00	1581463	1704624	3286087
2022-05-17 09:00:00	273952	234899	508851
2022-05-17 09:30:00	459511	417142	876653
2022-05-17 10:00:00	603360	531224	1134584
2022-05-17 10:30:00	716859	684056	1400915
2022-05-17 11:00:00	821452	765995	1587447
2022-05-17 11:30:00	914420	861480	1775900
2022-05-17 12:00:00	1028475	938760	1967235
2022-05-17 12:30:00	1133252	1003080	2136332
2022-05-17 13:00:00	1203432	1093994	2297426
2022-05-17 13:30:00	1314897	1202487	2517384
2022-05-17 14:00:00	1424285	1312281	2736566
2022-05-17 14:30:00	1542088	1392763	2934851
2022-05-17 15:00:00	1679008	1531316	3210324
2022-05-17 15:15:00	1682986	1550936	3233922
2022-05-16 09:00:00	259594	153699	413293
2022-05-16 09:30:00	464167	301357	765524
2022-05-16 10:00:00	608042	417584	1025626
2022-05-16 10:30:00	733651	486257	1219908
2022-05-16 11:00:00	828560	581434	1409994
2022-05-16 11:30:00	913496	641763	1555259
2022-05-16 12:00:00	984822	692978	1677800
2022-05-16 12:30:00	1063401	747172	1810573
2022-05-16 13:00:00	1142660	798216	1940876
2022-05-16 13:30:00	1232673	854851	2087524
2022-05-16 14:00:00	1313112	939339	2252451
2022-05-16 14:30:00	1415851	1013991	2429842
2022-05-16 15:00:00	1526373	1108312	2634685
2022-05-16 15:15:00	1532558	1113090	2645648
2022-05-13 09:00:00	402537	261089	663626
2022-05-13 09:30:00	645044	477039	1122083
2022-05-13 10:00:00	844375	624278	1468653
2022-05-13 10:30:00	996270	737449	1733719
2022-05-13 11:00:00	1114775	847217	1961992
2022-05-13 11:30:00	1294643	977557	2272200
2022-05-13 12:00:00	1423512	1077798	2501310
2022-05-13 12:30:00	1523504	1198411	2721915
2022-05-13 13:00:00	1631389	1357712	2989101
2022-05-13 13:30:00	1766243	1527898	3294141
2022-05-13 14:00:00	1879872	1626970	3506842
2022-05-13 14:30:00	2025140	1738397	3763537
2022-05-13 15:00:00	2212707	1922838	4135545
2022-05-13 15:15:00	2221041	1935915	4156956
2022-05-12 09:00:00	328747	361699	690446
2022-05-12 09:30:00	577262	577829	1155091
2022-05-12 12:30:00	1311762	1426728	2738490
2022-05-12 13:00:00	1416865	1581996	2998861
2022-05-12 13:30:00	1520148	1718093	3238241
2022-05-12 14:00:00	1615821	1898460	3514281
2022-05-12 14:30:00	1740567	2011123	3751690
2022-05-12 15:00:00	1923392	2135220	4058612
2022-05-12 15:15:00	1936474	2147613	4084087
2022-05-11 09:00:00	234075	200406	434481
2022-05-11 09:30:00	383568	327224	710792
2022-05-11 10:00:00	515911	452525	968436
2022-05-11 10:30:00	617271	527240	1144511
2022-05-11 11:00:00	708585	623379	1331964
2022-05-11 11:30:00	806600	719792	1526392
2022-05-11 12:00:00	899502	831890	1731392
2022-05-11 12:30:00	1007950	951834	1959784
2022-05-11 13:00:00	1131207	1125165	2256372
2022-05-11 13:30:00	1240958	1237421	2478379
2022-05-11 14:00:00	1331283	1318992	2650275
2022-05-11 14:30:00	1431252	1424642	2855894
2022-05-11 15:00:00	1588281	1589699	3177980
2022-05-11 15:15:00	1593180	1605006	3198186
2022-05-10 09:00:00	268812	215520	484332
2022-05-10 09:30:00	451910	375081	826991
2022-05-10 10:00:00	623605	506924	1130529
2022-05-10 10:30:00	789339	688302	1477641
2022-05-10 11:00:00	910176	806864	1717040
2022-05-10 11:30:00	1013019	952193	1965212
2022-05-10 12:00:00	1117830	1043788	2161618
2022-05-10 12:30:00	1217286	1133771	2351057
2022-05-10 13:00:00	1385014	1233813	2618827
2022-05-10 13:30:00	1491943	1326703	2818646
2022-05-10 14:00:00	1617869	1397815	3015684
2022-05-10 14:30:00	1715791	1471432	3187223
2022-05-10 15:00:00	1849038	1576709	3425747
2022-05-10 15:15:00	1856866	1582831	3439697
2022-05-09 09:00:00	235034	245576	480610
2022-05-09 09:30:00	432547	401836	834383
2022-05-09 10:00:00	584550	590278	1174828
2022-05-09 10:30:00	718617	763645	1482262
2022-05-09 11:00:00	855251	944223	1799474
2022-05-09 11:30:00	965758	1052623	2018381
2022-05-09 12:00:00	1056961	1115631	2172592
2022-05-09 12:30:00	1151453	1186155	2337608
2022-05-09 13:00:00	1236815	1277239	2514054
2022-05-09 13:30:00	1337035	1353436	2690471
2022-05-09 14:00:00	1432961	1434290	2867251
2022-05-09 14:30:00	1531743	1523399	3055142
2022-05-09 15:00:00	1692402	1684135	3376537
2022-05-09 15:15:00	1697134	1768841	3465975
2022-05-06 09:00:00	185977	165966	351943
2022-05-06 09:30:00	363372	318229	681601
2022-05-06 10:00:00	470832	422971	893803
2022-05-06 10:30:00	575431	510472	1085903
2022-05-06 11:00:00	652661	589038	1241699
2022-05-06 11:30:00	720863	648976	1369839
2022-05-06 12:00:00	784906	696373	1481279
2022-05-06 12:30:00	858772	742815	1601587
2022-05-06 13:00:00	929100	797864	1726964
2022-05-06 13:30:00	1000156	860025	1860181
2022-05-06 14:00:00	1110108	969673	2079781
2022-05-06 14:30:00	1206108	1071921	2278029
2022-05-06 15:00:00	1352732	1259245	2611977
2022-05-06 15:15:00	1359365	1270597	2629962
