TIME	CALLS	PUTS	TOTAL	P/C RATIO
2023-12-20 09:00:00	172586	262373	434959	1.52
2023-12-20 09:30:00	360689	497447	858136	1.38
2023-12-20 10:00:00	654903	712067	1366970	1.09
2023-12-20 10:30:00	1244745	950874	2195619	0.76
2023-12-20 11:00:00	1352164	1095486	2447650	0.81
2023-12-20 11:30:00	1460147	1203582	2663729	0.82
2023-12-20 12:00:00	1542721	1320535	2863256	0.86
2023-12-20 12:30:00	1644461	1429337	3073798	0.87
2023-12-20 13:00:00	1801898	1575163	3377061	0.87
2023-12-20 13:30:00	1926127	1735952	3662079	0.9
2023-12-20 14:00:00	2255682	2151944	4407626	0.95
2023-12-20 14:30:00	2512430	2519635	5032065	1.0
2023-12-20 15:00:00	1950231	1779101	3729332	0.91
2023-12-20 15:15:00	2055384	1942359	3997743	0.95
2023-12-19 09:00:00	227191	292937	520128	1.29
2023-12-19 09:30:00	403011	448536	851547	1.11
2023-12-19 10:00:00	550745	614529	1165274	1.12
2023-12-19 10:30:00	720183	778950	1499133	1.08
2023-12-19 11:00:00	875540	938526	1814066	1.07
2023-12-19 11:30:00	976528	1037253	2013781	1.06
2023-12-19 12:00:00	1042044	1110048	2152092	1.07
2023-12-19 12:30:00	1096482	1186527	2283009	1.08
2023-12-19 13:00:00	1176955	1281300	2458255	1.09
2023-12-19 13:30:00	1261874	1368574	2630448	1.08
2023-12-19 14:00:00	1388074	1454326	2842400	1.05
2023-12-19 14:30:00	1537887	1607879	3145766	1.05
2023-12-19 15:00:00	1731000	1790509	3521509	1.03
2023-12-19 15:15:00	1797480	1855394	3652874	1.03
2023-12-18 09:00:00	160406	235807	396213	1.47
2023-12-18 09:30:00	330521	385591	716112	1.17
2023-12-18 10:00:00	430579	524805	955384	1.22
2023-12-18 10:30:00	555009	712860	1267869	1.28
2023-12-18 11:00:00	651397	850575	1501972	1.31
2023-12-18 11:30:00	729646	981535	1711181	1.35
2023-12-18 12:00:00	862334	1105097	1967431	1.28
2023-12-18 12:30:00	537581	752745	1290326	1.4
2023-12-18 13:00:00	586859	803378	1390237	1.37
2023-12-18 13:30:00	678427	918799	1597226	1.35
2023-12-18 14:00:00	727173	984811	1711984	1.35
2023-12-18 14:30:00	788815	1052276	1841091	1.33
2023-12-18 15:00:00	1474412	1915506	3389918	1.3
2023-12-18 15:15:00	931537	1344902	2276439	1.44
2023-12-15 09:00:00	239157	329751	568908	1.38
2023-12-15 09:30:00	431316	506049	937365	1.17
2023-12-15 10:00:00	606627	671361	1277988	1.11
2023-12-15 10:30:00	816698	782532	1599230	0.96
2023-12-15 11:00:00	925485	914117	1839602	0.99
2023-12-15 11:30:00	1026331	1014206	2040537	0.99
2023-12-15 12:00:00	1121632	1161166	2282798	1.04
2023-12-15 12:30:00	1244850	1295832	2540682	1.04
2023-12-15 13:00:00	1477558	1479757	2957315	1.0
2023-12-15 13:30:00	1621937	1620304	3242241	1.0
2023-12-15 14:00:00	1729879	1733141	3463020	1.0
2023-12-15 14:30:00	1895937	1890671	3786608	1.0
2023-12-15 15:00:00	2181018	2145566	4326584	0.98
2023-12-15 15:15:00	2259197	2211908	4471105	0.98
2023-12-14 09:00:00	377032	408572	785604	1.08
2023-12-14 09:30:00	620623	649098	1269721	1.05
2023-12-14 10:00:00	992774	896200	1888974	0.9
2023-12-14 10:30:00	1143569	1073556	2217125	0.94
2023-12-14 11:00:00	1273778	1220010	2493788	0.96
2023-12-14 11:30:00	1415559	1412429	2827988	1.0
2023-12-14 12:00:00	1523273	1568878	3092151	1.03
2023-12-14 12:30:00	1716176	1732475	3448651	1.01
2023-12-14 13:00:00	1947234	2002068	3949302	1.03
2023-12-14 13:30:00	2093334	2186755	4280089	1.04
2023-12-14 14:00:00	2195427	2314863	4510290	1.05
2023-12-14 14:30:00	2392639	2539472	4932111	1.06
2023-12-14 15:00:00	2625787	2839819	5465606	1.08
2023-12-14 15:15:00	2667527	2942266	5609793	1.1
2023-12-13 09:00:00	192252	254164	446416	1.32
2023-12-13 09:30:00	331032	529713	860745	1.6
2023-12-13 10:00:00	484878	641235	1126113	1.32
2023-12-13 10:30:00	576844	742313	1319157	1.29
2023-12-13 11:00:00	685917	832865	1518782	1.21
2023-12-13 11:30:00	842782	924150	1766932	1.1
2023-12-13 12:00:00	968993	989020	1958013	1.02
2023-12-13 12:30:00	1136341	1061427	2197768	0.93
2023-12-13 13:00:00	1205565	1125403	2330968	0.93
2023-12-13 13:30:00	1475412	1371077	2846489	0.93
2023-12-13 14:00:00	1805994	1694836	3500830	0.94
2023-12-13 14:30:00	2239001	2035230	4274231	0.91
2023-12-13 15:00:00	2567252	2381643	4948895	0.93
2023-12-13 15:15:00	2667287	2486210	5153497	0.93
2023-12-12 09:00:00	242671	273911	516582	1.13
2023-12-12 09:30:00	393689	470244	863933	1.19
2023-12-12 10:00:00	538229	658450	1196679	1.22
2023-12-12 10:30:00	684739	821844	1506583	1.2
2023-12-12 11:00:00	785718	942147	1727865	1.2
2023-12-12 11:30:00	870199	1053537	1923736	1.21
2023-12-12 12:00:00	951941	1163458	2115399	1.22
2023-12-12 12:30:00	1062866	1273272	2336138	1.2
2023-12-12 13:00:00	1142967	1402744	2545711	1.23
2023-12-12 13:30:00	765675	997254	1762929	1.3
2023-12-12 14:00:00	882128	1158881	2041009	1.31
2023-12-12 14:30:00	968862	1315536	2284398	1.36
2023-12-12 15:00:00	1107295	1516282	2623577	1.37
2023-12-12 15:15:00	1166130	1591232	2757362	1.36
2023-12-11 09:00:00	197520	216156	413676	1.09
2023-12-11 09:30:00	318245	402553	720798	1.26
2023-12-11 10:00:00	461118	567042	1028160	1.23
2023-12-11 10:30:00	662367	723416	1385783	1.09
2023-12-11 11:00:00	738282	867883	1606165	1.18
2023-12-11 11:30:00	836500	960474	1796974	1.15
2023-12-11 12:00:00	910346	1042397	1952743	1.15
2023-12-11 12:30:00	1012357	1152169	2164526	1.14
2023-12-11 13:00:00	1112884	1239676	2352560	1.11
2023-12-11 13:30:00	1188717	1359944	2548661	1.14
2023-12-11 14:00:00	1297332	1449225	2746557	1.12
2023-12-11 14:30:00	1572147	1688139	3260286	1.07
2023-12-11 15:00:00	1746098	1911748	3657846	1.09
2023-12-11 15:15:00	1800126	1990857	3790983	1.11
2023-12-08 09:00:00	189863	220553	410416	1.16
2023-12-08 09:30:00	418905	428337	847242	1.02
2023-12-08 10:00:00	584551	637203	1221754	1.09
2023-12-08 10:30:00	761892	777000	1538892	1.02
2023-12-08 11:00:00	888361	928320	1816681	1.04
2023-12-08 11:30:00	1063491	1074289	2137780	1.01
2023-12-08 12:00:00	1146029	1162422	2308451	1.01
2023-12-08 12:30:00	1231789	1270890	2502679	1.03
2023-12-08 13:00:00	1290887	1367980	2658867	1.06
2023-12-08 13:30:00	1369402	1470827	2840229	1.07
2023-12-08 14:00:00	1511077	1649169	3160246	1.09
2023-12-08 14:30:00	1627364	1815928	3443292	1.12
2023-12-08 15:00:00	1813875	2091227	3905102	1.15
2023-12-08 15:15:00	1864556	2186053	4050609	1.17
2023-12-07 09:00:00	196510	289807	486317	1.47
2023-12-07 09:30:00	376280	460744	837024	1.22
2023-12-07 10:00:00	484185	602804	1086989	1.24
2023-12-07 10:30:00	640488	772439	1412927	1.21
2023-12-07 11:00:00	713007	924804	1637811	1.3
2023-12-07 11:30:00	823092	1033415	1856507	1.26
2023-12-07 12:00:00	979636	1128135	2107771	1.15
2023-12-07 12:30:00	1072317	1228745	2301062	1.15
2023-12-07 13:00:00	1132483	1311042	2443525	1.16
2023-12-07 13:30:00	1229453	1421695	2651148	1.16
2023-12-07 14:00:00	1318213	1533544	2851757	1.16
2023-12-07 14:30:00	1395274	1631374	3026648	1.17
2023-12-07 15:00:00	1531869	1795454	3327323	1.17
2023-12-07 15:15:00	1574721	1850102	3424823	1.17
2023-12-06 09:00:00	214399	250567	464966	1.17
2023-12-06 09:30:00	406166	459568	865734	1.13
2023-12-06 10:00:00	686493	575005	1261498	0.84
2023-12-06 10:30:00	782719	695438	1478157	0.89
2023-12-06 11:00:00	904073	812525	1716598	0.9
2023-12-06 11:30:00	969684	900751	1870435	0.93
2023-12-06 12:00:00	1054666	1008537	2063203	0.96
2023-12-06 12:30:00	1162874	1102173	2265047	0.95
2023-12-06 13:00:00	1220480	1169879	2390359	0.96
2023-12-06 13:30:00	1306638	1265948	2572586	0.97
2023-12-06 14:00:00	1408806	1355013	2763819	0.96
2023-12-06 14:30:00	1561531	1549647	3111178	0.99
2023-12-06 15:00:00	1743601	1781786	3525387	1.02
2023-12-06 15:15:00	1802229	1846073	3648302	1.02
2023-12-05 09:00:00	168341	173843	342184	1.03
2023-12-05 09:30:00	344129	377953	722082	1.1
2023-12-05 10:00:00	494038	567240	1061278	1.15
2023-12-05 10:30:00	661517	702611	1364128	1.06
2023-12-05 11:00:00	756571	873029	1629600	1.15
2023-12-05 11:30:00	811363	945183	1756546	1.16
2023-12-05 12:00:00	905299	1036747	1942046	1.15
2023-12-05 12:30:00	971367	1107304	2078671	1.14
2023-12-05 13:00:00	1054591	1169830	2224421	1.11
2023-12-05 13:30:00	544507	730918	1275425	1.34
2023-12-05 14:00:00	607112	782616	1389728	1.29
2023-12-05 14:30:00	670515	841048	1511563	1.25
2023-12-05 15:00:00	758462	935979	1694441	1.23
2023-12-05 15:15:00	791487	1003000	1794487	1.27
2023-12-04 09:00:00	205183	255918	461101	1.25
2023-12-04 09:30:00	392408	464032	856440	1.18
2023-12-04 10:00:00	565458	629455	1194913	1.11
2023-12-04 10:30:00	714163	744844	1459007	1.04
2023-12-04 11:00:00	812947	858541	1671488	1.06
2023-12-04 11:30:00	895706	959070	1854776	1.07
2023-12-04 12:00:00	963660	1037656	2001316	1.08
2023-12-04 12:30:00	1020754	1111550	2132304	1.09
2023-12-04 13:00:00	1073408	1198932	2272340	1.12
2023-12-04 13:30:00	1143941	1288974	2432915	1.13
2023-12-04 14:00:00	688388	810225	1498613	1.18
2023-12-04 14:30:00	789078	870367	1659445	1.1
2023-12-04 15:00:00	1604148	1664071	3268219	1.04
2023-12-04 15:15:00	1634190	1710581	3344771	1.05
2023-12-01 09:00:00	165060	177763	342823	1.08
2023-12-01 09:30:00	301479	344299	645778	1.14
2023-12-01 10:00:00	396983	483800	880783	1.22
2023-12-01 10:30:00	550885	647403	1198288	1.18
2023-12-01 11:00:00	747096	833321	1580417	1.12
2023-12-01 11:30:00	907869	991987	1899856	1.09
2023-12-01 12:00:00	1064172	1110282	2174454	1.04
2023-12-01 12:30:00	1290872	1220409	2511281	0.95
2023-12-01 13:00:00	1386837	1308144	2694981	0.94
2023-12-01 13:30:00	1520340	1405581	2925921	0.92
2023-12-01 14:00:00	1611937	1508389	3120326	0.94
2023-12-01 14:30:00	1738684	1663850	3402534	0.96
2023-12-01 15:00:00	1963125	1896632	3859757	0.97
2023-12-01 15:15:00	2028002	1993548	4021550	0.98
2023-11-30 09:00:00	194921	225443	420364	1.16
2023-11-30 09:30:00	408591	370983	779574	0.91
2023-11-30 10:00:00	737136	570725	1307861	0.77
2023-11-30 10:30:00	826002	663342	1489344	0.8
2023-11-30 11:00:00	919875	768672	1688547	0.84
2023-11-30 11:30:00	1005031	867182	1872213	0.86
2023-11-30 12:00:00	1095325	962961	2058286	0.88
2023-11-30 12:30:00	716222	548239	1264461	0.77
2023-11-30 13:00:00	747421	602040	1349461	0.81
2023-11-30 13:30:00	803234	676202	1479436	0.84
2023-11-30 14:00:00	863067	729550	1592617	0.85
2023-11-30 14:30:00	944110	803705	1747815	0.85
2023-11-30 15:00:00	1056058	934950	1991008	0.89
2023-11-30 15:15:00	1140913	1048444	2189357	0.92
2023-11-29 09:00:00	252500	245893	498393	0.97
2023-11-29 09:30:00	450499	492880	943379	1.09
2023-11-29 10:00:00	584160	619829	1203989	1.06
2023-11-29 10:30:00	749891	803088	1552979	1.07
2023-11-29 11:00:00	857671	896721	1754392	1.05
2023-11-29 11:30:00	934615	999556	1934171	1.07
2023-11-29 12:00:00	1029685	1085313	2114998	1.05
2023-11-29 12:30:00	1111495	1204680	2316175	1.08
2023-11-29 13:00:00	1273127	1290185	2563312	1.01
2023-11-29 13:30:00	758078	766555	1524633	1.01
2023-11-29 14:00:00	881427	872759	1754186	0.99
2023-11-29 14:30:00	1098504	972056	2070560	0.88
2023-11-29 15:00:00	1177553	1112087	2289640	0.94
2023-11-29 15:15:00	1243955	1209382	2453337	0.97
2023-11-28 09:00:00	171679	241052	412731	1.4
2023-11-28 09:30:00	309316	412811	722127	1.33
2023-11-28 10:00:00	478524	612146	1090670	1.28
2023-11-28 10:30:00	634978	762557	1397535	1.2
2023-11-28 11:00:00	820627	900402	1721029	1.1
2023-11-28 11:30:00	910879	1056186	1967065	1.16
2023-11-28 12:00:00	1028822	1177654	2206476	1.14
2023-11-28 12:30:00	1192960	1313966	2506926	1.1
2023-11-28 13:00:00	680084	837782	1517866	1.23
2023-11-28 13:30:00	709485	920920	1630405	1.3
2023-11-28 14:00:00	746876	966343	1713219	1.29
2023-11-28 14:30:00	815578	1046023	1861601	1.28
2023-11-28 15:00:00	1005162	1178386	2183548	1.17
2023-11-28 15:15:00	1039090	1234582	2273672	1.19
2023-11-27 09:00:00	170079	203015	373094	1.19
2023-11-27 09:30:00	298696	356550	655246	1.19
2023-11-27 10:00:00	400896	513025	913921	1.28
2023-11-27 10:30:00	497959	637775	1135734	1.28
2023-11-27 11:00:00	324915	491415	816330	1.51
2023-11-27 11:30:00	357037	529793	886830	1.48
2023-11-27 12:00:00	381446	568413	949859	1.49
2023-11-27 12:30:00	429694	647001	1076695	1.51
2023-11-27 13:00:00	906907	1092920	1999827	1.21
2023-11-27 13:30:00	550737	753945	1304682	1.37
2023-11-27 14:00:00	595035	841037	1436072	1.41
2023-11-27 14:30:00	646846	903260	1550106	1.4
2023-11-27 15:00:00	729118	1066154	1795272	1.46
2023-11-27 15:15:00	764643	1125786	1890429	1.47
2023-11-24 09:00:00	123902	177987	301889	1.44
2023-11-24 09:30:00	207777	288148	495925	1.39
2023-11-24 10:00:00	279954	387671	667625	1.38
2023-11-24 10:30:00	341750	484832	826582	1.42
2023-11-24 11:00:00	467848	582380	1050228	1.24
2023-11-24 11:30:00	540144	690618	1230762	1.28
2023-11-24 12:00:00	694269	889299	1583568	1.28
2023-11-24 12:30:00	719003	944573	1663576	1.31
2023-11-24 13:00:00	719003	944573	1663576	1.31
2023-11-24 13:30:00	719003	944573	1663576	1.31
2023-11-24 14:00:00	719003	944573	1663576	1.31
2023-11-24 14:30:00	719003	944573	1663576	1.31
2023-11-24 15:00:00	719003	944573	1663576	1.31
2023-11-24 15:15:00	719003	944573	1663576	1.31
2023-11-22 09:00:00	334930	283058	617988	0.85
2023-11-22 09:30:00	556934	453109	1010043	0.81
2023-11-22 10:00:00	732852	607119	1339971	0.83
2023-11-22 10:30:00	834115	699716	1533831	0.84
2023-11-22 11:00:00	954591	780174	1734765	0.82
2023-11-22 11:30:00	1054548	879962	1934510	0.83
2023-11-22 12:00:00	1135596	998899	2134495	0.88
2023-11-22 12:30:00	1231319	1092317	2323636	0.89
2023-11-22 13:00:00	1296860	1186793	2483653	0.92
2023-11-22 13:30:00	1366295	1279517	2645812	0.94
2023-11-22 14:00:00	1509582	1436526	2946108	0.95
2023-11-22 14:30:00	940831	931020	1871851	0.99
2023-11-22 15:00:00	1046673	1100099	2146772	1.05
2023-11-22 15:15:00	1073691	1155306	2228997	1.08
2023-11-21 09:00:00	153243	183779	337022	1.2
2023-11-21 09:30:00	277477	345246	622723	1.24
2023-11-21 10:00:00	438768	468595	907363	1.07
2023-11-21 10:30:00	496111	571081	1067192	1.15
2023-11-21 11:00:00	553845	673084	1226929	1.22
2023-11-21 11:30:00	685416	751409	1436825	1.1
2023-11-21 12:00:00	782390	855479	1637869	1.09
2023-11-21 12:30:00	850448	931974	1782422	1.1
2023-11-21 13:00:00	541310	657631	1198941	1.21
2023-11-21 13:30:00	601828	718832	1320660	1.19
2023-11-21 14:00:00	632176	762518	1394694	1.21
2023-11-21 14:30:00	790655	810201	1600856	1.02
2023-11-21 15:00:00	878607	939334	1817941	1.07
2023-11-21 15:15:00	936371	988889	1925260	1.06
2023-11-20 09:00:00	202987	244569	447556	1.2
2023-11-20 09:30:00	342920	416299	759219	1.21
2023-11-20 10:00:00	501551	535044	1036595	1.07
2023-11-20 10:30:00	629876	660766	1290642	1.05
2023-11-20 11:00:00	730912	814272	1545184	1.11
2023-11-20 11:30:00	801030	918963	1719993	1.15
2023-11-20 12:00:00	866782	995680	1862462	1.15
2023-11-20 12:30:00	1014977	1154403	2169380	1.14
2023-11-20 13:00:00	1118016	1292576	2410592	1.16
2023-11-20 13:30:00	710531	900330	1610861	1.27
2023-11-20 14:00:00	775689	976597	1752286	1.26
2023-11-20 14:30:00	853792	1070852	1924644	1.25
2023-11-20 15:00:00	957452	1274726	2232178	1.33
2023-11-20 15:15:00	996567	1339135	2335702	1.34
2023-11-17 09:00:00	289941	362696	652637	1.25
2023-11-17 09:30:00	494535	523718	1018253	1.06
2023-11-17 10:00:00	676065	692451	1368516	1.02
2023-11-17 10:30:00	787737	800889	1588626	1.02
2023-11-17 11:00:00	946051	925694	1871745	0.98
2023-11-17 11:30:00	1083581	1041429	2125010	0.96
2023-11-17 12:00:00	1145237	1117993	2263230	0.98
2023-11-17 12:30:00	1224304	1205147	2429451	0.98
2023-11-17 13:00:00	1304402	1286428	2590830	0.99
2023-11-17 13:30:00	1450695	1416963	2867658	0.98
2023-11-17 14:00:00	1651270	1579864	3231134	0.96
2023-11-17 14:30:00	1805071	1774582	3579653	0.98
2023-11-17 15:00:00	1961459	2020027	3981486	1.03
2023-11-17 15:15:00	2013026	2095839	4108865	1.04
2023-11-16 09:00:00	226540	270907	497447	1.2
2023-11-16 09:30:00	355041	447763	802804	1.26
2023-11-16 10:00:00	596707	644096	1240803	1.08
2023-11-16 10:30:00	743053	795430	1538483	1.07
2023-11-16 11:00:00	823508	906060	1729568	1.1
2023-11-16 11:30:00	906245	990575	1896820	1.09
2023-11-16 12:00:00	979125	1088032	2067157	1.11
2023-11-16 12:30:00	1061472	1169249	2230721	1.1
2023-11-16 13:00:00	1135575	1269534	2405109	1.12
2023-11-16 13:30:00	1235259	1377439	2612698	1.12
2023-11-16 14:00:00	1342345	1498931	2841276	1.12
2023-11-16 14:30:00	1431304	1627552	3058856	1.14
2023-11-16 15:00:00	1594463	1887951	3482414	1.18
2023-11-16 15:15:00	1641703	1958098	3599801	1.19
2023-11-14 09:00:00	468613	373718	842331	0.8
2023-11-14 09:30:00	735814	668018	1403832	0.91
2023-11-14 10:00:00	1030822	970200	2001022	0.94
2023-11-14 10:30:00	1234827	1170355	2405182	0.95
2023-11-14 11:00:00	1403013	1378701	2781714	0.98
2023-11-14 11:30:00	1556833	1628672	3185505	1.05
2023-11-14 12:00:00	1699098	1737079	3436177	1.02
2023-11-14 12:30:00	1812818	1837100	3649918	1.01
2023-11-14 13:00:00	1918601	1988665	3907266	1.04
2023-11-14 13:30:00	2040026	2160221	4200247	1.06
2023-11-14 14:00:00	2207483	2336037	4543520	1.06
2023-11-14 14:30:00	2374983	2548119	4923102	1.07
2023-11-14 15:00:00	2572424	2829592	5402016	1.1
2023-11-14 15:15:00	2617810	2909678	5527488	1.11
2023-11-13 09:00:00	183248	204766	388014	1.12
2023-11-13 09:30:00	348560	408097	756657	1.17
2023-11-13 10:00:00	460539	583749	1044288	1.27
2023-11-13 10:30:00	554972	690313	1245285	1.24
2023-11-13 11:00:00	722721	855837	1578558	1.18
2023-11-13 11:30:00	837876	977233	1815109	1.17
2023-11-13 12:00:00	923140	1059125	1982265	1.15
2023-11-13 12:30:00	992777	1136900	2129677	1.15
2023-11-13 13:00:00	1076254	1250785	2327039	1.16
2023-11-13 13:30:00	1162420	1341595	2504015	1.15
2023-11-13 14:00:00	1262448	1456381	2718829	1.15
2023-11-13 14:30:00	1350578	1586073	2936651	1.17
2023-11-13 15:00:00	1512406	1818052	3330458	1.2
2023-11-13 15:15:00	1581464	1927935	3509399	1.22
2023-11-10 09:00:00	186336	238963	425299	1.28
2023-11-10 09:30:00	353200	427342	780542	1.21
2023-11-10 10:00:00	461658	568022	1029680	1.23
2023-11-10 10:30:00	622675	764831	1387506	1.23
2023-11-10 11:00:00	712576	935008	1647584	1.31
2023-11-10 11:30:00	822631	1071144	1893775	1.3
2023-11-10 12:00:00	1009427	1232253	2241680	1.22
2023-11-10 12:30:00	1131205	1372698	2503903	1.21
2023-11-10 13:00:00	1303425	1513432	2816857	1.16
2023-11-10 13:30:00	1471064	1683521	3154585	1.14
2023-11-10 14:00:00	1569775	1808881	3378656	1.15
2023-11-10 14:30:00	1719777	1994245	3714022	1.16
2023-11-10 15:00:00	1942791	2307237	4250028	1.19
2023-11-10 15:15:00	2018769	2425728	4444497	1.2
2023-11-09 09:00:00	167885	285448	453333	1.7
2023-11-09 09:30:00	323732	484187	807919	1.5
2023-11-09 10:00:00	450534	586392	1036926	1.3
2023-11-09 10:30:00	544170	714553	1258723	1.31
2023-11-09 11:00:00	661875	811634	1473509	1.23
2023-11-09 11:30:00	716590	911980	1628570	1.27
2023-11-09 12:00:00	775897	973339	1749236	1.25
2023-11-09 12:30:00	450961	681506	1132467	1.51
2023-11-09 13:00:00	493877	742740	1236617	1.5
2023-11-09 13:30:00	585021	869270	1454291	1.49
2023-11-09 14:00:00	639847	959919	1599766	1.5
2023-11-09 14:30:00	745081	1045789	1790870	1.4
2023-11-09 15:00:00	843555	1201368	2044923	1.42
2023-11-09 15:15:00	890766	1284579	2175345	1.44
2023-11-08 09:00:00	243018	236226	479244	0.97
2023-11-08 09:30:00	411879	421871	833750	1.02
2023-11-08 10:00:00	532106	559438	1091544	1.05
2023-11-08 10:30:00	645591	667167	1312758	1.03
2023-11-08 11:00:00	726711	766110	1492821	1.05
2023-11-08 11:30:00	937490	917279	1854769	0.98
2023-11-08 12:00:00	1023196	986471	2009667	0.96
2023-11-08 12:30:00	1147415	1108443	2255858	0.97
2023-11-08 13:00:00	697181	661843	1359024	0.95
2023-11-08 13:30:00	742126	722600	1464726	0.97
2023-11-08 14:00:00	783976	776026	1560002	0.99
2023-11-08 14:30:00	829016	873790	1702806	1.05
2023-11-08 15:00:00	941279	1081035	2022314	1.15
2023-11-08 15:15:00	977303	1143147	2120450	1.17
2023-11-07 09:00:00	171369	235272	406641	1.37
2023-11-07 09:30:00	345900	419169	765069	1.21
2023-11-07 10:00:00	563545	589353	1152898	1.05
2023-11-07 10:30:00	667165	739254	1406419	1.11
2023-11-07 11:00:00	759272	871736	1631008	1.15
2023-11-07 11:30:00	836111	998014	1834125	1.19
2023-11-07 12:00:00	904924	1104409	2009333	1.22
2023-11-07 12:30:00	1049238	1203223	2252461	1.15
2023-11-07 13:00:00	1164756	1292322	2457078	1.11
2023-11-07 13:30:00	1229193	1370483	2599676	1.11
2023-11-07 14:00:00	758605	968964	1727569	1.28
2023-11-07 14:30:00	829169	1057025	1886194	1.27
2023-11-07 15:00:00	935611	1202299	2137910	1.29
2023-11-07 15:15:00	972354	1254839	2227193	1.29
2023-11-06 09:00:00	246651	351418	598069	1.42
2023-11-06 09:30:00	408373	570609	978982	1.4
2023-11-06 10:00:00	552650	696010	1248660	1.26
2023-11-06 10:30:00	625473	806933	1432406	1.29
2023-11-06 11:00:00	731735	949225	1680960	1.3
2023-11-06 11:30:00	877103	1121850	1998953	1.28
2023-11-06 12:00:00	970112	1213989	2184101	1.25
2023-11-06 12:30:00	1084476	1338679	2423155	1.23
2023-11-06 13:00:00	1151999	1440182	2592181	1.25
2023-11-06 13:30:00	1249781	1546416	2796197	1.24
2023-11-06 14:00:00	835425	1141026	1976451	1.37
2023-11-06 14:30:00	878040	1250792	2128832	1.42
2023-11-06 15:00:00	986658	1443292	2429950	1.46
2023-11-06 15:15:00	1042662	1522992	2565654	1.46
2023-11-03 09:00:00	390804	344530	735334	0.88
2023-11-03 09:30:00	672130	644457	1316587	0.96
2023-11-03 10:00:00	853129	887233	1740362	1.04
2023-11-03 10:30:00	1005951	1051501	2057452	1.05
2023-11-03 11:00:00	1203117	1252192	2455309	1.04
2023-11-03 11:30:00	1336738	1375426	2712164	1.03
2023-11-03 12:00:00	1475356	1536571	3011927	1.04
2023-11-03 12:30:00	1582066	1656686	3238752	1.05
2023-11-03 13:00:00	1684258	1816886	3501144	1.08
2023-11-03 13:30:00	1789881	1922880	3712761	1.07
2023-11-03 14:00:00	1914461	2079921	3994382	1.09
2023-11-03 14:30:00	2077063	2268161	4345224	1.09
2023-11-03 15:00:00	2280874	2521595	4802469	1.11
2023-11-03 15:15:00	2384265	2656190	5040455	1.11
2023-11-02 09:00:00	199658	220737	420395	1.11
2023-11-02 09:30:00	330592	361089	691681	1.09
2023-11-02 10:00:00	453474	503501	956975	1.11
2023-11-02 10:30:00	552766	623350	1176116	1.13
2023-11-02 11:00:00	663754	726270	1390024	1.09
2023-11-02 11:30:00	712884	782989	1495873	1.1
2023-11-02 12:00:00	767652	847933	1615585	1.1
2023-11-02 12:30:00	854755	952464	1807219	1.11
2023-11-02 13:00:00	943852	1052672	1996524	1.12
2023-11-02 13:30:00	1007891	1136007	2143898	1.13
2023-11-02 14:00:00	1074490	1205065	2279555	1.12
2023-11-02 14:30:00	1151319	1306904	2458223	1.14
2023-11-02 15:00:00	1338200	1602935	2941135	1.2
2023-11-02 15:15:00	1388092	1692565	3080657	1.22
2023-11-01 09:00:00	110247	149501	259748	1.36
2023-11-01 09:30:00	272360	292509	564869	1.07
2023-11-01 10:00:00	350182	373884	724066	1.07
2023-11-01 10:30:00	428802	446238	875040	1.04
2023-11-01 11:00:00	467991	487636	955627	1.04
2023-11-01 11:30:00	499620	564852	1064472	1.13
2023-11-01 12:00:00	552253	649661	1201914	1.18
2023-11-01 12:30:00	588242	703181	1291423	1.2
2023-11-01 13:00:00	620365	775396	1395761	1.25
2023-11-01 13:30:00	642722	839374	1482096	1.31
2023-11-01 14:00:00	705767	947442	1653209	1.34
2023-11-01 14:30:00	821156	1107939	1929095	1.35
2023-11-01 15:00:00	1016361	1365531	2381892	1.34
2023-11-01 15:15:00	1067017	1453785	2520802	1.36
2023-10-31 09:00:00	77111	92428	169539	1.2
2023-10-31 09:30:00	256821	165119	421940	0.64
2023-10-31 10:00:00	333326	230527	563853	0.69
2023-10-31 10:30:00	383502	300144	683646	0.78
2023-10-31 11:00:00	437103	339668	776771	0.78
2023-10-31 11:30:00	478281	375602	853883	0.79
2023-10-31 12:00:00	524447	468262	992709	0.89
2023-10-31 12:30:00	655520	532733	1188253	0.81
2023-10-31 13:00:00	710193	614868	1325061	0.87
2023-10-31 13:30:00	791187	743841	1535028	0.94
2023-10-31 14:00:00	848997	813994	1662991	0.96
2023-10-31 14:30:00	925363	936344	1861707	1.01
2023-10-31 15:00:00	1056320	1098685	2155005	1.04
2023-10-31 15:15:00	1124952	1190310	2315262	1.06
2023-10-30 09:00:00	107820	141869	249689	1.32
2023-10-30 09:30:00	209821	236181	446002	1.13
2023-10-30 10:00:00	266337	311288	577625	1.17
2023-10-30 10:30:00	350095	350815	700910	1.0
2023-10-30 11:00:00	398076	403666	801742	1.01
2023-10-30 11:30:00	432384	451111	883495	1.04
2023-10-30 12:00:00	473188	520330	993518	1.1
2023-10-30 12:30:00	523139	596556	1119695	1.14
2023-10-30 13:00:00	583122	702471	1285593	1.2
2023-10-30 13:30:00	631441	802048	1433489	1.27
2023-10-30 14:00:00	712894	910489	1623383	1.28
2023-10-30 14:30:00	1026402	1017943	2044345	0.99
2023-10-30 15:00:00	1134697	1237807	2372504	1.09
2023-10-30 15:15:00	1182199	1336975	2519174	1.13
2023-10-27 09:00:00	188088	243418	431506	1.29
2023-10-27 09:30:00	341530	417127	758657	1.22
2023-10-27 10:00:00	546248	662598	1208846	1.21
2023-10-27 10:30:00	663107	811992	1475099	1.22
2023-10-27 11:00:00	749025	961354	1710379	1.28
2023-10-27 11:30:00	827807	1102104	1929911	1.33
2023-10-27 12:00:00	921415	1250485	2171900	1.36
2023-10-27 12:30:00	1055534	1449096	2504630	1.37
2023-10-27 13:00:00	1159411	1593961	2753372	1.37
2023-10-27 13:30:00	1310590	1795103	3105693	1.37
2023-10-27 14:00:00	1477269	1980773	3458042	1.34
2023-10-27 14:30:00	1651035	2228251	3879286	1.35
2023-10-27 15:00:00	1850908	2550405	4401313	1.38
2023-10-27 15:15:00	2146864	2702194	4849058	1.26
2023-10-26 09:00:00	109873	143805	253678	1.31
2023-10-26 09:30:00	207155	289645	496800	1.4
2023-10-26 10:00:00	302602	418272	720874	1.38
2023-10-26 10:30:00	371547	499306	870853	1.34
2023-10-26 11:00:00	427736	598472	1026208	1.4
2023-10-26 11:30:00	514861	721143	1236004	1.4
2023-10-26 12:00:00	622499	845119	1467618	1.36
2023-10-26 12:30:00	689151	946903	1636054	1.37
2023-10-26 13:00:00	746863	1038851	1785714	1.39
2023-10-26 13:30:00	853000	1159674	2012674	1.36
2023-10-26 14:00:00	912462	1230435	2142897	1.35
2023-10-26 14:30:00	1009833	1338953	2348786	1.33
2023-10-26 15:00:00	1122453	1527381	2649834	1.36
2023-10-26 15:15:00	1185103	1615530	2800633	1.36
2023-10-25 09:00:00	102271	178631	280902	1.75
2023-10-25 09:30:00	161168	228286	389454	1.42
2023-10-25 10:00:00	279368	313742	593110	1.12
2023-10-25 10:30:00	477023	540407	1017430	1.13
2023-10-25 11:00:00	515590	609005	1124595	1.18
2023-10-25 11:30:00	478132	591619	1069751	1.24
2023-10-25 12:00:00	536341	685428	1221769	1.28
2023-10-25 12:30:00	574811	771930	1346741	1.34
2023-10-25 13:00:00	668104	887466	1555570	1.33
2023-10-25 13:30:00	731021	995742	1726763	1.36
2023-10-25 14:00:00	806225	1065103	1871328	1.32
2023-10-25 14:30:00	886756	1153198	2039954	1.3
2023-10-25 15:00:00	995076	1325027	2320103	1.33
2023-10-25 15:15:00	1042903	1399765	2442668	1.34
2023-10-24 09:00:00	86448	130436	216884	1.51
2023-10-24 09:30:00	158141	216718	374859	1.37
2023-10-24 10:00:00	208895	277898	486793	1.33
2023-10-24 10:30:00	285621	343277	628898	1.2
2023-10-24 11:00:00	353258	459833	813091	1.3
2023-10-24 11:30:00	415074	497474	912548	1.2
2023-10-24 12:00:00	456602	564036	1020638	1.24
2023-10-24 12:30:00	500496	603829	1104325	1.21
2023-10-24 13:00:00	534382	649013	1183395	1.21
2023-10-24 13:30:00	573251	730165	1303416	1.27
2023-10-24 14:00:00	646065	799478	1445543	1.24
2023-10-24 14:30:00	729636	912273	1641909	1.25
2023-10-24 15:00:00	816827	1053364	1870191	1.29
2023-10-24 15:15:00	872389	1108828	1981217	1.27
2023-10-23 09:00:00	271991	193594	465585	0.71
2023-10-23 09:30:00	412525	337167	749692	0.82
2023-10-23 10:00:00	476903	457849	934752	0.96
2023-10-23 10:30:00	561045	563527	1124572	1.0
2023-10-23 11:00:00	647018	644851	1291869	1.0
2023-10-23 11:30:00	892007	699885	1591892	0.78
2023-10-23 12:00:00	992501	773422	1765923	0.78
2023-10-23 12:30:00	1052052	834464	1886516	0.79
2023-10-23 13:00:00	1098648	901580	2000228	0.82
2023-10-23 13:30:00	1158298	964500	2122798	0.83
2023-10-23 14:00:00	1202873	1013678	2216551	0.84
2023-10-23 14:30:00	1260639	1108455	2369094	0.88
2023-10-23 15:00:00	1366874	1279883	2646757	0.94
2023-10-23 15:15:00	1416203	1356011	2772214	0.96
2023-10-20 09:00:00	280744	333195	613939	1.19
2023-10-20 09:30:00	518068	578834	1096902	1.12
2023-10-20 10:00:00	760890	805342	1566232	1.06
2023-10-20 10:30:00	896241	984976	1881217	1.1
2023-10-20 11:00:00	1143171	1204103	2347274	1.05
2023-10-20 11:30:00	1267121	1345983	2613104	1.06
2023-10-20 12:00:00	1390198	1533908	2924106	1.1
2023-10-20 12:30:00	1533135	1668958	3202093	1.09
2023-10-20 13:00:00	1623163	1795342	3418505	1.11
2023-10-20 13:30:00	1714581	1936495	3651076	1.13
2023-10-20 14:00:00	1834653	2089317	3923970	1.14
2023-10-20 14:30:00	1961881	2266323	4228204	1.16
2023-10-20 15:00:00	2168797	2538355	4707152	1.17
2023-10-20 15:15:00	2258136	2669884	4928020	1.18
2023-10-19 09:00:00	74070	156822	230892	2.12
2023-10-19 09:30:00	162232	265509	427741	1.64
2023-10-19 10:00:00	246070	353286	599356	1.44
2023-10-19 10:30:00	290925	433846	724771	1.49
2023-10-19 11:00:00	325253	490162	815415	1.51
2023-10-19 11:30:00	383431	609222	992653	1.59
2023-10-19 12:00:00	458610	722388	1180998	1.58
2023-10-19 12:30:00	536704	809965	1346669	1.51
2023-10-19 13:00:00	596824	884177	1481001	1.48
2023-10-19 13:30:00	657817	953349	1611166	1.45
2023-10-19 14:00:00	762121	1083012	1845133	1.42
2023-10-19 14:30:00	891788	1256222	2148010	1.41
2023-10-19 15:00:00	1037023	1458659	2495682	1.41
2023-10-19 15:15:00	1106639	1586426	2693065	1.43
2023-10-18 09:00:00	121743	230180	351923	1.89
2023-10-18 09:30:00	206523	367190	573713	1.78
2023-10-18 10:00:00	375494	528325	903819	1.41
2023-10-18 10:30:00	466461	643753	1110214	1.38
2023-10-18 11:00:00	513377	738430	1251807	1.44
2023-10-18 11:30:00	569060	855128	1424188	1.5
2023-10-18 12:00:00	727031	944777	1671808	1.3
2023-10-18 12:30:00	796499	1013696	1810195	1.27
2023-10-18 13:00:00	842323	1078291	1920614	1.28
2023-10-18 13:30:00	946350	1141178	2087528	1.21
2023-10-18 14:00:00	1016399	1227284	2243683	1.21
2023-10-18 14:30:00	1158434	1389080	2547514	1.2
2023-10-18 15:00:00	1313406	1573785	2887191	1.2
2023-10-18 15:15:00	1369420	1703352	3072772	1.24
2023-10-17 09:00:00	146677	191127	337804	1.3
2023-10-17 09:30:00	331033	310821	641854	0.94
2023-10-17 10:00:00	404986	398581	803567	0.98
2023-10-17 10:30:00	492288	483621	975909	0.98
2023-10-17 11:00:00	562121	548467	1110588	0.98
2023-10-17 11:30:00	666425	626762	1293187	0.94
2023-10-17 12:00:00	723093	702236	1425329	0.97
2023-10-17 12:30:00	755665	756490	1512155	1.0
2023-10-17 13:00:00	823252	913142	1736394	1.11
2023-10-17 13:30:00	900037	969264	1869301	1.08
2023-10-17 14:00:00	1048274	1037032	2085306	0.99
2023-10-17 14:30:00	1166953	1166111	2333064	1.0
2023-10-17 15:00:00	1292038	1346935	2638973	1.04
2023-10-17 15:15:00	1348265	1408781	2757046	1.04
2023-10-16 09:00:00	114444	215053	329497	1.88
2023-10-16 09:30:00	232818	376195	609013	1.62
2023-10-16 10:00:00	440336	520186	960522	1.18
2023-10-16 10:30:00	538731	617157	1155888	1.15
2023-10-16 11:00:00	624420	704933	1329353	1.13
2023-10-16 11:30:00	659583	757156	1416739	1.15
2023-10-16 12:00:00	772510	833113	1605623	1.08
2023-10-16 12:30:00	823270	907854	1731124	1.1
2023-10-16 13:00:00	870540	965090	1835630	1.11
2023-10-16 13:30:00	915590	1038745	1954335	1.13
2023-10-16 14:00:00	1006457	1106488	2112945	1.1
2023-10-16 14:30:00	1084396	1209938	2294334	1.12
2023-10-16 15:00:00	1209879	1415292	2625171	1.17
2023-10-16 15:15:00	1255832	1507859	2763691	1.2
2023-10-13 09:00:00	205165	258752	463917	1.26
2023-10-13 09:30:00	420063	450172	870235	1.07
2023-10-13 10:00:00	680779	646634	1327413	0.95
2023-10-13 10:30:00	864655	931074	1795729	1.08
2023-10-13 11:00:00	1077722	1174790	2252512	1.09
2023-10-13 11:30:00	1177645	1327747	2505392	1.13
2023-10-13 12:00:00	1364789	1520881	2885670	1.11
2023-10-13 12:30:00	1555079	1768782	3323861	1.14
2023-10-13 13:00:00	1928003	2210266	4138269	1.15
2023-10-13 13:30:00	2115521	2362820	4478341	1.12
2023-10-13 14:00:00	2466396	2706030	5172426	1.1
2023-10-13 14:30:00	2472530	2746522	5219052	1.11
2023-10-13 15:00:00	2686370	3045862	5732232	1.13
2023-10-13 15:15:00	2757170	3170606	5927776	1.15
2023-10-12 09:00:00	112104	177063	289167	1.58
2023-10-12 09:30:00	212502	270060	482562	1.27
2023-10-12 10:00:00	313036	348839	661875	1.11
2023-10-12 10:30:00	412174	437888	850062	1.06
2023-10-12 11:00:00	518694	489159	1007853	0.94
2023-10-12 11:30:00	646758	690772	1337530	1.07
2023-10-12 12:00:00	730079	821731	1551810	1.13
2023-10-12 12:30:00	833521	949043	1782564	1.14
2023-10-12 13:00:00	930089	1101284	2031373	1.18
2023-10-12 13:30:00	1102673	1259933	2362606	1.14
2023-10-12 14:00:00	1184340	1327945	2512285	1.12
2023-10-12 14:30:00	1256534	1404009	2660543	1.12
2023-10-12 15:00:00	1340981	1547740	2888721	1.15
2023-10-12 15:15:00	1373724	1621724	2995448	1.18
2023-10-11 09:00:00	81172	143766	224938	1.77
2023-10-11 09:30:00	153423	232269	385692	1.51
2023-10-11 10:00:00	268538	324052	592590	1.21
2023-10-11 10:30:00	321543	403153	724696	1.25
2023-10-11 11:00:00	378133	486243	864376	1.29
2023-10-11 11:30:00	447472	570324	1017796	1.27
2023-10-11 12:00:00	485770	651339	1137109	1.34
2023-10-11 12:30:00	516655	718272	1234927	1.39
2023-10-11 13:00:00	555655	771407	1327062	1.39
2023-10-11 13:30:00	614169	824382	1438551	1.34
2023-10-11 14:00:00	658463	900312	1558775	1.37
2023-10-11 14:30:00	733751	992595	1726346	1.35
2023-10-11 15:00:00	843432	1168285	2011717	1.39
2023-10-11 15:15:00	906992	1268048	2175040	1.4
2023-10-10 09:00:00	134328	144095	278423	1.07
2023-10-10 09:30:00	349657	344597	694254	0.99
2023-10-10 10:00:00	463122	478137	941259	1.03
2023-10-10 10:30:00	582871	635275	1218146	1.09
2023-10-10 11:00:00	694694	724171	1418865	1.04
2023-10-10 11:30:00	782400	795925	1578325	1.02
2023-10-10 12:00:00	891277	858677	1749954	0.96
2023-10-10 12:30:00	955885	942446	1898331	0.99
2023-10-10 13:00:00	1005617	1009977	2015594	1.0
2023-10-10 13:30:00	1063193	1066888	2130081	1.0
2023-10-10 14:00:00	1117541	1163632	2281173	1.04
2023-10-10 14:30:00	1175984	1242497	2418481	1.06
2023-10-10 15:00:00	1262793	1409576	2672369	1.12
2023-10-10 15:15:00	1343233	1472302	2815535	1.1
2023-10-09 09:00:00	107092	157840	264932	1.47
2023-10-09 09:30:00	162754	237924	400678	1.46
2023-10-09 10:00:00	233925	305109	539034	1.3
2023-10-09 10:30:00	292441	448490	740931	1.53
2023-10-09 11:00:00	356434	521404	877838	1.46
2023-10-09 11:30:00	489222	596428	1085650	1.22
2023-10-09 12:00:00	511337	664143	1175480	1.3
2023-10-09 12:30:00	545746	778724	1324470	1.43
2023-10-09 13:00:00	647738	883005	1530743	1.36
2023-10-09 13:30:00	730410	990607	1721017	1.36
2023-10-09 14:00:00	789468	1094066	1883534	1.39
2023-10-09 14:30:00	871585	1178707	2050292	1.35
2023-10-09 15:00:00	958896	1369113	2328009	1.43
2023-10-09 15:15:00	1000341	1448337	2448678	1.45
2023-10-06 09:00:00	239672	292499	532171	1.22
2023-10-06 09:30:00	426851	522208	949059	1.22
2023-10-06 10:00:00	606867	733043	1339910	1.21
2023-10-06 10:30:00	773163	914619	1687782	1.18
2023-10-06 11:00:00	1024762	1182942	2207704	1.15
2023-10-06 11:30:00	1216576	1401231	2617807	1.15
2023-10-06 12:00:00	1341727	1530878	2872605	1.14
2023-10-06 12:30:00	1456205	1653180	3109385	1.14
2023-10-06 13:00:00	1562981	1790108	3353089	1.15
2023-10-06 13:30:00	1689997	1911427	3601424	1.13
2023-10-06 14:00:00	1851133	2089330	3940463	1.13
2023-10-06 14:30:00	2062283	2271852	4334135	1.1
2023-10-06 15:00:00	2269341	2539042	4808383	1.12
2023-10-06 15:15:00	2334459	2630209	4964668	1.13
2023-10-05 09:00:00	177932	330994	508926	1.86
2023-10-05 09:30:00	235396	427282	662678	1.82
2023-10-05 10:00:00	294707	531281	825988	1.8
2023-10-05 10:30:00	364636	709274	1073910	1.95
2023-10-05 11:00:00	394300	793180	1187480	2.01
2023-10-05 11:30:00	447433	907810	1355243	2.03
2023-10-05 12:00:00	472408	951373	1423781	2.01
2023-10-05 12:30:00	502256	1006349	1508605	2.0
2023-10-05 13:00:00	588151	1062731	1650882	1.81
2023-10-05 13:30:00	627146	1114048	1741194	1.78
2023-10-05 14:00:00	680383	1196110	1876493	1.76
2023-10-05 14:30:00	727368	1277488	2004856	1.76
2023-10-05 15:00:00	796183	1456675	2252858	1.83
2023-10-05 15:15:00	851172	1535553	2386725	1.8
2023-10-04 09:00:00	103219	175393	278612	1.7
2023-10-04 09:30:00	206933	301146	508079	1.46
2023-10-04 10:00:00	288585	508235	796820	1.76
2023-10-04 10:30:00	358106	570151	928257	1.59
2023-10-04 11:00:00	411487	690678	1102165	1.68
2023-10-04 11:30:00	448624	817382	1266006	1.82
2023-10-04 12:00:00	489115	867993	1357108	1.77
2023-10-04 12:30:00	551282	949946	1501228	1.72
2023-10-04 13:00:00	600990	1010910	1611900	1.68
2023-10-04 13:30:00	628423	1068666	1697089	1.7
2023-10-04 14:00:00	692079	1159395	1851474	1.68
2023-10-04 14:30:00	784089	1288378	2072467	1.64
2023-10-04 15:00:00	920162	1486881	2407043	1.62
2023-10-04 15:15:00	979422	1595228	2574650	1.63
2023-10-03 09:00:00	144293	126533	270826	0.88
2023-10-03 09:30:00	270362	280660	551022	1.04
2023-10-03 10:00:00	415206	423236	838442	1.02
2023-10-03 10:30:00	522036	585696	1107732	1.12
2023-10-03 11:00:00	616381	791699	1408080	1.28
2023-10-03 11:30:00	701522	897476	1598998	1.28
2023-10-03 12:00:00	744215	969620	1713835	1.3
2023-10-03 12:30:00	835539	1057234	1892773	1.27
2023-10-03 13:00:00	885727	1145429	2031156	1.29
2023-10-03 13:30:00	1044741	1333208	2377949	1.28
2023-10-03 14:00:00	1138668	1450568	2589236	1.27
2023-10-03 14:30:00	1238009	1563334	2801343	1.26
2023-10-03 15:00:00	1462698	1861779	3324477	1.27
2023-10-03 15:15:00	1505091	1922555	3427646	1.28
2023-10-02 09:00:00	100152	156440	256592	1.56
2023-10-02 09:30:00	201830	301272	503102	1.49
2023-10-02 10:00:00	236401	357900	594301	1.51
2023-10-02 10:30:00	294409	415338	709747	1.41
2023-10-02 11:00:00	339608	489833	829441	1.44
2023-10-02 11:30:00	380921	570622	951543	1.5
2023-10-02 12:00:00	425033	634229	1059262	1.49
2023-10-02 12:30:00	463578	700229	1163807	1.51
2023-10-02 13:00:00	516469	764353	1280822	1.48
2023-10-02 13:30:00	595715	822275	1417990	1.38
2023-10-02 14:00:00	653549	905597	1559146	1.39
2023-10-02 14:30:00	714728	999775	1714503	1.4
2023-10-02 15:00:00	816225	1167982	1984207	1.43
2023-10-02 15:15:00	878873	1238207	2117080	1.41
2023-09-29 09:00:00	226776	304248	531024	1.34
2023-09-29 09:30:00	385406	504050	889456	1.31
2023-09-29 10:00:00	503598	686092	1189690	1.36
2023-09-29 10:30:00	672677	814911	1487588	1.21
2023-09-29 11:00:00	808708	987595	1796303	1.22
2023-09-29 11:30:00	917931	1095079	2013010	1.19
2023-09-29 12:00:00	1006210	1215194	2221404	1.21
2023-09-29 12:30:00	1154027	1391061	2545088	1.21
2023-09-29 13:00:00	1244418	1504082	2748500	1.21
2023-09-29 13:30:00	1354736	1663800	3018536	1.23
2023-09-29 14:00:00	1574021	1884948	3458969	1.2
2023-09-29 14:30:00	1708178	2173403	3881581	1.27
2023-09-29 15:00:00	2027712	2536679	4564391	1.25
2023-09-29 15:15:00	2208765	2795613	5004378	1.27
2023-09-28 09:00:00	88614	139048	227662	1.57
2023-09-28 09:30:00	221726	216168	437894	0.97
2023-09-28 10:00:00	461568	326224	787792	0.71
2023-09-28 10:30:00	549354	400454	949808	0.73
2023-09-28 11:00:00	645002	497463	1142465	0.77
2023-09-28 11:30:00	732005	567649	1299654	0.78
2023-09-28 12:00:00	792729	640234	1432963	0.81
2023-09-28 12:30:00	839175	671374	1510549	0.8
2023-09-28 13:00:00	878256	726041	1604297	0.83
2023-09-28 13:30:00	902876	776593	1679469	0.86
2023-09-28 14:00:00	992920	839033	1831953	0.85
2023-09-28 14:30:00	1064553	947711	2012264	0.89
2023-09-28 15:00:00	1172384	1144581	2316965	0.98
2023-09-28 15:15:00	1211571	1217161	2428732	1.0
2023-09-27 09:00:00	127352	271164	398516	2.13
2023-09-27 09:30:00	214955	390786	605741	1.82
2023-09-27 10:00:00	291051	484343	775394	1.66
2023-09-27 10:30:00	336688	564769	901457	1.68
2023-09-27 11:00:00	541559	619015	1160574	1.14
2023-09-27 11:30:00	593887	792676	1386563	1.33
2023-09-27 12:00:00	643358	858867	1502225	1.33
2023-09-27 12:30:00	706933	942928	1649861	1.33
2023-09-27 13:00:00	803457	1057468	1860925	1.32
2023-09-27 13:30:00	1088137	1325159	2413296	1.22
2023-09-27 14:00:00	1171377	1451442	2622819	1.24
2023-09-27 14:30:00	1255778	1581157	2836935	1.26
2023-09-27 15:00:00	1267995	1625364	2893359	1.28
2023-09-27 15:15:00	1303676	1723646	3027322	1.32
2023-09-26 09:00:00	102595	152067	254662	1.48
2023-09-26 09:30:00	233316	299482	532798	1.28
2023-09-26 10:00:00	310197	424313	734510	1.37
2023-09-26 10:30:00	373005	508099	881104	1.36
2023-09-26 11:00:00	488529	596569	1085098	1.22
2023-09-26 11:30:00	545153	708473	1253626	1.3
2023-09-26 12:00:00	592810	773315	1366125	1.3
2023-09-26 12:30:00	652859	829600	1482459	1.27
2023-09-26 13:00:00	766604	922082	1688686	1.2
2023-09-26 13:30:00	845842	1094757	1940599	1.29
2023-09-26 14:00:00	935560	1188445	2124005	1.27
2023-09-26 14:30:00	1094223	1341713	2435936	1.23
2023-09-26 15:00:00	1298261	1604098	2902359	1.24
2023-09-26 15:15:00	1358954	1740761	3099715	1.28
2023-09-25 09:00:00	115660	187170	302830	1.62
2023-09-25 09:30:00	189324	314216	503540	1.66
2023-09-25 10:00:00	317978	383974	701952	1.21
2023-09-25 10:30:00	389737	478247	867984	1.23
2023-09-25 11:00:00	466242	547959	1014201	1.18
2023-09-25 11:30:00	555452	584690	1140142	1.05
2023-09-25 12:00:00	584051	649172	1233223	1.11
2023-09-25 12:30:00	609882	717837	1327719	1.18
2023-09-25 13:00:00	629149	748802	1377951	1.19
2023-09-25 13:30:00	755497	788022	1543519	1.04
2023-09-25 14:00:00	786312	827893	1614205	1.05
2023-09-25 14:30:00	871152	909621	1780773	1.04
2023-09-25 15:00:00	946650	1078926	2025576	1.14
2023-09-25 15:15:00	985277	1151171	2136448	1.17
2023-09-22 09:00:00	228398	287569	515967	1.26
2023-09-22 09:30:00	421229	502027	923256	1.19
2023-09-22 10:00:00	544806	670142	1214948	1.23
2023-09-22 10:30:00	747660	804145	1551805	1.08
2023-09-22 11:00:00	885502	985167	1870669	1.11
2023-09-22 11:30:00	951610	1062740	2014350	1.12
2023-09-22 12:00:00	1017733	1150955	2168688	1.13
2023-09-22 12:30:00	1087025	1255730	2342755	1.16
2023-09-22 13:00:00	1207384	1402040	2609424	1.16
2023-09-22 13:30:00	1312344	1558608	2870952	1.19
2023-09-22 14:00:00	1428019	1717015	3145034	1.2
2023-09-22 14:30:00	1601247	1924431	3525678	1.2
2023-09-22 15:00:00	1813007	2291395	4104402	1.26
2023-09-22 15:15:00	1880214	2401775	4281989	1.28
2023-09-21 09:00:00	204845	188729	393574	0.92
2023-09-21 09:30:00	392950	377281	770231	0.96
2023-09-21 10:00:00	558814	528637	1087451	0.95
2023-09-21 10:30:00	670038	677495	1347533	1.01
2023-09-21 11:00:00	757932	755350	1513282	1.0
2023-09-21 11:30:00	811072	808205	1619277	1.0
2023-09-21 12:00:00	908132	931008	1839140	1.03
2023-09-21 12:30:00	948160	983754	1931914	1.04
2023-09-21 13:00:00	988771	1054351	2043122	1.07
2023-09-21 13:30:00	1038522	1152953	2191475	1.11
2023-09-21 14:00:00	1095044	1260021	2355065	1.15
2023-09-21 14:30:00	1208137	1462530	2670667	1.21
2023-09-21 15:00:00	1345455	1721188	3066643	1.28
2023-09-21 15:15:00	1418880	1904549	3323429	1.34
2023-09-20 09:00:00	82344	199533	281877	2.42
2023-09-20 09:30:00	194524	275698	470222	1.42
2023-09-20 10:00:00	266795	344633	611428	1.29
2023-09-20 10:30:00	342156	398411	740567	1.16
2023-09-20 11:00:00	432385	437467	869852	1.01
2023-09-20 11:30:00	477596	475060	952656	0.99
2023-09-20 12:00:00	536470	519174	1055644	0.97
2023-09-20 12:30:00	627941	588497	1216438	0.94
2023-09-20 13:00:00	658831	627729	1286560	0.95
2023-09-20 13:30:00	691913	684979	1376892	0.99
2023-09-20 14:00:00	737691	750763	1488454	1.02
2023-09-20 14:30:00	854844	845756	1700600	0.99
2023-09-20 15:00:00	986442	1073327	2059769	1.09
2023-09-20 15:15:00	1049735	1172567	2222302	1.12
2023-09-19 09:00:00	162345	141538	303883	0.87
2023-09-19 09:30:00	341644	279946	621590	0.82
2023-09-19 10:00:00	424496	389696	814192	0.92
2023-09-19 10:30:00	492632	454293	946925	0.92
2023-09-19 11:00:00	560809	508949	1069758	0.91
2023-09-19 11:30:00	601349	567173	1168522	0.94
2023-09-19 12:00:00	723458	627701	1351159	0.87
2023-09-19 12:30:00	826137	702491	1528628	0.85
2023-09-19 13:00:00	889136	755687	1644823	0.85
2023-09-19 13:30:00	943473	804314	1747787	0.85
2023-09-19 14:00:00	1021452	924023	1945475	0.9
2023-09-19 14:30:00	1223057	1096873	2319930	0.9
2023-09-19 15:00:00	1360442	1234455	2594897	0.91
2023-09-19 15:15:00	1469821	1333216	2803037	0.91
2023-09-18 09:00:00	95267	150232	245499	1.58
2023-09-18 09:30:00	191493	218554	410047	1.14
2023-09-18 10:00:00	251248	279306	530554	1.11
2023-09-18 10:30:00	298323	319234	617557	1.07
2023-09-18 11:00:00	410604	401603	812207	0.98
2023-09-18 11:30:00	464867	472701	937568	1.02
2023-09-18 12:00:00	503490	519597	1023087	1.03
2023-09-18 12:30:00	536211	567072	1103283	1.06
2023-09-18 13:00:00	566518	596084	1162602	1.05
2023-09-18 13:30:00	592606	655772	1248378	1.11
2023-09-18 14:00:00	648709	714954	1363663	1.1
2023-09-18 14:30:00	688755	777992	1466747	1.13
2023-09-18 15:00:00	802404	952907	1755311	1.19
2023-09-18 15:15:00	837546	1005403	1842949	1.2
2023-09-15 09:00:00	237819	296021	533840	1.24
2023-09-15 09:30:00	456350	507908	964258	1.11
2023-09-15 10:00:00	698454	739705	1438159	1.06
2023-09-15 10:30:00	904434	933621	1838055	1.03
2023-09-15 11:00:00	1032056	1064282	2096338	1.03
2023-09-15 11:30:00	1115913	1134434	2250347	1.02
2023-09-15 12:00:00	1190545	1217312	2407857	1.02
2023-09-15 12:30:00	1406455	1427409	2833864	1.01
2023-09-15 13:00:00	1560308	1570299	3130607	1.01
2023-09-15 13:30:00	1642420	1704458	3346878	1.04
2023-09-15 14:00:00	1772718	1870467	3643185	1.06
2023-09-15 14:30:00	1873566	1999140	3872706	1.07
2023-09-15 15:00:00	2060197	2294624	4354821	1.11
2023-09-15 15:15:00	2376899	2461352	4838251	1.04
2023-09-14 09:00:00	120883	155106	275989	1.28
2023-09-14 09:30:00	182007	245354	427361	1.35
2023-09-14 10:00:00	269060	348288	617348	1.29
2023-09-14 10:30:00	395960	458510	854470	1.16
2023-09-14 11:00:00	443809	526737	970546	1.19
2023-09-14 11:30:00	507546	633169	1140715	1.25
2023-09-14 12:00:00	573264	698526	1271790	1.22
2023-09-14 12:30:00	603282	751731	1355013	1.25
2023-09-14 13:00:00	659458	821568	1481026	1.25
2023-09-14 13:30:00	740119	867371	1607490	1.17
2023-09-14 14:00:00	824062	927703	1751765	1.13
2023-09-14 14:30:00	899473	1037063	1936536	1.15
2023-09-14 15:00:00	1057669	1203029	2260698	1.14
2023-09-14 15:15:00	1104179	1287213	2391392	1.17
2023-09-13 09:00:00	113815	141966	255781	1.25
2023-09-13 09:30:00	376474	257574	634048	0.68
2023-09-13 10:00:00	432787	355171	787958	0.82
2023-09-13 10:30:00	505739	507896	1013635	1.0
2023-09-13 11:00:00	602767	692925	1295692	1.15
2023-09-13 11:30:00	665507	809153	1474660	1.22
2023-09-13 12:00:00	727774	891436	1619210	1.22
2023-09-13 12:30:00	765754	936441	1702195	1.22
2023-09-13 13:00:00	854893	1008677	1863570	1.18
2023-09-13 13:30:00	888515	1049999	1938514	1.18
2023-09-13 14:00:00	929274	1138800	2068074	1.23
2023-09-13 14:30:00	1009884	1259397	2269281	1.25
2023-09-13 15:00:00	1135637	1410092	2545729	1.24
2023-09-13 15:15:00	1177003	1475631	2652634	1.25
2023-09-12 09:00:00	85304	104747	190051	1.23
2023-09-12 09:30:00	145966	179710	325676	1.23
2023-09-12 10:00:00	201435	226856	428291	1.13
2023-09-12 10:30:00	245942	289625	535567	1.18
2023-09-12 11:00:00	285723	340742	626465	1.19
2023-09-12 11:30:00	320042	384030	704072	1.2
2023-09-12 12:00:00	361756	408216	769972	1.13
2023-09-12 12:30:00	407422	459452	866874	1.13
2023-09-12 13:00:00	471212	508878	980090	1.08
2023-09-12 13:30:00	535137	597743	1132880	1.12
2023-09-12 14:00:00	591380	645627	1237007	1.09
2023-09-12 14:30:00	670556	719286	1389842	1.07
2023-09-12 15:00:00	764144	840708	1604852	1.1
2023-09-12 15:15:00	810997	903857	1714854	1.11
2023-09-11 09:00:00	186061	225720	411781	1.21
2023-09-11 09:30:00	313143	353798	666941	1.13
2023-09-11 10:00:00	401824	468437	870261	1.17
2023-09-11 10:30:00	518432	616437	1134869	1.19
2023-09-11 11:00:00	579321	699949	1279270	1.21
2023-09-11 11:30:00	672515	813262	1485777	1.21
2023-09-11 12:00:00	740701	874870	1615571	1.18
2023-09-11 12:30:00	807006	977558	1784564	1.21
2023-09-11 13:00:00	875941	1083929	1959870	1.24
2023-09-11 13:30:00	938218	1177562	2115780	1.26
2023-09-11 14:00:00	988778	1279404	2268182	1.29
2023-09-11 14:30:00	1088715	1409701	2498416	1.29
2023-09-11 15:00:00	1317086	1600165	2917251	1.21
2023-09-11 15:15:00	1393823	1674678	3068501	1.2
2023-09-08 09:00:00	188798	211357	400155	1.12
2023-09-08 09:30:00	326447	393484	719931	1.21
2023-09-08 10:00:00	445769	554215	999984	1.24
2023-09-08 10:30:00	523134	665042	1188176	1.27
2023-09-08 11:00:00	635159	785941	1421100	1.24
2023-09-08 11:30:00	708756	873680	1582436	1.23
2023-09-08 12:00:00	791448	965321	1756769	1.22
2023-09-08 12:30:00	865892	1068845	1934737	1.23
2023-09-08 13:00:00	929608	1131937	2061545	1.22
2023-09-08 13:30:00	1026962	1269285	2296247	1.24
2023-09-08 14:00:00	1099086	1387233	2486319	1.26
2023-09-08 14:30:00	1203370	1514540	2717910	1.26
2023-09-08 15:00:00	1335657	1716087	3051744	1.28
2023-09-08 15:15:00	1404933	1822528	3227461	1.3
2023-09-07 09:00:00	117311	193693	311004	1.65
2023-09-07 09:30:00	193296	298366	491662	1.54
2023-09-07 10:00:00	259961	397339	657300	1.53
2023-09-07 10:30:00	301445	439384	740829	1.46
2023-09-07 11:00:00	363502	528037	891539	1.45
2023-09-07 11:30:00	401665	570778	972443	1.42
2023-09-07 12:00:00	599465	679581	1279046	1.13
2023-09-07 12:30:00	557419	683098	1240517	1.23
2023-09-07 13:00:00	579357	727608	1306965	1.26
2023-09-07 13:30:00	608318	783988	1392306	1.29
2023-09-07 14:00:00	646917	838918	1485835	1.3
2023-09-07 14:30:00	693825	892624	1586449	1.29
2023-09-07 15:00:00	788102	1022618	1810720	1.3
2023-09-07 15:15:00	826925	1124865	1951790	1.36
2023-09-06 09:00:00	91533	104700	196233	1.14
2023-09-06 09:30:00	208708	239455	448163	1.15
2023-09-06 10:00:00	292033	351814	643847	1.2
2023-09-06 10:30:00	341708	458165	799873	1.34
2023-09-06 11:00:00	393634	510488	904122	1.3
2023-09-06 11:30:00	441797	609614	1051411	1.38
2023-09-06 12:00:00	530985	698648	1229633	1.32
2023-09-06 12:30:00	592473	777749	1370222	1.31
2023-09-06 13:00:00	621772	818520	1440292	1.32
2023-09-06 13:30:00	702371	894230	1596601	1.27
2023-09-06 14:00:00	728416	950551	1678967	1.3
2023-09-06 14:30:00	781324	1014557	1795881	1.3
2023-09-06 15:00:00	860111	1161343	2021454	1.35
2023-09-06 15:15:00	882764	1220627	2103391	1.38
2023-09-05 09:00:00	89263	102016	191279	1.14
2023-09-05 09:30:00	158208	168959	327167	1.07
2023-09-05 10:00:00	214657	222528	437185	1.04
2023-09-05 10:30:00	269192	271059	540251	1.01
2023-09-05 11:00:00	295582	319027	614609	1.08
2023-09-05 11:30:00	343842	368679	712521	1.07
2023-09-05 12:00:00	374530	427936	802466	1.14
2023-09-05 12:30:00	405811	491505	897316	1.21
2023-09-05 13:00:00	432193	542138	974331	1.25
2023-09-05 13:30:00	467176	595429	1062605	1.27
2023-09-05 14:00:00	526712	659406	1186118	1.25
2023-09-05 14:30:00	578531	776884	1355415	1.34
2023-09-05 15:00:00	669693	915145	1584838	1.37
2023-09-05 15:15:00	728407	985289	1713696	1.35
2023-09-01 09:00:00	234370	312506	546876	1.33
2023-09-01 09:30:00	403426	471425	874851	1.17
2023-09-01 10:00:00	521329	630881	1152210	1.21
2023-09-01 10:30:00	627857	777451	1405308	1.24
2023-09-01 11:00:00	759822	936716	1696538	1.23
2023-09-01 11:30:00	852184	1048270	1900454	1.23
2023-09-01 12:00:00	930471	1144119	2074590	1.23
2023-09-01 12:30:00	1004674	1228618	2233292	1.22
2023-09-01 13:00:00	1070002	1300961	2370963	1.22
2023-09-01 13:30:00	1142455	1441391	2583846	1.26
2023-09-01 14:00:00	1201171	1536679	2737850	1.28
2023-09-01 14:30:00	1275763	1682222	2957985	1.32
2023-09-01 15:00:00	1395787	1905828	3301615	1.37
2023-09-01 15:15:00	1427976	1971542	3399518	1.38
2023-08-31 09:00:00	84489	105434	189923	1.25
2023-08-31 09:30:00	215952	207109	423061	0.96
2023-08-31 10:00:00	515510	280672	796182	0.54
2023-08-31 10:30:00	561249	356867	918116	0.64
2023-08-31 11:00:00	620397	405169	1025566	0.65
2023-08-31 11:30:00	684788	450109	1134897	0.66
2023-08-31 12:00:00	753110	499319	1252429	0.66
2023-08-31 12:30:00	771138	554877	1326015	0.72
2023-08-31 13:00:00	832846	615666	1448512	0.74
2023-08-31 13:30:00	871965	696344	1568309	0.8
2023-08-31 14:00:00	950782	791759	1742541	0.83
2023-08-31 14:30:00	992576	871182	1863758	0.88
2023-08-31 15:00:00	1094312	1041199	2135511	0.95
2023-08-31 15:15:00	1123791	1109378	2233169	0.99
2023-08-30 09:00:00	127223	145064	272287	1.14
2023-08-30 09:30:00	297345	258801	556146	0.87
2023-08-30 10:00:00	343507	320419	663926	0.93
2023-08-30 10:30:00	381352	379306	760658	0.99
2023-08-30 11:00:00	430756	488606	919362	1.13
2023-08-30 11:30:00	477954	538896	1016850	1.13
2023-08-30 12:00:00	539715	646754	1186469	1.2
2023-08-30 12:30:00	570903	704729	1275632	1.23
2023-08-30 13:00:00	597606	744544	1342150	1.25
2023-08-30 13:30:00	649023	821018	1470041	1.27
2023-08-30 14:00:00	684125	870017	1554142	1.27
2023-08-30 14:30:00	753656	952386	1706042	1.26
2023-08-30 15:00:00	844076	1147337	1991413	1.36
2023-08-30 15:15:00	916213	1215084	2131297	1.33
2023-08-29 09:00:00	84379	117475	201854	1.39
2023-08-29 09:30:00	178065	245870	423935	1.38
2023-08-29 10:00:00	269978	360198	630176	1.33
2023-08-29 10:30:00	317791	410882	728673	1.29
2023-08-29 11:00:00	526922	497696	1024618	0.94
2023-08-29 11:30:00	593623	570074	1163697	0.96
2023-08-29 12:00:00	659260	620758	1280018	0.94
2023-08-29 12:30:00	700054	671911	1371965	0.96
2023-08-29 13:00:00	741595	759496	1501091	1.02
2023-08-29 13:30:00	776468	815930	1592398	1.05
2023-08-29 14:00:00	856822	907512	1764334	1.06
2023-08-29 14:30:00	976400	1005192	1981592	1.03
2023-08-29 15:00:00	1102786	1159278	2262064	1.05
2023-08-29 15:15:00	1152869	1233862	2386731	1.07
2023-08-28 09:00:00	87022	132877	219899	1.53
2023-08-28 09:30:00	129930	211087	341017	1.62
2023-08-28 10:00:00	163194	256201	419395	1.57
2023-08-28 10:30:00	265420	333695	599115	1.26
2023-08-28 11:00:00	287316	370483	657799	1.29
2023-08-28 11:30:00	328142	413827	741969	1.26
2023-08-28 12:00:00	353991	463051	817042	1.31
2023-08-28 12:30:00	440700	519029	959729	1.18
2023-08-28 13:00:00	474149	559465	1033614	1.18
2023-08-28 13:30:00	495897	594138	1090035	1.2
2023-08-28 14:00:00	552008	661427	1213435	1.2
2023-08-28 14:30:00	587054	735026	1322080	1.25
2023-08-28 15:00:00	672841	873838	1546679	1.3
2023-08-28 15:15:00	717503	928809	1646312	1.29
2023-08-25 09:00:00	136044	173039	309083	1.27
2023-08-25 09:30:00	304430	354805	659235	1.17
2023-08-25 10:00:00	428010	532888	960898	1.25
2023-08-25 10:30:00	598974	668458	1267432	1.12
2023-08-25 11:00:00	696229	813843	1510072	1.17
2023-08-25 11:30:00	786885	907152	1694037	1.15
2023-08-25 12:00:00	910883	1010586	1921469	1.11
2023-08-25 12:30:00	1012333	1120714	2133047	1.11
2023-08-25 13:00:00	1064220	1233308	2297528	1.16
2023-08-25 13:30:00	1232348	1389091	2621439	1.13
2023-08-25 14:00:00	1355329	1513602	2868931	1.12
2023-08-25 14:30:00	1515439	1674810	3190249	1.11
2023-08-25 15:00:00	1669308	1910250	3579558	1.14
2023-08-25 15:15:00	1699455	1965530	3664985	1.16
2023-08-24 09:00:00	81542	105070	186612	1.29
2023-08-24 09:30:00	138543	179393	317936	1.29
2023-08-24 10:00:00	179404	235929	415333	1.32
2023-08-24 10:30:00	225794	347507	573301	1.54
2023-08-24 11:00:00	293434	411008	704442	1.4
2023-08-24 11:30:00	351716	471674	823390	1.34
2023-08-24 12:00:00	395401	514271	909672	1.3
2023-08-24 12:30:00	423253	555594	978847	1.31
2023-08-24 13:00:00	448154	595346	1043500	1.33
2023-08-24 13:30:00	469901	629791	1099692	1.34
2023-08-24 14:00:00	519327	681614	1200941	1.31
2023-08-24 14:30:00	557315	744296	1301611	1.34
2023-08-24 15:00:00	655652	916516	1572168	1.4
2023-08-24 15:15:00	704434	1017070	1721504	1.44
2023-08-23 09:00:00	120797	94310	215107	0.78
2023-08-23 09:30:00	218046	222900	440946	1.02
2023-08-23 10:00:00	284297	311675	595972	1.1
2023-08-23 10:30:00	324890	363784	688674	1.12
2023-08-23 11:00:00	366121	404466	770587	1.1
2023-08-23 11:30:00	387799	460560	848359	1.19
2023-08-23 12:00:00	443587	502866	946453	1.13
2023-08-23 12:30:00	479124	546312	1025436	1.14
2023-08-23 13:00:00	527467	617502	1144969	1.17
2023-08-23 13:30:00	562012	690699	1252711	1.23
2023-08-23 14:00:00	586781	733156	1319937	1.25
2023-08-23 14:30:00	624149	804140	1428289	1.29
2023-08-23 15:00:00	735140	966175	1701315	1.31
2023-08-23 15:15:00	781765	1037749	1819514	1.33
2023-08-22 09:00:00	53931	113721	167652	2.11
2023-08-22 09:30:00	109912	225543	335455	2.05
2023-08-22 10:00:00	152095	265346	417441	1.74
2023-08-22 10:30:00	195461	314976	510437	1.61
2023-08-22 11:00:00	217955	354536	572491	1.63
2023-08-22 11:30:00	255239	401610	656849	1.57
2023-08-22 12:00:00	296458	452567	749025	1.53
2023-08-22 12:30:00	340828	495830	836658	1.45
2023-08-22 13:00:00	382250	545401	927651	1.43
2023-08-22 13:30:00	549652	649235	1198887	1.18
2023-08-22 14:00:00	572113	692734	1264847	1.21
2023-08-22 14:30:00	646453	757423	1403876	1.17
2023-08-22 15:00:00	763120	886878	1649998	1.16
2023-08-22 15:15:00	799826	957539	1757365	1.2
2023-08-21 09:00:00	77823	139451	217274	1.79
2023-08-21 09:30:00	132700	213547	346247	1.61
2023-08-21 10:00:00	175833	294036	469869	1.67
2023-08-21 10:30:00	205966	344625	550591	1.67
2023-08-21 11:00:00	241293	412392	653685	1.71
2023-08-21 11:30:00	304475	455510	759985	1.5
2023-08-21 12:00:00	368239	500935	869174	1.36
2023-08-21 12:30:00	402060	548743	950803	1.36
2023-08-21 13:00:00	533668	598266	1131934	1.12
2023-08-21 13:30:00	562352	637207	1199559	1.13
2023-08-21 14:00:00	609892	696462	1306354	1.14
2023-08-21 14:30:00	652732	779080	1431812	1.19
2023-08-21 15:00:00	737932	911631	1649563	1.24
2023-08-21 15:15:00	758334	960649	1718983	1.27
2023-08-18 09:00:00	278819	323549	602368	1.16
2023-08-18 09:30:00	424372	599005	1023377	1.41
2023-08-18 10:00:00	528615	772575	1301190	1.46
2023-08-18 10:30:00	730290	1025893	1756183	1.4
2023-08-18 11:00:00	854983	1197275	2052258	1.4
2023-08-18 11:30:00	930298	1308182	2238480	1.41
2023-08-18 12:00:00	997282	1415453	2412735	1.42
2023-08-18 12:30:00	1098137	1528586	2626723	1.39
2023-08-18 13:00:00	1188625	1640325	2828950	1.38
2023-08-18 13:30:00	1271673	1788756	3060429	1.41
2023-08-18 14:00:00	1374618	1932299	3306917	1.41
2023-08-18 14:30:00	1493187	2093249	3586436	1.4
2023-08-18 15:00:00	1696006	2342975	4038981	1.38
2023-08-18 15:15:00	1762223	2424590	4186813	1.38
2023-08-17 09:00:00	164980	151208	316188	0.92
2023-08-17 09:30:00	281298	278942	560240	0.99
2023-08-17 10:00:00	371917	398734	770651	1.07
2023-08-17 10:30:00	433675	496417	930092	1.14
2023-08-17 11:00:00	499314	550588	1049902	1.1
2023-08-17 11:30:00	778378	655410	1433788	0.84
2023-08-17 12:00:00	802764	716226	1518990	0.89
2023-08-17 12:30:00	872613	797956	1670569	0.91
2023-08-17 13:00:00	917277	867453	1784730	0.95
2023-08-17 13:30:00	994502	952978	1947480	0.96
2023-08-17 14:00:00	1081280	1080250	2161530	1.0
2023-08-17 14:30:00	1233296	1276784	2510080	1.04
2023-08-17 15:00:00	1411224	1492742	2903966	1.06
2023-08-17 15:15:00	1507044	1611137	3118181	1.07
2023-08-16 09:00:00	98476	233741	332217	2.37
2023-08-16 09:30:00	193077	389008	582085	2.01
2023-08-16 10:00:00	294148	484961	779109	1.65
2023-08-16 10:30:00	366344	552999	919343	1.51
2023-08-16 11:00:00	433898	618280	1052178	1.42
2023-08-16 11:30:00	486541	684853	1171394	1.41
2023-08-16 12:00:00	529631	730165	1259796	1.38
2023-08-16 12:30:00	571785	798360	1370145	1.4
2023-08-16 13:00:00	677413	881571	1558984	1.3
2023-08-16 13:30:00	744797	961472	1706269	1.29
2023-08-16 14:00:00	798263	1039780	1838043	1.3
2023-08-16 14:30:00	897719	1147852	2045571	1.28
2023-08-16 15:00:00	1020928	1379747	2400675	1.35
2023-08-16 15:15:00	1061295	1452525	2513820	1.37
2023-08-15 09:00:00	105051	175115	280166	1.67
2023-08-15 09:30:00	314897	344087	658984	1.09
2023-08-15 10:00:00	454002	473996	927998	1.04
2023-08-15 10:30:00	519659	574853	1094512	1.11
2023-08-15 11:00:00	589473	652609	1242082	1.11
2023-08-15 11:30:00	618841	695823	1314664	1.12
2023-08-15 12:00:00	661202	747601	1408803	1.13
2023-08-15 12:30:00	713213	824859	1538072	1.16
2023-08-15 13:00:00	751064	904907	1655971	1.2
2023-08-15 13:30:00	794835	974366	1769201	1.23
2023-08-15 14:00:00	878341	1113341	1991682	1.27
2023-08-15 14:30:00	978928	1262128	2241056	1.29
2023-08-15 15:00:00	1119289	1465873	2585162	1.31
2023-08-15 15:15:00	1163795	1520002	2683797	1.31
2023-08-14 09:00:00	166692	199484	366176	1.2
2023-08-14 09:30:00	308818	371655	680473	1.2
2023-08-14 10:00:00	447887	571714	1019601	1.28
2023-08-14 10:30:00	514690	655162	1169852	1.27
2023-08-14 11:00:00	695200	803009	1498209	1.16
2023-08-14 11:30:00	796888	896135	1693023	1.12
2023-08-14 12:00:00	904167	979170	1883337	1.08
2023-08-14 12:30:00	970339	1065265	2035604	1.1
2023-08-14 13:00:00	1020632	1147062	2167694	1.12
2023-08-14 13:30:00	1089029	1248501	2337530	1.15
2023-08-14 14:00:00	1270291	1340390	2610681	1.06
2023-08-14 14:30:00	1407363	1488832	2896195	1.06
2023-08-14 15:00:00	1626312	1689198	3315510	1.04
2023-08-14 15:15:00	1633648	1778530	3412178	1.09
2023-08-11 09:00:00	221673	217514	439187	0.98
2023-08-11 09:30:00	394806	398787	793593	1.01
2023-08-11 10:00:00	512718	517078	1029796	1.01
2023-08-11 10:30:00	599287	631051	1230338	1.05
2023-08-11 11:00:00	695466	723236	1418702	1.04
2023-08-11 11:30:00	804685	820571	1625256	1.02
2023-08-11 12:00:00	878888	899548	1778436	1.02
2023-08-11 12:30:00	953875	975352	1929227	1.02
2023-08-11 13:00:00	1133256	1093380	2226636	0.96
2023-08-11 13:30:00	1213061	1221557	2434618	1.01
2023-08-11 14:00:00	1293285	1335352	2628637	1.03
2023-08-11 14:30:00	1386986	1514862	2901848	1.09
2023-08-11 15:00:00	1540327	1722880	3263207	1.12
2023-08-11 15:15:00	1581431	1815829	3397260	1.15
2023-08-10 09:00:00	112607	206877	319484	1.84
2023-08-10 09:30:00	288290	385475	673765	1.34
2023-08-10 10:00:00	372989	561753	934742	1.51
2023-08-10 10:30:00	441770	656918	1098688	1.49
2023-08-10 11:00:00	527253	750939	1278192	1.42
2023-08-10 11:30:00	571889	866313	1438202	1.51
2023-08-10 12:00:00	602072	909582	1511654	1.51
2023-08-10 12:30:00	628173	981145	1609318	1.56
2023-08-10 13:00:00	691320	1061737	1753057	1.54
2023-08-10 13:30:00	735705	1127177	1862882	1.53
2023-08-10 14:00:00	784014	1186598	1970612	1.51
2023-08-10 14:30:00	847177	1262946	2110123	1.49
2023-08-10 15:00:00	952860	1380572	2333432	1.45
2023-08-10 15:15:00	1027096	1464199	2491295	1.43
2023-08-09 09:00:00	84293	109030	193323	1.29
2023-08-09 09:30:00	154972	185848	340820	1.2
2023-08-09 10:00:00	285629	260563	546192	0.91
2023-08-09 10:30:00	372120	326278	698398	0.88
2023-08-09 11:00:00	472751	383027	855778	0.81
2023-08-09 11:30:00	554649	506239	1060888	0.91
2023-08-09 12:00:00	592259	579209	1171468	0.98
2023-08-09 12:30:00	630760	634989	1265749	1.01
2023-08-09 13:00:00	682408	707615	1390023	1.04
2023-08-09 13:30:00	716234	795555	1511789	1.11
2023-08-09 14:00:00	775667	871704	1647371	1.12
2023-08-09 14:30:00	866829	956223	1823052	1.1
2023-08-09 15:00:00	954636	1130416	2085052	1.18
2023-08-09 15:15:00	1052780	1195693	2248473	1.14
2023-08-08 09:00:00	96579	150623	247202	1.56
2023-08-08 09:30:00	271022	312918	583940	1.15
2023-08-08 10:00:00	383368	496470	879838	1.3
2023-08-08 10:30:00	457882	600170	1058052	1.31
2023-08-08 11:00:00	508428	701226	1209654	1.38
2023-08-08 11:30:00	574072	754444	1328516	1.31
2023-08-08 12:00:00	633304	809189	1442493	1.28
2023-08-08 12:30:00	678521	878952	1557473	1.3
2023-08-08 13:00:00	708056	916943	1624999	1.3
2023-08-08 13:30:00	774183	974011	1748194	1.26
2023-08-08 14:00:00	816764	1040613	1857377	1.27
2023-08-08 14:30:00	865518	1101089	1966607	1.27
2023-08-08 15:00:00	1031277	1235128	2266405	1.2
2023-08-08 15:15:00	1066957	1289234	2356191	1.21
2023-08-07 09:00:00	85410	131911	217321	1.54
2023-08-07 09:30:00	143577	204457	348034	1.42
2023-08-07 10:00:00	220094	267783	487877	1.22
2023-08-07 10:30:00	296313	344177	640490	1.16
2023-08-07 11:00:00	336562	387763	724325	1.15
2023-08-07 11:30:00	369618	431602	801220	1.17
2023-08-07 12:00:00	424040	484822	908862	1.14
2023-08-07 12:30:00	447699	529048	976747	1.18
2023-08-07 13:00:00	473601	626657	1100258	1.32
2023-08-07 13:30:00	528873	686490	1215363	1.3
2023-08-07 14:00:00	551358	750909	1302267	1.36
2023-08-07 14:30:00	596994	812240	1409234	1.36
2023-08-07 15:00:00	715356	964037	1679393	1.35
2023-08-07 15:15:00	743792	1035241	1779033	1.39
2023-08-04 09:00:00	266494	329900	596394	1.24
2023-08-04 09:30:00	448977	528895	977872	1.18
2023-08-04 10:00:00	547521	654478	1201999	1.2
2023-08-04 10:30:00	619140	743841	1362981	1.2
2023-08-04 11:00:00	702469	866504	1568973	1.23
2023-08-04 11:30:00	799422	982428	1781850	1.23
2023-08-04 12:00:00	907524	1079819	1987343	1.19
2023-08-04 12:30:00	1012632	1237818	2250450	1.22
2023-08-04 13:00:00	1102533	1351859	2454392	1.23
2023-08-04 13:30:00	1312071	1603528	2915599	1.22
2023-08-04 14:00:00	1469451	1792556	3262007	1.22
2023-08-04 14:30:00	1633256	2031897	3665153	1.24
2023-08-04 15:00:00	1811005	2323895	4134900	1.28
2023-08-04 15:15:00	1846706	2398445	4245151	1.3
2023-08-03 09:00:00	189187	215743	404930	1.14
2023-08-03 09:30:00	259965	327756	587721	1.26
2023-08-03 10:00:00	384680	440875	825555	1.15
2023-08-03 10:30:00	440243	553434	993677	1.26
2023-08-03 11:00:00	596778	616423	1213201	1.03
2023-08-03 11:30:00	655299	689483	1344782	1.05
2023-08-03 12:00:00	772891	740442	1513333	0.96
2023-08-03 12:30:00	815551	787060	1602611	0.97
2023-08-03 13:00:00	852322	846904	1699226	0.99
2023-08-03 13:30:00	937659	906267	1843926	0.97
2023-08-03 14:00:00	973783	966058	1939841	0.99
2023-08-03 14:30:00	1028564	1047957	2076521	1.02
2023-08-03 15:00:00	1096895	1145186	2242081	1.04
2023-08-03 15:15:00	1126070	1198434	2324504	1.06
2023-08-02 09:00:00	175556	273658	449214	1.56
2023-08-02 09:30:00	322973	424848	747821	1.32
2023-08-02 10:00:00	455792	574295	1030087	1.26
2023-08-02 10:30:00	665444	737968	1403412	1.11
2023-08-02 11:00:00	748047	876465	1624512	1.17
2023-08-02 11:30:00	825956	1050273	1876229	1.27
2023-08-02 12:00:00	924387	1148749	2073136	1.24
2023-08-02 12:30:00	966817	1205993	2172810	1.25
2023-08-02 13:00:00	1045259	1281203	2326462	1.23
2023-08-02 13:30:00	1080475	1343567	2424042	1.24
2023-08-02 14:00:00	1143618	1395606	2539224	1.22
2023-08-02 14:30:00	1270647	1517889	2788536	1.19
2023-08-02 15:00:00	1374424	1721148	3095572	1.25
2023-08-02 15:15:00	1409129	1802665	3211794	1.28
2023-08-01 09:00:00	156954	93664	250618	0.6
2023-08-01 09:30:00	223728	187334	411062	0.84
2023-08-01 10:00:00	319128	271099	590227	0.85
2023-08-01 10:30:00	360117	362496	722613	1.01
2023-08-01 11:00:00	395596	394425	790021	1.0
2023-08-01 11:30:00	645894	421877	1067771	0.65
2023-08-01 12:00:00	695213	479468	1174681	0.69
2023-08-01 12:30:00	776365	577480	1353845	0.74
2023-08-01 13:00:00	808198	609495	1417693	0.75
2023-08-01 13:30:00	834352	673512	1507864	0.81
2023-08-01 14:00:00	874588	721874	1596462	0.83
2023-08-01 14:30:00	915288	797445	1712733	0.87
2023-08-01 15:00:00	982550	877277	1859827	0.89
2023-08-01 15:15:00	1022287	926408	1948695	0.91
2023-07-31 09:00:00	67571	95837	163408	1.42
2023-07-31 09:30:00	136514	155133	291647	1.14
2023-07-31 10:00:00	167048	208026	375074	1.25
2023-07-31 10:30:00	349015	291670	640685	0.84
2023-07-31 11:00:00	384937	384046	768983	1.0
2023-07-31 11:30:00	407694	450763	858457	1.11
2023-07-31 12:00:00	453381	494121	947502	1.09
2023-07-31 12:30:00	486944	527852	1014796	1.08
2023-07-31 13:00:00	541408	576905	1118313	1.07
2023-07-31 13:30:00	577587	641920	1219507	1.11
2023-07-31 14:00:00	601769	686778	1288547	1.14
2023-07-31 14:30:00	644924	790620	1435544	1.23
2023-07-31 15:00:00	721438	929149	1650587	1.29
2023-07-31 15:15:00	785084	1041813	1826897	1.33
2023-07-28 09:00:00	178777	250922	429699	1.4
2023-07-28 09:30:00	280404	373830	654234	1.33
2023-07-28 10:00:00	450916	500926	951842	1.11
2023-07-28 10:30:00	548752	626387	1175139	1.14
2023-07-28 11:00:00	637679	744725	1382404	1.17
2023-07-28 11:30:00	727943	839840	1567783	1.15
2023-07-28 12:00:00	779467	889719	1669186	1.14
2023-07-28 12:30:00	982823	1016034	1998857	1.03
2023-07-28 13:00:00	1115189	1168186	2283375	1.05
2023-07-28 13:30:00	1202972	1272760	2475732	1.06
2023-07-28 14:00:00	1310655	1379238	2689893	1.05
2023-07-28 14:30:00	1418501	1498530	2917031	1.06
2023-07-28 15:00:00	1545230	1689238	3234468	1.09
2023-07-28 15:15:00	1590808	1738473	3329281	1.09
2023-07-27 09:00:00	137889	226610	364499	1.64
2023-07-27 09:30:00	277564	391530	669094	1.41
2023-07-27 10:00:00	338932	455110	794042	1.34
2023-07-27 10:30:00	393225	506499	899724	1.29
2023-07-27 11:00:00	422217	589475	1011692	1.4
2023-07-27 11:30:00	459584	665385	1124969	1.45
2023-07-27 12:00:00	504040	714421	1218461	1.42
2023-07-27 12:30:00	552325	812137	1364462	1.47
2023-07-27 13:00:00	600470	911936	1512406	1.52
2023-07-27 13:30:00	679468	1012373	1691841	1.49
2023-07-27 14:00:00	801139	1163801	1964940	1.45
2023-07-27 14:30:00	868919	1300270	2169189	1.5
2023-07-27 15:00:00	1010532	1493768	2504300	1.48
2023-07-27 15:15:00	1048714	1564583	2613297	1.49
2023-07-26 09:00:00	78260	146598	224858	1.87
2023-07-26 09:30:00	121653	224237	345890	1.84
2023-07-26 10:00:00	145146	309331	454477	2.13
2023-07-26 10:30:00	169677	366296	535973	2.16
2023-07-26 11:00:00	244658	443994	688652	1.81
2023-07-26 11:30:00	285724	517809	803533	1.81
2023-07-26 12:00:00	311386	587335	898721	1.89
2023-07-26 12:30:00	353071	670577	1023648	1.9
2023-07-26 13:00:00	369628	700474	1070102	1.9
2023-07-26 13:30:00	410657	731279	1141936	1.78
2023-07-26 14:00:00	474266	837790	1312056	1.77
2023-07-26 14:30:00	559370	1023069	1582439	1.83
2023-07-26 15:00:00	682407	1181054	1863461	1.73
2023-07-26 15:15:00	747392	1251818	1999210	1.67
2023-07-25 09:00:00	66646	77564	144210	1.16
2023-07-25 09:30:00	111398	169961	281359	1.53
2023-07-25 10:00:00	192539	286128	478667	1.49
2023-07-25 10:30:00	243082	334799	577881	1.38
2023-07-25 11:00:00	278704	378837	657541	1.36
2023-07-25 11:30:00	327940	432478	760418	1.32
2023-07-25 12:00:00	358952	474563	833515	1.32
2023-07-25 12:30:00	393161	523642	916803	1.33
2023-07-25 13:00:00	417558	560826	978384	1.34
2023-07-25 13:30:00	459929	593443	1053372	1.29
2023-07-25 14:00:00	538198	661538	1199736	1.23
2023-07-25 14:30:00	621363	727090	1348453	1.17
2023-07-25 15:00:00	783039	866004	1649043	1.11
2023-07-25 15:15:00	810219	902864	1713083	1.11
2023-07-24 09:00:00	186735	92987	279722	0.5
2023-07-24 09:30:00	241976	157016	398992	0.65
2023-07-24 10:00:00	304571	193424	497995	0.64
2023-07-24 10:30:00	371811	255773	627584	0.69
2023-07-24 11:00:00	410697	321076	731773	0.78
2023-07-24 11:30:00	462656	366991	829647	0.79
2023-07-24 12:00:00	482877	398647	881524	0.83
2023-07-24 12:30:00	584973	443311	1028284	0.76
2023-07-24 13:00:00	613984	484365	1098349	0.79
2023-07-24 13:30:00	646308	530680	1176988	0.82
2023-07-24 14:00:00	676609	583763	1260372	0.86
2023-07-24 14:30:00	730982	665302	1396284	0.91
2023-07-24 15:00:00	849782	790403	1640185	0.93
2023-07-24 15:15:00	880738	849927	1730665	0.97
2023-07-21 09:00:00	291260	214974	506234	0.74
2023-07-21 09:30:00	445481	400821	846302	0.9
2023-07-21 10:00:00	550281	507417	1057698	0.92
2023-07-21 10:30:00	641496	602535	1244031	0.94
2023-07-21 11:00:00	728748	717327	1446075	0.98
2023-07-21 11:30:00	803287	811215	1614502	1.01
2023-07-21 12:00:00	879625	905925	1785550	1.03
2023-07-21 12:30:00	957803	984730	1942533	1.03
2023-07-21 13:00:00	1032968	1071953	2104921	1.04
2023-07-21 13:30:00	1091927	1181263	2273190	1.08
2023-07-21 14:00:00	1184096	1295123	2479219	1.09
2023-07-21 14:30:00	1291462	1451153	2742615	1.12
2023-07-21 15:00:00	1403751	1623965	3027716	1.16
2023-07-21 15:15:00	1430833	1691741	3122574	1.18
2023-07-20 09:00:00	93367	151057	244424	1.62
2023-07-20 09:30:00	173686	269854	443540	1.55
2023-07-20 10:00:00	408269	453338	861607	1.11
2023-07-20 10:30:00	630660	560840	1191500	0.89
2023-07-20 11:00:00	724024	628122	1352146	0.87
2023-07-20 11:30:00	767771	683683	1451454	0.89
2023-07-20 12:00:00	802110	736026	1538136	0.92
2023-07-20 12:30:00	834905	775949	1610854	0.93
2023-07-20 13:00:00	885184	842096	1727280	0.95
2023-07-20 13:30:00	944115	930426	1874541	0.99
2023-07-20 14:00:00	994604	1044788	2039392	1.05
2023-07-20 14:30:00	1068031	1134610	2202641	1.06
2023-07-20 15:00:00	1200169	1284897	2485066	1.07
2023-07-20 15:15:00	1241414	1339472	2580886	1.08
2023-07-19 09:00:00	118707	315204	433911	2.66
2023-07-19 09:30:00	234170	580031	814201	2.48
2023-07-19 10:00:00	384021	721717	1105738	1.88
2023-07-19 10:30:00	472172	847619	1319791	1.8
2023-07-19 11:00:00	740712	962010	1702722	1.3
2023-07-19 11:30:00	814105	1052376	1866481	1.29
2023-07-19 12:00:00	860181	1103118	1963299	1.28
2023-07-19 12:30:00	902015	1261178	2163193	1.4
2023-07-19 13:00:00	990542	1333043	2323585	1.35
2023-07-19 13:30:00	1088808	1416077	2504885	1.3
2023-07-19 14:00:00	1147107	1463716	2610823	1.28
2023-07-19 14:30:00	1269939	1553103	2823042	1.22
2023-07-19 15:00:00	1444070	1762222	3206292	1.22
2023-07-19 15:15:00	1504571	1827306	3331877	1.21
2023-07-18 09:00:00	166447	178633	345080	1.07
2023-07-18 09:30:00	313333	282291	595624	0.9
2023-07-18 10:00:00	392603	417736	810339	1.06
2023-07-18 10:30:00	502246	520604	1022850	1.04
2023-07-18 11:00:00	582573	628287	1210860	1.08
2023-07-18 11:30:00	684836	715316	1400152	1.04
2023-07-18 12:00:00	734149	764887	1499036	1.04
2023-07-18 12:30:00	811989	816583	1628572	1.01
2023-07-18 13:00:00	868495	879367	1747862	1.01
2023-07-18 13:30:00	985551	968731	1954282	0.98
2023-07-18 14:00:00	1099364	1080745	2180109	0.98
2023-07-18 14:30:00	1191979	1171477	2363456	0.98
2023-07-18 15:00:00	1415243	1389757	2805000	0.98
2023-07-18 15:15:00	1445234	1448169	2893403	1.0
2023-07-17 09:00:00	132312	101412	233724	0.77
2023-07-17 09:30:00	253681	183716	437397	0.72
2023-07-17 10:00:00	332616	313292	645908	0.94
2023-07-17 10:30:00	407713	384148	791861	0.94
2023-07-17 11:00:00	466974	479276	946250	1.03
2023-07-17 11:30:00	525273	570264	1095537	1.09
2023-07-17 12:00:00	554681	607001	1161682	1.09
2023-07-17 12:30:00	617860	707965	1325825	1.15
2023-07-17 13:00:00	658277	744750	1403027	1.13
2023-07-17 13:30:00	698891	793475	1492366	1.14
2023-07-17 14:00:00	744401	861501	1605902	1.16
2023-07-17 14:30:00	851487	982798	1834285	1.15
2023-07-17 15:00:00	938859	1144846	2083705	1.22
2023-07-17 15:15:00	1003164	1215919	2219083	1.21
2023-07-14 09:00:00	201595	239825	441420	1.19
2023-07-14 09:30:00	370530	427725	798255	1.15
2023-07-14 10:00:00	493591	590567	1084158	1.2
2023-07-14 10:30:00	589110	710035	1299145	1.21
2023-07-14 11:00:00	768411	827709	1596120	1.08
2023-07-14 11:30:00	851901	929023	1780924	1.09
2023-07-14 12:00:00	917036	1002633	1919669	1.09
2023-07-14 12:30:00	1031191	1100213	2131404	1.07
2023-07-14 13:00:00	1072945	1173718	2246663	1.09
2023-07-14 13:30:00	1156188	1274760	2430948	1.1
2023-07-14 14:00:00	1272258	1396443	2668701	1.1
2023-07-14 14:30:00	1401544	1603381	3004925	1.14
2023-07-14 15:00:00	1530083	1865769	3395852	1.22
2023-07-14 15:15:00	1571149	1950950	3522099	1.24
2023-07-13 09:00:00	128080	195786	323866	1.53
2023-07-13 09:30:00	209464	353635	563099	1.69
2023-07-13 10:00:00	321318	430528	751846	1.34
2023-07-13 10:30:00	418592	567848	986440	1.36
2023-07-13 11:00:00	512242	634224	1146466	1.24
2023-07-13 11:30:00	557167	703480	1260647	1.26
2023-07-13 12:00:00	610747	774219	1384966	1.27
2023-07-13 12:30:00	656151	830085	1486236	1.27
2023-07-13 13:00:00	700892	884497	1585389	1.26
2023-07-13 13:30:00	763195	945874	1709069	1.24
2023-07-13 14:00:00	823221	1034927	1858148	1.26
2023-07-13 14:30:00	902852	1170602	2073454	1.3
2023-07-13 15:00:00	1007359	1335457	2342816	1.33
2023-07-13 15:15:00	1051358	1414877	2466235	1.35
2023-07-12 09:00:00	283084	175581	458665	0.62
2023-07-12 09:30:00	367548	269064	636612	0.73
2023-07-12 10:00:00	444474	396946	841420	0.89
2023-07-12 10:30:00	545897	492093	1037990	0.9
2023-07-12 11:00:00	605038	577653	1182691	0.95
2023-07-12 11:30:00	708046	651983	1360029	0.92
2023-07-12 12:00:00	750498	708419	1458917	0.94
2023-07-12 12:30:00	875612	813788	1689400	0.93
2023-07-12 13:00:00	902337	860852	1763189	0.95
2023-07-12 13:30:00	1032113	912065	1944178	0.88
2023-07-12 14:00:00	1088316	1011545	2099861	0.93
2023-07-12 14:30:00	1149243	1097315	2246558	0.95
2023-07-12 15:00:00	1251526	1281594	2533120	1.02
2023-07-12 15:15:00	1349511	1384188	2733699	1.03
2023-07-11 09:00:00	78928	108004	186932	1.37
2023-07-11 09:30:00	115340	243220	358560	2.11
2023-07-11 10:00:00	197499	357638	555137	1.81
2023-07-11 10:30:00	292075	415547	707622	1.42
2023-07-11 11:00:00	350456	458439	808895	1.31
2023-07-11 11:30:00	406742	507838	914580	1.25
2023-07-11 12:00:00	472301	536392	1008693	1.14
2023-07-11 12:30:00	582198	576184	1158382	0.99
2023-07-11 13:00:00	615593	628496	1244089	1.02
2023-07-11 13:30:00	657406	727698	1385104	1.11
2023-07-11 14:00:00	711160	795072	1506232	1.12
2023-07-11 14:30:00	835595	893720	1729315	1.07
2023-07-11 15:00:00	953306	1057804	2011110	1.11
2023-07-11 15:15:00	1008407	1098475	2106882	1.09
2023-07-10 09:00:00	73046	90374	163420	1.24
2023-07-10 09:30:00	124103	145149	269252	1.17
2023-07-10 10:00:00	213115	205481	418596	0.96
2023-07-10 10:30:00	275502	251855	527357	0.91
2023-07-10 11:00:00	300625	297327	597952	0.99
2023-07-10 11:30:00	358001	374673	732674	1.05
2023-07-10 12:00:00	383667	428514	812181	1.12
2023-07-10 12:30:00	407081	454992	862073	1.12
2023-07-10 13:00:00	439274	507674	946948	1.16
2023-07-10 13:30:00	478557	546033	1024590	1.14
2023-07-10 14:00:00	516854	595457	1112311	1.15
2023-07-10 14:30:00	554727	659911	1214638	1.19
2023-07-10 15:00:00	615011	781045	1396056	1.27
2023-07-10 15:15:00	640146	820887	1461033	1.28
2023-07-07 09:00:00	290191	184021	474212	0.63
2023-07-07 09:30:00	448411	318064	766475	0.71
2023-07-07 10:00:00	559259	474550	1033809	0.85
2023-07-07 10:30:00	656409	599663	1256072	0.91
2023-07-07 11:00:00	746628	705698	1452326	0.95
2023-07-07 11:30:00	839879	800464	1640343	0.95
2023-07-07 12:00:00	984961	913524	1898485	0.93
2023-07-07 12:30:00	1070414	1025002	2095416	0.96
2023-07-07 13:00:00	1196726	1132446	2329172	0.95
2023-07-07 13:30:00	1273440	1204625	2478065	0.95
2023-07-07 14:00:00	1377244	1321923	2699167	0.96
2023-07-07 14:30:00	1498803	1457834	2956637	0.97
2023-07-07 15:00:00	1706776	1754804	3461580	1.03
2023-07-07 15:15:00	1734497	1819212	3553709	1.05
2023-07-06 09:00:00	261247	192497	453744	0.74
2023-07-06 09:30:00	457527	392196	849723	0.86
2023-07-06 10:00:00	569151	532439	1101590	0.94
2023-07-06 10:30:00	669190	636382	1305572	0.95
2023-07-06 11:00:00	833182	832128	1665310	1.0
2023-07-06 11:30:00	947285	944949	1892234	1.0
2023-07-06 12:00:00	1010015	1022379	2032394	1.01
2023-07-06 12:30:00	1057878	1064341	2122219	1.01
2023-07-06 13:00:00	1116677	1114133	2230810	1.0
2023-07-06 13:30:00	1162742	1179287	2342029	1.01
2023-07-06 14:00:00	1200728	1227518	2428246	1.02
2023-07-06 14:30:00	1246477	1308312	2554789	1.05
2023-07-06 15:00:00	1362417	1453379	2815796	1.07
2023-07-06 15:15:00	1386166	1505234	2891400	1.09
2023-07-05 09:00:00	66710	149976	216686	2.25
2023-07-05 09:30:00	150576	256996	407572	1.71
2023-07-05 10:00:00	201701	319587	521288	1.58
2023-07-05 10:30:00	231791	376306	608097	1.62
2023-07-05 11:00:00	351649	423906	775555	1.21
2023-07-05 11:30:00	379232	484803	864035	1.28
2023-07-05 12:00:00	457658	557117	1014775	1.22
2023-07-05 12:30:00	474728	590433	1065161	1.24
2023-07-05 13:00:00	504721	632387	1137108	1.25
2023-07-05 13:30:00	548338	677836	1226174	1.24
2023-07-05 14:00:00	603508	798281	1401789	1.32
2023-07-05 14:30:00	630876	875998	1506874	1.39
2023-07-05 15:00:00	738150	998192	1736342	1.35
2023-07-05 15:15:00	761838	1059703	1821541	1.39
2023-07-03 09:00:00	50278	67650	117928	1.35
2023-07-03 09:30:00	94538	135541	230079	1.43
2023-07-03 10:00:00	138524	209392	347916	1.51
2023-07-03 10:30:00	166687	275235	441922	1.65
2023-07-03 11:00:00	216266	316152	532418	1.46
2023-07-03 11:30:00	278626	419140	697766	1.5
2023-07-03 12:00:00	350892	518953	869845	1.48
2023-07-03 12:30:00	375485	574397	949882	1.53
2023-07-03 13:00:00	375471	574387	949858	1.53
2023-07-03 13:30:00	375471	574387	949858	1.53
2023-07-03 14:00:00	375471	574387	949858	1.53
2023-07-03 14:30:00	375471	574387	949858	1.53
2023-07-03 15:00:00	375471	574387	949858	1.53
2023-07-03 15:15:00	375471	574387	949858	1.53
2023-06-30 09:00:00	250506	213852	464358	0.85
2023-06-30 09:30:00	488316	470167	958483	0.96
2023-06-30 10:00:00	775830	661802	1437632	0.85
2023-06-30 10:30:00	866507	761968	1628475	0.88
2023-06-30 11:00:00	977990	923593	1901583	0.94
2023-06-30 11:30:00	1059388	1015873	2075261	0.96
2023-06-30 12:00:00	1161780	1105070	2266850	0.95
2023-06-30 12:30:00	1267077	1192789	2459866	0.94
2023-06-30 13:00:00	1378962	1297698	2676660	0.94
2023-06-30 13:30:00	1524527	1493721	3018248	0.98
2023-06-30 14:00:00	1674181	1699247	3373428	1.01
2023-06-30 14:30:00	1790785	1853016	3643801	1.03
2023-06-30 15:00:00	2005817	2131163	4136980	1.06
2023-06-30 15:15:00	2162047	2404148	4566195	1.11
2023-06-29 09:00:00	98003	109538	207541	1.12
2023-06-29 09:30:00	165444	169158	334602	1.02
2023-06-29 10:00:00	227971	216646	444617	0.95
2023-06-29 10:30:00	311433	284997	596430	0.92
2023-06-29 11:00:00	362259	332969	695228	0.92
2023-06-29 11:30:00	413320	409696	823016	0.99
2023-06-29 12:00:00	445188	454177	899365	1.02
2023-06-29 12:30:00	472365	488567	960932	1.03
2023-06-29 13:00:00	519581	523540	1043121	1.01
2023-06-29 13:30:00	571746	583375	1155121	1.02
2023-06-29 14:00:00	610908	629732	1240640	1.03
2023-06-29 14:30:00	644698	710636	1355334	1.1
2023-06-29 15:00:00	727530	839784	1567314	1.15
2023-06-29 15:15:00	761347	889299	1650646	1.17
2023-06-28 09:00:00	77589	87896	165485	1.13
2023-06-28 09:30:00	184569	181240	365809	0.98
2023-06-28 10:00:00	267161	253728	520889	0.95
2023-06-28 10:30:00	341290	296906	638196	0.87
2023-06-28 11:00:00	411638	329978	741616	0.8
2023-06-28 11:30:00	530178	404285	934463	0.76
2023-06-28 12:00:00	662702	454603	1117305	0.69
2023-06-28 12:30:00	727935	500218	1228153	0.69
2023-06-28 13:00:00	798367	539478	1337845	0.68
2023-06-28 13:30:00	819040	573101	1392141	0.7
2023-06-28 14:00:00	853128	612992	1466120	0.72
2023-06-28 14:30:00	903344	688792	1592136	0.76
2023-06-28 15:00:00	990110	839688	1829798	0.85
2023-06-28 15:15:00	1021144	917456	1938600	0.9
2023-06-27 09:00:00	137716	111192	248908	0.81
2023-06-27 09:30:00	211240	189165	400405	0.9
2023-06-27 10:00:00	282816	243267	526083	0.86
2023-06-27 10:30:00	328245	303694	631939	0.93
2023-06-27 11:00:00	398561	365706	764267	0.92
2023-06-27 11:30:00	447356	421215	868571	0.94
2023-06-27 12:00:00	540800	506204	1047004	0.94
2023-06-27 12:30:00	573751	575152	1148903	1.0
2023-06-27 13:00:00	611880	632201	1244081	1.03
2023-06-27 13:30:00	680140	693034	1373174	1.02
2023-06-27 14:00:00	710530	742556	1453086	1.05
2023-06-27 14:30:00	754678	801528	1556206	1.06
2023-06-27 15:00:00	865788	955187	1820975	1.1
2023-06-27 15:15:00	917407	1047855	1965262	1.14
2023-06-26 09:00:00	75261	89137	164398	1.18
2023-06-26 09:30:00	131545	153781	285326	1.17
2023-06-26 10:00:00	219835	248953	468788	1.13
2023-06-26 10:30:00	279146	321054	600200	1.15
2023-06-26 11:00:00	316672	378882	695554	1.2
2023-06-26 11:30:00	370838	438927	809765	1.18
2023-06-26 12:00:00	404143	481959	886102	1.19
2023-06-26 12:30:00	426864	510581	937445	1.2
2023-06-26 13:00:00	451126	565643	1016769	1.25
2023-06-26 13:30:00	482992	603580	1086572	1.25
2023-06-26 14:00:00	524833	674428	1199261	1.29
2023-06-26 14:30:00	663992	737805	1401797	1.11
2023-06-26 15:00:00	752160	924321	1676481	1.23
2023-06-26 15:15:00	815746	991963	1807709	1.22
2023-06-23 09:00:00	222410	214619	437029	0.96
2023-06-23 09:30:00	340231	358159	698390	1.05
2023-06-23 10:00:00	485279	478484	963763	0.99
2023-06-23 10:30:00	559598	557803	1117401	1.0
2023-06-23 11:00:00	646491	690371	1336862	1.07
2023-06-23 11:30:00	740245	782469	1522714	1.06
2023-06-23 12:00:00	828151	857862	1686013	1.04
2023-06-23 12:30:00	993044	941153	1934197	0.95
2023-06-23 13:00:00	1074608	1016025	2090633	0.95
2023-06-23 13:30:00	1148747	1104620	2253367	0.96
2023-06-23 14:00:00	1256720	1249282	2506002	0.99
2023-06-23 14:30:00	1418992	1403375	2822367	0.99
2023-06-23 15:00:00	1562334	1610370	3172704	1.03
2023-06-23 15:15:00	1595908	1664331	3260239	1.04
2023-06-22 09:00:00	197771	156087	353858	0.79
2023-06-22 09:30:00	268417	263591	532008	0.98
2023-06-22 10:00:00	421889	366142	788031	0.87
2023-06-22 10:30:00	502025	410760	912785	0.82
2023-06-22 11:00:00	558397	503161	1061558	0.9
2023-06-22 11:30:00	632718	534283	1167001	0.84
2023-06-22 12:00:00	730926	587605	1318531	0.8
2023-06-22 12:30:00	817216	635299	1452515	0.78
2023-06-22 13:00:00	857263	676508	1533771	0.79
2023-06-22 13:30:00	895566	729250	1624816	0.81
2023-06-22 14:00:00	966074	777329	1743403	0.8
2023-06-22 14:30:00	1023356	834368	1857724	0.82
2023-06-22 15:00:00	1147266	983177	2130443	0.86
2023-06-22 15:15:00	1181783	1034052	2215835	0.87
2023-06-21 09:00:00	198625	326331	524956	1.64
2023-06-21 09:30:00	333326	442084	775410	1.33
2023-06-21 10:00:00	425744	544619	970363	1.28
2023-06-21 10:30:00	505462	621055	1126517	1.23
2023-06-21 11:00:00	575611	725324	1300935	1.26
2023-06-21 11:30:00	638503	788190	1426693	1.23
2023-06-21 12:00:00	685439	847943	1533382	1.24
2023-06-21 12:30:00	727255	927701	1654956	1.28
2023-06-21 13:00:00	765145	981628	1746773	1.28
2023-06-21 13:30:00	806985	1036606	1843591	1.28
2023-06-21 14:00:00	897493	1108897	2006390	1.24
2023-06-21 14:30:00	958957	1172219	2131176	1.22
2023-06-21 15:00:00	1065511	1316496	2382007	1.24
2023-06-21 15:15:00	1110975	1380675	2491650	1.24
2023-06-20 09:00:00	200931	165672	366603	0.82
2023-06-20 09:30:00	304879	334364	639243	1.1
2023-06-20 10:00:00	442611	508934	951545	1.15
2023-06-20 10:30:00	585064	595943	1181007	1.02
2023-06-20 11:00:00	677885	676619	1354504	1.0
2023-06-20 11:30:00	806283	740666	1546949	0.92
2023-06-20 12:00:00	953436	866619	1820055	0.91
2023-06-20 12:30:00	1011560	977915	1989475	0.97
2023-06-20 13:00:00	1118035	1068283	2186318	0.96
2023-06-20 13:30:00	1186929	1167305	2354234	0.98
2023-06-20 14:00:00	1268026	1238175	2506201	0.98
2023-06-20 14:30:00	1356499	1353410	2709909	1.0
2023-06-20 15:00:00	1466061	1511490	2977551	1.03
2023-06-20 15:15:00	1512931	1574991	3087922	1.04
2023-06-16 09:00:00	252067	433470	685537	1.72
2023-06-16 09:30:00	413022	603474	1016496	1.46
2023-06-16 10:00:00	537477	752161	1289638	1.4
2023-06-16 10:30:00	700493	920586	1621079	1.31
2023-06-16 11:00:00	829348	1069108	1898456	1.29
2023-06-16 11:30:00	910902	1197763	2108665	1.31
2023-06-16 12:00:00	1067975	1306549	2374524	1.22
2023-06-16 12:30:00	1179803	1408020	2587823	1.19
2023-06-16 13:00:00	1242284	1499682	2741966	1.21
2023-06-16 13:30:00	1370679	1635197	3005876	1.19
2023-06-16 14:00:00	1468782	1790438	3259220	1.22
2023-06-16 14:30:00	1597413	1984258	3581671	1.24
2023-06-16 15:00:00	1847591	2228276	4075867	1.21
2023-06-16 15:15:00	1890917	2313166	4204083	1.22
2023-06-15 09:00:00	148819	190163	338982	1.28
2023-06-15 09:30:00	358111	354423	712534	0.99
2023-06-15 10:00:00	517158	482193	999351	0.93
2023-06-15 10:30:00	674831	665371	1340202	0.99
2023-06-15 11:00:00	781278	765218	1546496	0.98
2023-06-15 11:30:00	912714	859848	1772562	0.94
2023-06-15 12:00:00	1035198	960394	1995592	0.93
2023-06-15 12:30:00	1086579	1036998	2123577	0.95
2023-06-15 13:00:00	1159326	1130171	2289497	0.97
2023-06-15 13:30:00	1226721	1228480	2455201	1.0
2023-06-15 14:00:00	1327548	1358762	2686310	1.02
2023-06-15 14:30:00	1456741	1498159	2954900	1.03
2023-06-15 15:00:00	1640558	1684520	3325078	1.03
2023-06-15 15:15:00	1695740	1789972	3485712	1.06
2023-06-14 09:00:00	164284	115899	280183	0.71
2023-06-14 09:30:00	251874	180119	431993	0.72
2023-06-14 10:00:00	312935	238203	551138	0.76
2023-06-14 10:30:00	424696	318268	742964	0.75
2023-06-14 11:00:00	471833	388931	860764	0.82
2023-06-14 11:30:00	537746	440595	978341	0.82
2023-06-14 12:00:00	607918	511167	1119085	0.84
2023-06-14 12:30:00	694634	612826	1307460	0.88
2023-06-14 13:00:00	759600	666874	1426474	0.88
2023-06-14 13:30:00	910829	747054	1657883	0.82
2023-06-14 14:00:00	980032	815564	1795596	0.83
2023-06-14 14:30:00	1079810	940806	2020616	0.87
2023-06-14 15:00:00	1215491	1146852	2362343	0.94
2023-06-14 15:15:00	1302738	1268154	2570892	0.97
2023-06-13 09:00:00	208625	209903	418528	1.01
2023-06-13 09:30:00	469598	363798	833396	0.77
2023-06-13 10:00:00	585414	451041	1036455	0.77
2023-06-13 10:30:00	737024	548944	1285968	0.74
2023-06-13 11:00:00	833046	659255	1492301	0.79
2023-06-13 11:30:00	913914	740583	1654497	0.81
2023-06-13 12:00:00	981714	826841	1808555	0.84
2023-06-13 12:30:00	1032759	912339	1945098	0.88
2023-06-13 13:00:00	1091732	966063	2057795	0.88
2023-06-13 13:30:00	1138587	1036553	2175140	0.91
2023-06-13 14:00:00	1186013	1104263	2290276	0.93
2023-06-13 14:30:00	1252516	1182138	2434654	0.94
2023-06-13 15:00:00	1341157	1303236	2644393	0.97
2023-06-13 15:15:00	1376730	1364682	2741412	0.99
2023-06-12 09:00:00	88709	141732	230441	1.6
2023-06-12 09:30:00	182699	231481	414180	1.27
2023-06-12 10:00:00	269859	315202	585061	1.17
2023-06-12 10:30:00	353081	439399	792480	1.24
2023-06-12 11:00:00	423131	508581	931712	1.2
2023-06-12 11:30:00	467125	574485	1041610	1.23
2023-06-12 12:00:00	518753	618752	1137505	1.19
2023-06-12 12:30:00	563877	690536	1254413	1.22
2023-06-12 13:00:00	632341	766121	1398462	1.21
2023-06-12 13:30:00	666576	810814	1477390	1.22
2023-06-12 14:00:00	804407	879891	1684298	1.09
2023-06-12 14:30:00	925115	1035651	1960766	1.12
2023-06-12 15:00:00	1170257	1272500	2442757	1.09
2023-06-12 15:15:00	1249354	1379498	2628852	1.1
2023-06-09 09:00:00	229824	271694	501518	1.18
2023-06-09 09:30:00	427702	485561	913263	1.14
2023-06-09 10:00:00	663929	734389	1398318	1.11
2023-06-09 10:30:00	866488	932893	1799381	1.08
2023-06-09 11:00:00	1015512	1104495	2120007	1.09
2023-06-09 11:30:00	1176451	1251776	2428227	1.06
2023-06-09 12:00:00	1267434	1318239	2585673	1.04
2023-06-09 12:30:00	1357671	1389148	2746819	1.02
2023-06-09 13:00:00	1445840	1490949	2936789	1.03
2023-06-09 13:30:00	1534649	1612498	3147147	1.05
2023-06-09 14:00:00	1636275	1754351	3390626	1.07
2023-06-09 14:30:00	1740271	1863100	3603371	1.07
2023-06-09 15:00:00	1867017	2052606	3919623	1.1
2023-06-09 15:15:00	1925838	2153839	4079677	1.12
2023-06-08 09:00:00	234758	99531	334289	0.42
2023-06-08 09:30:00	341218	167663	508881	0.49
2023-06-08 10:00:00	457602	273350	730952	0.6
2023-06-08 10:30:00	570173	471153	1041326	0.83
2023-06-08 11:00:00	724634	569588	1294222	0.79
2023-06-08 11:30:00	812185	648737	1460922	0.8
2023-06-08 12:00:00	931677	715386	1647063	0.77
2023-06-08 12:30:00	984015	807362	1791377	0.82
2023-06-08 13:00:00	1047585	849794	1897379	0.81
2023-06-08 13:30:00	1089874	902417	1992291	0.83
2023-06-08 14:00:00	1129744	973672	2103416	0.86
2023-06-08 14:30:00	1179055	1064189	2243244	0.9
2023-06-08 15:00:00	1287917	1213438	2501355	0.94
2023-06-08 15:15:00	1344197	1274274	2618471	0.95
2023-06-07 09:00:00	168094	128800	296894	0.77
2023-06-07 09:30:00	245056	280980	526036	1.15
2023-06-07 10:00:00	353672	399243	752915	1.13
2023-06-07 10:30:00	432785	509704	942489	1.18
2023-06-07 11:00:00	515958	613958	1129916	1.19
2023-06-07 11:30:00	550832	670317	1221149	1.22
2023-06-07 12:00:00	590335	726930	1317265	1.23
2023-06-07 12:30:00	648538	780557	1429095	1.2
2023-06-07 13:00:00	688894	838986	1527880	1.22
2023-06-07 13:30:00	726079	875017	1601096	1.21
2023-06-07 14:00:00	770447	939717	1710164	1.22
2023-06-07 14:30:00	820476	996782	1817258	1.21
2023-06-07 15:00:00	952596	1172663	2125259	1.23
2023-06-07 15:15:00	995512	1265279	2260791	1.27
2023-06-06 09:00:00	97583	118836	216419	1.22
2023-06-06 09:30:00	213354	262607	475961	1.23
2023-06-06 10:00:00	309896	387828	697724	1.25
2023-06-06 10:30:00	447582	471479	919061	1.05
2023-06-06 11:00:00	492529	558411	1050940	1.13
2023-06-06 11:30:00	544930	632908	1177838	1.16
2023-06-06 12:00:00	615010	712282	1327292	1.16
2023-06-06 12:30:00	680982	793266	1474248	1.16
2023-06-06 13:00:00	712785	870081	1582866	1.22
2023-06-06 13:30:00	781853	925694	1707547	1.18
2023-06-06 14:00:00	838680	985106	1823786	1.17
2023-06-06 14:30:00	957377	1135711	2093088	1.19
2023-06-06 15:00:00	1122400	1323629	2446029	1.18
2023-06-06 15:15:00	1168708	1423930	2592638	1.22
2023-06-05 09:00:00	97261	115935	213196	1.19
2023-06-05 09:30:00	188309	217908	406217	1.16
2023-06-05 10:00:00	267486	328438	595924	1.23
2023-06-05 10:30:00	307210	399539	706749	1.3
2023-06-05 11:00:00	393904	462467	856371	1.17
2023-06-05 11:30:00	444597	505823	950420	1.14
2023-06-05 12:00:00	513184	547455	1060639	1.07
2023-06-05 12:30:00	631554	597220	1228774	0.95
2023-06-05 13:00:00	672328	636514	1308842	0.95
2023-06-05 13:30:00	703016	694731	1397747	0.99
2023-06-05 14:00:00	771310	795437	1566747	1.03
2023-06-05 14:30:00	821871	872311	1694182	1.06
2023-06-05 15:00:00	912499	1040625	1953124	1.14
2023-06-05 15:15:00	948069	1101439	2049508	1.16
2023-06-02 09:00:00	305013	301900	606913	0.99
2023-06-02 09:30:00	756666	493996	1250662	0.65
2023-06-02 10:00:00	1006443	692801	1699244	0.69
2023-06-02 10:30:00	1259108	922707	2181815	0.73
2023-06-02 11:00:00	1549900	1099833	2649733	0.71
2023-06-02 11:30:00	1828394	1279865	3108259	0.7
2023-06-02 12:00:00	2044597	1397492	3442089	0.68
2023-06-02 12:30:00	2200182	1511852	3712034	0.69
2023-06-02 13:00:00	2311810	1637154	3948964	0.71
2023-06-02 13:30:00	2418277	1760250	4178527	0.73
2023-06-02 14:00:00	2571018	1870016	4441034	0.73
2023-06-02 14:30:00	2764577	2025454	4790031	0.73
2023-06-02 15:00:00	2963929	2265570	5229499	0.76
2023-06-02 15:15:00	3029720	2367499	5397219	0.78
2023-06-01 09:00:00	134113	113653	247766	0.85
2023-06-01 09:30:00	338031	267282	605313	0.79
2023-06-01 10:00:00	514531	412606	927137	0.8
2023-06-01 10:30:00	612399	562400	1174799	0.92
2023-06-01 11:00:00	736489	670634	1407123	0.91
2023-06-01 11:30:00	846304	761241	1607545	0.9
2023-06-01 12:00:00	933805	838349	1772154	0.9
2023-06-01 12:30:00	974705	889885	1864590	0.91
2023-06-01 13:00:00	1125704	954378	2080082	0.85
2023-06-01 13:30:00	1201674	1047114	2248788	0.87
2023-06-01 14:00:00	1253685	1113376	2367061	0.89
2023-06-01 14:30:00	1328094	1217830	2545924	0.92
2023-06-01 15:00:00	1419694	1379308	2799002	0.97
2023-06-01 15:15:00	1467803	1435124	2902927	0.98
2023-05-31 09:00:00	64834	105983	170817	1.63
2023-05-31 09:30:00	123671	221170	344841	1.79
2023-05-31 10:00:00	194041	311918	505959	1.61
2023-05-31 10:30:00	231441	364510	595951	1.57
2023-05-31 11:00:00	260168	407781	667949	1.57
2023-05-31 11:30:00	303765	441948	745713	1.45
2023-05-31 12:00:00	352751	510334	863085	1.45
2023-05-31 12:30:00	377989	551644	929633	1.46
2023-05-31 13:00:00	417553	607807	1025360	1.46
2023-05-31 13:30:00	456169	665336	1121505	1.46
2023-05-31 14:00:00	499452	706292	1205744	1.41
2023-05-31 14:30:00	552390	775516	1327906	1.4
2023-05-31 15:00:00	635841	941793	1577634	1.48
2023-05-31 15:15:00	702773	1015297	1718070	1.44
2023-05-30 09:00:00	247840	239318	487158	0.97
2023-05-30 09:30:00	475603	425558	901161	0.89
2023-05-30 10:00:00	572789	549182	1121971	0.96
2023-05-30 10:30:00	676098	667717	1343815	0.99
2023-05-30 11:00:00	754853	739581	1494434	0.98
2023-05-30 11:30:00	812019	815143	1627162	1.0
2023-05-30 12:00:00	894748	891716	1786464	1.0
2023-05-30 12:30:00	954430	973712	1928142	1.02
2023-05-30 13:00:00	1039079	1084884	2123963	1.04
2023-05-30 13:30:00	1186609	1236802	2423411	1.04
2023-05-30 14:00:00	1318293	1361163	2679456	1.03
2023-05-30 14:30:00	1419548	1502651	2922199	1.06
2023-05-30 15:00:00	1564602	1693448	3258050	1.08
2023-05-30 15:15:00	1597126	1756171	3353297	1.1
2023-05-26 09:00:00	189706	177774	367480	0.94
2023-05-26 09:30:00	343910	393333	737243	1.14
2023-05-26 10:00:00	544919	544958	1089877	1.0
2023-05-26 10:30:00	650299	689467	1339766	1.06
2023-05-26 11:00:00	745897	794292	1540189	1.06
2023-05-26 11:30:00	818615	878336	1696951	1.07
2023-05-26 12:00:00	894865	980544	1875409	1.1
2023-05-26 12:30:00	972047	1046927	2018974	1.08
2023-05-26 13:00:00	1037070	1125524	2162594	1.09
2023-05-26 13:30:00	1099799	1222745	2322544	1.11
2023-05-26 14:00:00	1222853	1367029	2589882	1.12
2023-05-26 14:30:00	1394764	1539276	2934040	1.1
2023-05-26 15:00:00	1601899	1776403	3378302	1.11
2023-05-26 15:15:00	1646359	1865319	3511678	1.13
2023-05-25 09:00:00	94711	125693	220404	1.33
2023-05-25 09:30:00	139545	206475	346020	1.48
2023-05-25 10:00:00	199590	260286	459876	1.3
2023-05-25 10:30:00	252554	330734	583288	1.31
2023-05-25 11:00:00	293183	382710	675893	1.31
2023-05-25 11:30:00	328659	441781	770440	1.34
2023-05-25 12:00:00	362400	493441	855841	1.36
2023-05-25 12:30:00	406767	535286	942053	1.32
2023-05-25 13:00:00	422299	653835	1076134	1.55
2023-05-25 13:30:00	468967	705641	1174608	1.5
2023-05-25 14:00:00	522705	740704	1263409	1.42
2023-05-25 14:30:00	562087	807321	1369408	1.44
2023-05-25 15:00:00	636817	962504	1599321	1.51
2023-05-25 15:15:00	677026	1010470	1687496	1.49
2023-05-24 09:00:00	127426	175949	303375	1.38
2023-05-24 09:30:00	219754	378000	597754	1.72
2023-05-24 10:00:00	346595	453556	800151	1.31
2023-05-24 10:30:00	438561	569759	1008320	1.3
2023-05-24 11:00:00	479217	633779	1112996	1.32
2023-05-24 11:30:00	570965	740110	1311075	1.3
2023-05-24 12:00:00	617405	799967	1417372	1.3
2023-05-24 12:30:00	659303	846259	1505562	1.28
2023-05-24 13:00:00	707024	926901	1633925	1.31
2023-05-24 13:30:00	748208	977312	1725520	1.31
2023-05-24 14:00:00	793017	1037741	1830758	1.31
2023-05-24 14:30:00	862590	1128714	1991304	1.31
2023-05-24 15:00:00	980530	1314095	2294625	1.34
2023-05-24 15:15:00	1018356	1386137	2404493	1.36
2023-05-23 09:00:00	91823	92538	184361	1.01
2023-05-23 09:30:00	146774	165744	312518	1.13
2023-05-23 10:00:00	199498	238797	438295	1.2
2023-05-23 10:30:00	236281	282366	518647	1.2
2023-05-23 11:00:00	263987	355333	619320	1.35
2023-05-23 11:30:00	292223	388785	681008	1.33
2023-05-23 12:00:00	373220	461975	835195	1.24
2023-05-23 12:30:00	417036	521216	938252	1.25
2023-05-23 13:00:00	495076	606511	1101587	1.23
2023-05-23 13:30:00	569498	692354	1261852	1.22
2023-05-23 14:00:00	647188	786281	1433469	1.21
2023-05-23 14:30:00	766646	865438	1632084	1.13
2023-05-23 15:00:00	846573	1002796	1849369	1.18
2023-05-23 15:15:00	896603	1067915	1964518	1.19
2023-05-22 09:00:00	80548	104366	184914	1.3
2023-05-22 09:30:00	473764	204779	678543	0.43
2023-05-22 10:00:00	533887	288845	822732	0.54
2023-05-22 10:30:00	606091	342248	948339	0.56
2023-05-22 11:00:00	654965	407500	1062465	0.62
2023-05-22 11:30:00	685688	455621	1141309	0.66
2023-05-22 12:00:00	801539	518508	1320047	0.65
2023-05-22 12:30:00	844261	585955	1430216	0.69
2023-05-22 13:00:00	890829	657372	1548201	0.74
2023-05-22 13:30:00	1027043	729877	1756920	0.71
2023-05-22 14:00:00	1125760	814748	1940508	0.72
2023-05-22 14:30:00	1163433	904470	2067903	0.78
2023-05-22 15:00:00	1268352	1044431	2312783	0.82
2023-05-22 15:15:00	1309904	1095367	2405271	0.84
2023-05-19 09:00:00	200362	182321	382683	0.91
2023-05-19 09:30:00	375786	336880	712666	0.9
2023-05-19 10:00:00	496386	501712	998098	1.01
2023-05-19 10:30:00	669806	658741	1328547	0.98
2023-05-19 11:00:00	800675	912298	1712973	1.14
2023-05-19 11:30:00	1141909	1091658	2233567	0.96
2023-05-19 12:00:00	1281193	1255714	2536907	0.98
2023-05-19 12:30:00	1361391	1341636	2703027	0.99
2023-05-19 13:00:00	1457497	1427138	2884635	0.98
2023-05-19 13:30:00	1558506	1541043	3099549	0.99
2023-05-19 14:00:00	1662311	1644900	3307211	0.99
2023-05-19 14:30:00	1782459	1794572	3577031	1.01
2023-05-19 15:00:00	1898190	1969427	3867617	1.04
2023-05-19 15:15:00	1937822	2076679	4014501	1.07
2023-05-18 09:00:00	127393	102676	230069	0.81
2023-05-18 09:30:00	762988	234021	997009	0.31
2023-05-18 10:00:00	856751	377610	1234361	0.44
2023-05-18 10:30:00	1065010	471878	1536888	0.44
2023-05-18 11:00:00	1129850	535935	1665785	0.47
2023-05-18 11:30:00	1183428	616732	1800160	0.52
2023-05-18 12:00:00	1260320	679617	1939937	0.54
2023-05-18 12:30:00	1324295	775140	2099435	0.59
2023-05-18 13:00:00	1362872	834292	2197164	0.61
2023-05-18 13:30:00	1405035	895706	2300741	0.64
2023-05-18 14:00:00	1457113	988763	2445876	0.68
2023-05-18 14:30:00	1582559	1105728	2688287	0.7
2023-05-18 15:00:00	1769503	1326053	3095556	0.75
2023-05-18 15:15:00	1848077	1411324	3259401	0.76
2023-05-17 09:00:00	167620	205291	372911	1.22
2023-05-17 09:30:00	248328	292494	540822	1.18
2023-05-17 10:00:00	314671	369441	684112	1.17
2023-05-17 10:30:00	487375	442860	930235	0.91
2023-05-17 11:00:00	555166	488493	1043659	0.88
2023-05-17 11:30:00	566526	557040	1123566	0.98
2023-05-17 12:00:00	702323	721799	1424122	1.03
2023-05-17 12:30:00	806692	848392	1655084	1.05
2023-05-17 13:00:00	892461	939553	1832014	1.05
2023-05-17 13:30:00	950640	1000374	1951014	1.05
2023-05-17 14:00:00	993857	1086763	2080620	1.09
2023-05-17 14:30:00	1053550	1154179	2207729	1.1
2023-05-17 15:00:00	1139690	1284504	2424194	1.13
2023-05-17 15:15:00	1181491	1420606	2602097	1.2
2023-05-16 09:00:00	96994	112625	209619	1.16
2023-05-16 09:30:00	168615	235534	404149	1.4
2023-05-16 10:00:00	251104	334394	585498	1.33
2023-05-16 10:30:00	341558	396951	738509	1.16
2023-05-16 11:00:00	492260	516554	1008814	1.05
2023-05-16 11:30:00	572857	581853	1154710	1.02
2023-05-16 12:00:00	650648	636238	1286886	0.98
2023-05-16 12:30:00	686558	670122	1356680	0.98
2023-05-16 13:00:00	928848	722695	1651543	0.78
2023-05-16 13:30:00	969245	789146	1758391	0.81
2023-05-16 14:00:00	1037582	862615	1900197	0.83
2023-05-16 14:30:00	1109643	948701	2058344	0.85
2023-05-16 15:00:00	1196681	1110044	2306725	0.93
2023-05-16 15:15:00	1255995	1199798	2455793	0.96
2023-05-15 09:00:00	92226	106573	198799	1.16
2023-05-15 09:30:00	172671	184931	357602	1.07
2023-05-15 10:00:00	214876	246953	461829	1.15
2023-05-15 10:30:00	282994	309470	592464	1.09
2023-05-15 11:00:00	331657	395957	727614	1.19
2023-05-15 11:30:00	384683	496415	881098	1.29
2023-05-15 12:00:00	431905	549864	981769	1.27
2023-05-15 12:30:00	547980	628087	1176067	1.15
2023-05-15 13:00:00	635716	714949	1350665	1.12
2023-05-15 13:30:00	721625	770175	1491800	1.07
2023-05-15 14:00:00	761397	832150	1593547	1.09
2023-05-15 14:30:00	794319	892286	1686605	1.12
2023-05-15 15:00:00	902348	1059368	1961716	1.17
2023-05-15 15:15:00	943560	1119599	2063159	1.19
2023-05-12 09:00:00	184418	228952	413370	1.24
2023-05-12 09:30:00	349417	405142	754559	1.16
2023-05-12 10:00:00	468281	527595	995876	1.13
2023-05-12 10:30:00	561215	663152	1224367	1.18
2023-05-12 11:00:00	658471	784791	1443262	1.19
2023-05-12 11:30:00	754419	903175	1657594	1.2
2023-05-12 12:00:00	867710	1007866	1875576	1.16
2023-05-12 12:30:00	1051197	1151672	2202869	1.1
2023-05-12 13:00:00	1136615	1227197	2363812	1.08
2023-05-12 13:30:00	1240775	1327188	2567963	1.07
2023-05-12 14:00:00	1314469	1430875	2745344	1.09
2023-05-12 14:30:00	1431669	1576161	3007830	1.1
2023-05-12 15:00:00	1712070	1863765	3575835	1.09
2023-05-12 15:15:00	1744635	1944382	3689017	1.11
2023-05-11 09:00:00	75797	110824	186621	1.46
2023-05-11 09:30:00	127683	188428	316111	1.48
2023-05-11 10:00:00	204331	276980	481311	1.36
2023-05-11 10:30:00	296736	343919	640655	1.16
2023-05-11 11:00:00	353057	385185	738242	1.09
2023-05-11 11:30:00	391635	461624	853259	1.18
2023-05-11 12:00:00	554692	496295	1050987	0.89
2023-05-11 12:30:00	585671	538111	1123782	0.92
2023-05-11 13:00:00	613132	588805	1201937	0.96
2023-05-11 13:30:00	648782	631038	1279820	0.97
2023-05-11 14:00:00	724307	709758	1434065	0.98
2023-05-11 14:30:00	864066	808248	1672314	0.94
2023-05-11 15:00:00	996661	1025285	2021946	1.03
2023-05-11 15:15:00	1043589	1075583	2119172	1.03
2023-05-10 09:00:00	190089	204391	394480	1.08
2023-05-10 09:30:00	242406	301786	544192	1.24
2023-05-10 10:00:00	307611	371921	679532	1.21
2023-05-10 10:30:00	396662	443735	840397	1.12
2023-05-10 11:00:00	527310	512345	1039655	0.97
2023-05-10 11:30:00	577850	609512	1187362	1.05
2023-05-10 12:00:00	625024	666121	1291145	1.07
2023-05-10 12:30:00	678186	730068	1408254	1.08
2023-05-10 13:00:00	775167	858326	1633493	1.11
2023-05-10 13:30:00	873090	910995	1784085	1.04
2023-05-10 14:00:00	928806	980919	1909725	1.06
2023-05-10 14:30:00	1048033	1091608	2139641	1.04
2023-05-10 15:00:00	1144823	1228858	2373681	1.07
2023-05-10 15:15:00	1191039	1278551	2469590	1.07
2023-05-09 09:00:00	126571	95978	222549	0.76
2023-05-09 09:30:00	243358	173329	416687	0.71
2023-05-09 10:00:00	287129	233060	520189	0.81
2023-05-09 10:30:00	351147	287151	638298	0.82
2023-05-09 11:00:00	375028	329685	704713	0.88
2023-05-09 11:30:00	401617	358844	760461	0.89
2023-05-09 12:00:00	425760	400782	826542	0.94
2023-05-09 12:30:00	488565	446814	935379	0.91
2023-05-09 13:00:00	532260	524313	1056573	0.99
2023-05-09 13:30:00	581545	556804	1138349	0.96
2023-05-09 14:00:00	620743	623046	1243789	1.0
2023-05-09 14:30:00	682999	714844	1397843	1.05
2023-05-09 15:00:00	764535	831737	1596272	1.09
2023-05-09 15:15:00	814264	887315	1701579	1.09
2023-05-08 09:00:00	74765	89957	164722	1.2
2023-05-08 09:30:00	127009	174652	301661	1.38
2023-05-08 10:00:00	175660	217674	393334	1.24
2023-05-08 10:30:00	206331	280722	487053	1.36
2023-05-08 11:00:00	231629	335158	566787	1.45
2023-05-08 11:30:00	295214	373138	668352	1.26
2023-05-08 12:00:00	339935	403727	743662	1.19
2023-05-08 12:30:00	371117	458048	829165	1.23
2023-05-08 13:00:00	410020	508246	918266	1.24
2023-05-08 13:30:00	471388	626919	1098307	1.33
2023-05-08 14:00:00	517631	698314	1215945	1.35
2023-05-08 14:30:00	577074	769759	1346833	1.33
2023-05-08 15:00:00	661382	908101	1569483	1.37
2023-05-08 15:15:00	684488	958836	1643324	1.4
2023-05-05 09:00:00	212111	213657	425768	1.01
2023-05-05 09:30:00	382274	427587	809861	1.12
2023-05-05 10:00:00	486648	593976	1080624	1.22
2023-05-05 10:30:00	647537	735150	1382687	1.14
2023-05-05 11:00:00	744152	816928	1561080	1.1
2023-05-05 11:30:00	822469	885739	1708208	1.08
2023-05-05 12:00:00	915559	986610	1902169	1.08
2023-05-05 12:30:00	1005118	1058603	2063721	1.05
2023-05-05 13:00:00	1092654	1146106	2238760	1.05
2023-05-05 13:30:00	1263474	1282284	2545758	1.01
2023-05-05 14:00:00	1452215	1421539	2873754	0.98
2023-05-05 14:30:00	1593148	1577898	3171046	0.99
2023-05-05 15:00:00	1757008	1858677	3615685	1.06
2023-05-05 15:15:00	1787823	1975551	3763374	1.11
2023-05-04 09:00:00	172658	169767	342425	0.98
2023-05-04 09:30:00	510756	340036	850792	0.67
2023-05-04 10:00:00	708138	484941	1193079	0.68
2023-05-04 10:30:00	1222318	582946	1805264	0.48
2023-05-04 11:00:00	1351187	681367	2032554	0.5
2023-05-04 11:30:00	1485896	817698	2303594	0.55
2023-05-04 12:00:00	1592944	879687	2472631	0.55
2023-05-04 12:30:00	1637112	983856	2620968	0.6
2023-05-04 13:00:00	1672497	1029396	2701893	0.62
2023-05-04 13:30:00	1737701	1078315	2816016	0.62
2023-05-04 14:00:00	1791218	1152862	2944080	0.64
2023-05-04 14:30:00	1874835	1253707	3128542	0.67
2023-05-04 15:00:00	1993892	1406838	3400730	0.71
2023-05-04 15:15:00	2021617	1464921	3486538	0.72
2023-05-03 09:00:00	62386	79815	142201	1.28
2023-05-03 09:30:00	123013	154176	277189	1.25
2023-05-03 10:00:00	162019	193675	355694	1.2
2023-05-03 10:30:00	221788	283196	504984	1.28
2023-05-03 11:00:00	261707	334643	596350	1.28
2023-05-03 11:30:00	289854	373526	663380	1.29
2023-05-03 12:00:00	315314	403702	719016	1.28
2023-05-03 12:30:00	340298	453237	793535	1.33
2023-05-03 13:00:00	364058	506554	870612	1.39
2023-05-03 13:30:00	404092	570598	974690	1.41
2023-05-03 14:00:00	459114	659976	1119090	1.44
2023-05-03 14:30:00	556718	804972	1361690	1.45
2023-05-03 15:00:00	717108	1034154	1751262	1.44
2023-05-03 15:15:00	757431	1114154	1871585	1.47
2023-05-02 09:00:00	196510	141176	337686	0.72
2023-05-02 09:30:00	389654	311811	701465	0.8
2023-05-02 10:00:00	581078	479561	1060639	0.83
2023-05-02 10:30:00	770419	631973	1402392	0.82
2023-05-02 11:00:00	900669	737747	1638416	0.82
2023-05-02 11:30:00	957562	824040	1781602	0.86
2023-05-02 12:00:00	1041799	893389	1935188	0.86
2023-05-02 12:30:00	1088405	959037	2047442	0.88
2023-05-02 13:00:00	1157581	1001002	2158583	0.86
2023-05-02 13:30:00	1216110	1054667	2270777	0.87
2023-05-02 14:00:00	1278241	1125371	2403612	0.88
2023-05-02 14:30:00	1337415	1236955	2574370	0.92
2023-05-02 15:00:00	1412289	1386942	2799231	0.98
2023-05-02 15:15:00	1438352	1437394	2875746	1.0
2023-05-01 09:00:00	111918	103076	214994	0.92
2023-05-01 09:30:00	193112	232596	425708	1.2
2023-05-01 10:00:00	299655	322874	622529	1.08
2023-05-01 10:30:00	388767	418604	807371	1.08
2023-05-01 11:00:00	431816	494898	926714	1.15
2023-05-01 11:30:00	459474	542069	1001543	1.18
2023-05-01 12:00:00	503763	617470	1121233	1.23
2023-05-01 12:30:00	573298	649920	1223218	1.13
2023-05-01 13:00:00	602389	697716	1300105	1.16
2023-05-01 13:30:00	641433	739005	1380438	1.15
2023-05-01 14:00:00	688228	796856	1485084	1.16
2023-05-01 14:30:00	727112	858429	1585541	1.18
2023-05-01 15:00:00	816844	1004346	1821190	1.23
2023-05-01 15:15:00	845846	1051662	1897508	1.24
2023-04-28 09:00:00	182947	168583	351530	0.92
2023-04-28 09:30:00	427316	398216	825532	0.93
2023-04-28 10:00:00	609414	600375	1209789	0.99
2023-04-28 10:30:00	718721	712749	1431470	0.99
2023-04-28 11:00:00	831860	860353	1692213	1.03
2023-04-28 11:30:00	988406	974078	1962484	0.99
2023-04-28 12:00:00	1079936	1093990	2173926	1.01
2023-04-28 12:30:00	1155305	1181764	2337069	1.02
2023-04-28 13:00:00	1254062	1271436	2525498	1.01
2023-04-28 13:30:00	1339982	1372343	2712325	1.02
2023-04-28 14:00:00	1474228	1515575	2989803	1.03
2023-04-28 14:30:00	1637392	1675759	3313151	1.02
2023-04-28 15:00:00	1806189	1878507	3684696	1.04
2023-04-28 15:15:00	1912238	2009654	3921892	1.05
2023-04-27 09:00:00	112911	116961	229872	1.04
2023-04-27 09:30:00	200882	211822	412704	1.05
2023-04-27 10:00:00	272739	333679	606418	1.22
2023-04-27 10:30:00	345605	435858	781463	1.26
2023-04-27 11:00:00	403767	489014	892781	1.21
2023-04-27 11:30:00	441427	541754	983181	1.23
2023-04-27 12:00:00	527751	592384	1120135	1.12
2023-04-27 12:30:00	567493	655403	1222896	1.15
2023-04-27 13:00:00	632984	721176	1354160	1.14
2023-04-27 13:30:00	713268	808806	1522074	1.13
2023-04-27 14:00:00	798782	925436	1724218	1.16
2023-04-27 14:30:00	873868	1050629	1924497	1.2
2023-04-27 15:00:00	1036868	1211377	2248245	1.17
2023-04-27 15:15:00	1089245	1300571	2389816	1.19
2023-04-26 09:00:00	96641	86928	183569	0.9
2023-04-26 09:30:00	231349	205469	436818	0.89
2023-04-26 10:00:00	299016	257186	556202	0.86
2023-04-26 10:30:00	361368	328912	690280	0.91
2023-04-26 11:00:00	423331	418118	841449	0.99
2023-04-26 11:30:00	471738	459420	931158	0.97
2023-04-26 12:00:00	501025	493984	995009	0.99
2023-04-26 12:30:00	552015	531031	1083046	0.96
2023-04-26 13:00:00	598053	586157	1184210	0.98
2023-04-26 13:30:00	651549	651881	1303430	1.0
2023-04-26 14:00:00	714899	715484	1430383	1.0
2023-04-26 14:30:00	799950	801808	1601758	1.0
2023-04-26 15:00:00	919083	931252	1850335	1.01
2023-04-26 15:15:00	953647	991076	1944723	1.04
2023-04-25 09:00:00	81311	119235	200546	1.47
2023-04-25 09:30:00	178712	230569	409281	1.29
2023-04-25 10:00:00	259208	313547	572755	1.21
2023-04-25 10:30:00	374369	404967	779336	1.08
2023-04-25 11:00:00	432755	452597	885352	1.05
2023-04-25 11:30:00	480428	495237	975665	1.03
2023-04-25 12:00:00	530226	566202	1096428	1.07
2023-04-25 12:30:00	646541	667697	1314238	1.03
2023-04-25 13:00:00	711588	771168	1482756	1.08
2023-04-25 13:30:00	816670	904289	1720959	1.11
2023-04-25 14:00:00	944299	978348	1922647	1.04
2023-04-25 14:30:00	1042944	1072714	2115658	1.03
2023-04-25 15:00:00	1170699	1250017	2420716	1.07
2023-04-25 15:15:00	1220922	1301907	2522829	1.07
2023-04-24 09:00:00	73684	103197	176881	1.4
2023-04-24 09:30:00	158522	163583	322105	1.03
2023-04-24 10:00:00	222290	241975	464265	1.09
2023-04-24 10:30:00	263950	320633	584583	1.21
2023-04-24 11:00:00	301070	367479	668549	1.22
2023-04-24 11:30:00	332691	438303	770994	1.32
2023-04-24 12:00:00	378926	480137	859063	1.27
2023-04-24 12:30:00	456478	539957	996435	1.18
2023-04-24 13:00:00	494853	597300	1092153	1.21
2023-04-24 13:30:00	530904	634149	1165053	1.19
2023-04-24 14:00:00	567590	666245	1233835	1.17
2023-04-24 14:30:00	718184	758701	1476885	1.06
2023-04-24 15:00:00	799929	879796	1679725	1.1
2023-04-24 15:15:00	827941	923695	1751636	1.12
2023-04-21 09:00:00	149697	218565	368262	1.46
2023-04-21 09:30:00	315604	373921	689525	1.18
2023-04-21 10:00:00	485654	521170	1006824	1.07
2023-04-21 10:30:00	637434	661506	1298940	1.04
2023-04-21 11:00:00	713778	746362	1460140	1.05
2023-04-21 11:30:00	907719	831714	1739433	0.92
2023-04-21 12:00:00	952629	893833	1846462	0.94
2023-04-21 12:30:00	1018991	965985	1984976	0.95
2023-04-21 13:00:00	1125362	1059772	2185134	0.94
2023-04-21 13:30:00	1205136	1141307	2346443	0.95
2023-04-21 14:00:00	1283181	1247247	2530428	0.97
2023-04-21 14:30:00	1392808	1361933	2754741	0.98
2023-04-21 15:00:00	1518970	1509988	3028958	0.99
2023-04-21 15:15:00	1582095	1617619	3199714	1.02
2023-04-20 09:00:00	171394	151792	323186	0.89
2023-04-20 09:30:00	270565	275632	546197	1.02
2023-04-20 10:00:00	341024	352865	693889	1.03
2023-04-20 10:30:00	385584	402900	788484	1.04
2023-04-20 11:00:00	448133	465319	913452	1.04
2023-04-20 11:30:00	647512	523140	1170652	0.81
2023-04-20 12:00:00	698388	562682	1261070	0.81
2023-04-20 12:30:00	745804	692805	1438609	0.93
2023-04-20 13:00:00	785506	774218	1559724	0.99
2023-04-20 13:30:00	823825	834647	1658472	1.01
2023-04-20 14:00:00	915176	925689	1840865	1.01
2023-04-20 14:30:00	1048623	1072581	2121204	1.02
2023-04-20 15:00:00	1138399	1231424	2369823	1.08
2023-04-20 15:15:00	1179645	1300466	2480111	1.1
2023-04-19 09:00:00	224722	260514	485236	1.16
2023-04-19 09:30:00	283573	347913	631486	1.23
2023-04-19 10:00:00	381390	436128	817518	1.14
2023-04-19 10:30:00	602021	570929	1172950	0.95
2023-04-19 11:00:00	675681	709744	1385425	1.05
2023-04-19 11:30:00	852944	851765	1704709	1.0
2023-04-19 12:00:00	911848	911398	1823246	1.0
2023-04-19 12:30:00	964433	991820	1956253	1.03
2023-04-19 13:00:00	997488	1059479	2056967	1.06
2023-04-19 13:30:00	1078455	1130268	2208723	1.05
2023-04-19 14:00:00	1107038	1184289	2291327	1.07
2023-04-19 14:30:00	1212982	1263186	2476168	1.04
2023-04-19 15:00:00	1368012	1447402	2815414	1.06
2023-04-19 15:15:00	1404163	1522211	2926374	1.08
2023-04-18 09:00:00	118333	155982	274315	1.32
2023-04-18 09:30:00	301443	356417	657860	1.18
2023-04-18 10:00:00	394124	478382	872506	1.21
2023-04-18 10:30:00	486885	561662	1048547	1.15
2023-04-18 11:00:00	547437	627844	1175281	1.15
2023-04-18 11:30:00	616428	692769	1309197	1.12
2023-04-18 12:00:00	682997	762002	1444999	1.12
2023-04-18 12:30:00	729626	828559	1558185	1.14
2023-04-18 13:00:00	783295	900614	1683909	1.15
2023-04-18 13:30:00	829913	967425	1797338	1.17
2023-04-18 14:00:00	880516	1061419	1941935	1.21
2023-04-18 14:30:00	1035342	1164916	2200258	1.13
2023-04-18 15:00:00	1318438	1353828	2672266	1.03
2023-04-18 15:15:00	1351563	1406936	2758499	1.04
2023-04-17 09:00:00	116539	155436	271975	1.33
2023-04-17 09:30:00	187274	318126	505400	1.7
2023-04-17 10:00:00	253697	425199	678896	1.68
2023-04-17 10:30:00	304191	503992	808183	1.66
2023-04-17 11:00:00	368326	566483	934809	1.54
2023-04-17 11:30:00	402456	602903	1005359	1.5
2023-04-17 12:00:00	462864	686558	1149422	1.48
2023-04-17 12:30:00	500442	731553	1231995	1.46
2023-04-17 13:00:00	523503	797132	1320635	1.52
2023-04-17 13:30:00	560166	872777	1432943	1.56
2023-04-17 14:00:00	614952	976430	1591382	1.59
2023-04-17 14:30:00	743766	1062153	1805919	1.43
2023-04-17 15:00:00	859274	1238873	2098147	1.44
2023-04-17 15:15:00	907919	1327695	2235614	1.46
2023-04-14 09:00:00	292298	241177	533475	0.83
2023-04-14 09:30:00	487924	443483	931407	0.91
2023-04-14 10:00:00	728415	612442	1340857	0.84
2023-04-14 10:30:00	828013	720929	1548942	0.87
2023-04-14 11:00:00	930174	814092	1744266	0.88
2023-04-14 11:30:00	1075676	913246	1988922	0.85
2023-04-14 12:00:00	1161559	1012217	2173776	0.87
2023-04-14 12:30:00	1238864	1106087	2344951	0.89
2023-04-14 13:00:00	1313407	1198821	2512228	0.91
2023-04-14 13:30:00	1407884	1310150	2718034	0.93
2023-04-14 14:00:00	1513603	1439810	2953413	0.95
2023-04-14 14:30:00	1669975	1626712	3296687	0.97
2023-04-14 15:00:00	1845587	1838192	3683779	1.0
2023-04-14 15:15:00	1931549	1930552	3862101	1.0
2023-04-13 09:00:00	104997	93243	198240	0.89
2023-04-13 09:30:00	374695	173144	547839	0.46
2023-04-13 10:00:00	451393	271418	722811	0.6
2023-04-13 10:30:00	566035	338334	904369	0.6
2023-04-13 11:00:00	617256	420212	1037468	0.68
2023-04-13 11:30:00	666716	481737	1148453	0.72
2023-04-13 12:00:00	717424	540987	1258411	0.75
2023-04-13 12:30:00	756692	589399	1346091	0.78
2023-04-13 13:00:00	824289	649072	1473361	0.79
2023-04-13 13:30:00	893457	750496	1643953	0.84
2023-04-13 14:00:00	988635	841356	1829991	0.85
2023-04-13 14:30:00	1101218	956630	2057848	0.87
2023-04-13 15:00:00	1222315	1115758	2338073	0.91
2023-04-13 15:15:00	1257124	1195696	2452820	0.95
2023-04-12 09:00:00	127919	110345	238264	0.86
2023-04-12 09:30:00	212315	185253	397568	0.87
2023-04-12 10:00:00	311133	288016	599149	0.93
2023-04-12 10:30:00	379066	388120	767186	1.02
2023-04-12 11:00:00	462073	439061	901134	0.95
2023-04-12 11:30:00	492059	487997	980056	0.99
2023-04-12 12:00:00	514014	535225	1049239	1.04
2023-04-12 12:30:00	547427	568301	1115728	1.04
2023-04-12 13:00:00	602464	622605	1225069	1.03
2023-04-12 13:30:00	652870	699921	1352791	1.07
2023-04-12 14:00:00	732744	787824	1520568	1.08
2023-04-12 14:30:00	864757	869181	1733938	1.01
2023-04-12 15:00:00	985986	996482	1982468	1.01
2023-04-12 15:15:00	1029683	1061792	2091475	1.03
2023-04-11 09:00:00	69403	99159	168562	1.43
2023-04-11 09:30:00	149924	196959	346883	1.31
2023-04-11 10:00:00	199667	291214	490881	1.46
2023-04-11 10:30:00	276689	343569	620258	1.24
2023-04-11 11:00:00	312804	374851	687655	1.2
2023-04-11 11:30:00	344290	444985	789275	1.29
2023-04-11 12:00:00	413774	522017	935791	1.26
2023-04-11 12:30:00	485113	608522	1093635	1.25
2023-04-11 13:00:00	514002	644273	1158275	1.25
2023-04-11 13:30:00	543221	696692	1239913	1.28
2023-04-11 14:00:00	605038	750901	1355939	1.24
2023-04-11 14:30:00	651924	949018	1600942	1.46
2023-04-11 15:00:00	804530	1115256	1919786	1.39
2023-04-11 15:15:00	842071	1156752	1998823	1.37
2023-04-10 09:00:00	115583	106743	222326	0.92
2023-04-10 09:30:00	185595	156787	342382	0.84
2023-04-10 10:00:00	247057	217588	464645	0.88
2023-04-10 10:30:00	279193	339323	618516	1.22
2023-04-10 11:00:00	320998	398568	719566	1.24
2023-04-10 11:30:00	348337	454265	802602	1.3
2023-04-10 12:00:00	387729	499375	887104	1.29
2023-04-10 12:30:00	439855	575546	1015401	1.31
2023-04-10 13:00:00	468268	619111	1087379	1.32
2023-04-10 13:30:00	508512	655098	1163610	1.29
2023-04-10 14:00:00	540432	705915	1246347	1.31
2023-04-10 14:30:00	577608	834146	1411754	1.44
2023-04-10 15:00:00	629263	944894	1574157	1.5
2023-04-10 15:15:00	656807	1011435	1668242	1.54
2023-04-06 09:00:00	132856	224778	357634	1.69
2023-04-06 09:30:00	285066	355306	640372	1.25
2023-04-06 10:00:00	381840	459159	840999	1.2
2023-04-06 10:30:00	479067	546244	1025311	1.14
2023-04-06 11:00:00	593551	691141	1284692	1.16
2023-04-06 11:30:00	713960	784208	1498168	1.1
2023-04-06 12:00:00	906903	928081	1834984	1.02
2023-04-06 12:30:00	1021401	1078292	2099693	1.06
2023-04-06 13:00:00	1081530	1152648	2234178	1.07
2023-04-06 13:30:00	1230317	1275240	2505557	1.04
2023-04-06 14:00:00	1310513	1369171	2679684	1.04
2023-04-06 14:30:00	1389253	1475768	2865021	1.06
2023-04-06 15:00:00	1511292	1665047	3176339	1.1
2023-04-06 15:15:00	1533564	1724543	3258107	1.12
2023-04-05 09:00:00	62423	86747	149170	1.39
2023-04-05 09:30:00	141537	174684	316221	1.23
2023-04-05 10:00:00	190226	279318	469544	1.47
2023-04-05 10:30:00	237428	324295	561723	1.37
2023-04-05 11:00:00	349007	411329	760336	1.18
2023-04-05 11:30:00	382982	462878	845860	1.21
2023-04-05 12:00:00	419243	501479	920722	1.2
2023-04-05 12:30:00	452636	533922	986558	1.18
2023-04-05 13:00:00	473407	561354	1034761	1.19
2023-04-05 13:30:00	495930	601198	1097128	1.21
2023-04-05 14:00:00	544683	654971	1199654	1.2
2023-04-05 14:30:00	600917	712268	1313185	1.19
2023-04-05 15:00:00	699414	822925	1522339	1.18
2023-04-05 15:15:00	734947	886403	1621350	1.21
2023-04-04 09:00:00	130197	134972	265169	1.04
2023-04-04 09:30:00	206330	286823	493153	1.39
2023-04-04 10:00:00	275631	395407	671038	1.43
2023-04-04 10:30:00	394630	494651	889281	1.25
2023-04-04 11:00:00	463597	551641	1015238	1.19
2023-04-04 11:30:00	541355	617487	1158842	1.14
2023-04-04 12:00:00	583307	668146	1251453	1.15
2023-04-04 12:30:00	624659	708745	1333404	1.13
2023-04-04 13:00:00	652008	756292	1408300	1.16
2023-04-04 13:30:00	687516	799964	1487480	1.16
2023-04-04 14:00:00	749363	846305	1595668	1.13
2023-04-04 14:30:00	864819	908616	1773435	1.05
2023-04-04 15:00:00	937373	1025368	1962741	1.09
2023-04-04 15:15:00	964233	1073263	2037496	1.11
2023-04-03 09:00:00	149084	162276	311360	1.09
2023-04-03 09:30:00	276927	240177	517104	0.87
2023-04-03 10:00:00	349026	399063	748089	1.14
2023-04-03 10:30:00	455134	485494	940628	1.07
2023-04-03 11:00:00	519756	549136	1068892	1.06
2023-04-03 11:30:00	592398	608132	1200530	1.03
2023-04-03 12:00:00	626285	670956	1297241	1.07
2023-04-03 12:30:00	650047	728627	1378674	1.12
2023-04-03 13:00:00	755612	807920	1563532	1.07
2023-04-03 13:30:00	819730	861112	1680842	1.05
2023-04-03 14:00:00	875810	908783	1784593	1.04
2023-04-03 14:30:00	979676	976726	1956402	1.0
2023-04-03 15:00:00	1082029	1106290	2188319	1.02
2023-04-03 15:15:00	1118584	1152839	2271423	1.03
2023-03-31 09:00:00	186970	188949	375919	1.01
2023-03-31 09:30:00	345410	348901	694311	1.01
2023-03-31 10:00:00	447182	466909	914091	1.04
2023-03-31 10:30:00	573887	613591	1187478	1.07
2023-03-31 11:00:00	742644	699561	1442205	0.94
2023-03-31 11:30:00	832465	826267	1658732	0.99
2023-03-31 12:00:00	917456	949029	1866485	1.03
2023-03-31 12:30:00	1012489	1075245	2087734	1.06
2023-03-31 13:00:00	1105763	1186091	2291854	1.07
2023-03-31 13:30:00	1210418	1318477	2528895	1.09
2023-03-31 14:00:00	1373180	1480047	2853227	1.08
2023-03-31 14:30:00	1574000	1684564	3258564	1.07
2023-03-31 15:00:00	1783572	1931576	3715148	1.08
2023-03-31 15:15:00	1939902	2163887	4103789	1.12
2023-03-30 09:00:00	106154	116589	222743	1.1
2023-03-30 09:30:00	234867	206937	441804	0.88
2023-03-30 10:00:00	324322	301512	625834	0.93
2023-03-30 10:30:00	388146	406787	794933	1.05
2023-03-30 11:00:00	431538	477704	909242	1.11
2023-03-30 11:30:00	490225	562426	1052651	1.15
2023-03-30 12:00:00	551845	621921	1173766	1.13
2023-03-30 12:30:00	595136	659601	1254737	1.11
2023-03-30 13:00:00	646550	711775	1358325	1.1
2023-03-30 13:30:00	685675	755696	1441371	1.1
2023-03-30 14:00:00	735983	831667	1567650	1.13
2023-03-30 14:30:00	805151	876526	1681677	1.09
2023-03-30 15:00:00	922814	998775	1921589	1.08
2023-03-30 15:15:00	973509	1051678	2025187	1.08
2023-03-29 09:00:00	130832	162226	293058	1.24
2023-03-29 09:30:00	251907	228043	479950	0.91
2023-03-29 10:00:00	336806	286205	623011	0.85
2023-03-29 10:30:00	425148	329986	755134	0.78
2023-03-29 11:00:00	491258	383399	874657	0.78
2023-03-29 11:30:00	527786	426223	954009	0.81
2023-03-29 12:00:00	570083	502409	1072492	0.88
2023-03-29 12:30:00	610979	546405	1157384	0.89
2023-03-29 13:00:00	632892	600384	1233276	0.95
2023-03-29 13:30:00	657393	635122	1292515	0.97
2023-03-29 14:00:00	730451	694081	1424532	0.95
2023-03-29 14:30:00	884341	809960	1694301	0.92
2023-03-29 15:00:00	981937	940884	1922821	0.96
2023-03-29 15:15:00	1020439	994816	2015255	0.97
2023-03-28 09:00:00	82975	108370	191345	1.31
2023-03-28 09:30:00	146770	168128	314898	1.15
2023-03-28 10:00:00	209513	252214	461727	1.2
2023-03-28 10:30:00	259380	358162	617542	1.38
2023-03-28 11:00:00	291548	399253	690801	1.37
2023-03-28 11:30:00	324054	477034	801088	1.47
2023-03-28 12:00:00	366160	523875	890035	1.43
2023-03-28 12:30:00	406366	566894	973260	1.4
2023-03-28 13:00:00	474957	645016	1119973	1.36
2023-03-28 13:30:00	506777	695377	1202154	1.37
2023-03-28 14:00:00	539054	734022	1273076	1.36
2023-03-28 14:30:00	581653	782379	1364032	1.35
2023-03-28 15:00:00	677450	914499	1591949	1.35
2023-03-28 15:15:00	721563	956784	1678347	1.33
2023-03-27 09:00:00	76153	128951	205104	1.69
2023-03-27 09:30:00	154950	218333	373283	1.41
2023-03-27 10:00:00	205412	269443	474855	1.31
2023-03-27 10:30:00	259090	323946	583036	1.25
2023-03-27 11:00:00	301770	378796	680566	1.26
2023-03-27 11:30:00	337185	422772	759957	1.25
2023-03-27 12:00:00	351815	485471	837286	1.38
2023-03-27 12:30:00	375817	523494	899311	1.39
2023-03-27 13:00:00	499677	574054	1073731	1.15
2023-03-27 13:30:00	533060	613380	1146440	1.15
2023-03-27 14:00:00	586159	664390	1250549	1.13
2023-03-27 14:30:00	640998	743525	1384523	1.16
2023-03-27 15:00:00	725926	866065	1591991	1.19
2023-03-27 15:15:00	753534	918599	1672133	1.22
2023-03-24 09:00:00	243370	269185	512555	1.11
2023-03-24 09:30:00	363463	444781	808244	1.22
2023-03-24 10:00:00	467426	570716	1038142	1.22
2023-03-24 10:30:00	576953	705438	1282391	1.22
2023-03-24 11:00:00	691989	833012	1525001	1.2
2023-03-24 11:30:00	776899	953834	1730733	1.23
2023-03-24 12:00:00	859948	1060788	1920736	1.23
2023-03-24 12:30:00	932208	1145066	2077274	1.23
2023-03-24 13:00:00	1005298	1241174	2246472	1.23
2023-03-24 13:30:00	1085859	1328268	2414127	1.22
2023-03-24 14:00:00	1175440	1425794	2601234	1.21
2023-03-24 14:30:00	1287766	1576274	2864040	1.22
2023-03-24 15:00:00	1419372	1750406	3169778	1.23
2023-03-24 15:15:00	1462750	1810795	3273545	1.24
2023-03-23 09:00:00	78544	105698	184242	1.35
2023-03-23 09:30:00	159258	209858	369116	1.32
2023-03-23 10:00:00	213336	284079	497415	1.33
2023-03-23 10:30:00	310105	365179	675284	1.18
2023-03-23 11:00:00	402579	466216	868795	1.16
2023-03-23 11:30:00	450094	506064	956158	1.12
2023-03-23 12:00:00	491514	596755	1088269	1.21
2023-03-23 12:30:00	536826	655269	1192095	1.22
2023-03-23 13:00:00	595904	713614	1309518	1.2
2023-03-23 13:30:00	691256	803041	1494297	1.16
2023-03-23 14:00:00	820726	916811	1737537	1.12
2023-03-23 14:30:00	887362	1015014	1902376	1.14
2023-03-23 15:00:00	959833	1136533	2096366	1.18
2023-03-23 15:15:00	986333	1211551	2197884	1.23
2023-03-22 09:00:00	244714	201590	446304	0.82
2023-03-22 09:30:00	373612	315350	688962	0.84
2023-03-22 10:00:00	490121	404989	895110	0.83
2023-03-22 10:30:00	538284	482336	1020620	0.9
2023-03-22 11:00:00	631229	515433	1146662	0.82
2023-03-22 11:30:00	692012	566449	1258461	0.82
2023-03-22 12:00:00	772753	607760	1380513	0.79
2023-03-22 12:30:00	807284	665037	1472321	0.82
2023-03-22 13:00:00	861450	703141	1564591	0.82
2023-03-22 13:30:00	916343	762679	1679022	0.83
2023-03-22 14:00:00	995633	890683	1886316	0.89
2023-03-22 14:30:00	1129126	1051961	2181087	0.93
2023-03-22 15:00:00	1263150	1202842	2465992	0.95
2023-03-22 15:15:00	1320757	1284995	2605752	0.97
2023-03-21 09:00:00	142607	247766	390373	1.74
2023-03-21 09:30:00	243798	373547	617345	1.53
2023-03-21 10:00:00	346951	527825	874776	1.52
2023-03-21 10:30:00	430651	651832	1082483	1.51
2023-03-21 11:00:00	481204	737587	1218791	1.53
2023-03-21 11:30:00	548693	789067	1337760	1.44
2023-03-21 12:00:00	604562	835263	1439825	1.38
2023-03-21 12:30:00	674387	973810	1648197	1.44
2023-03-21 13:00:00	749041	1088585	1837626	1.45
2023-03-21 13:30:00	844174	1170041	2014215	1.39
2023-03-21 14:00:00	942043	1259511	2201554	1.34
2023-03-21 14:30:00	1026660	1363701	2390361	1.33
2023-03-21 15:00:00	1169671	1548449	2718120	1.32
2023-03-21 15:15:00	1223495	1646513	2870008	1.35
2023-03-20 09:00:00	199284	148174	347458	0.74
2023-03-20 09:30:00	327834	275616	603450	0.84
2023-03-20 10:00:00	501068	361537	862605	0.72
2023-03-20 10:30:00	579717	469815	1049532	0.81
2023-03-20 11:00:00	636748	541077	1177825	0.85
2023-03-20 11:30:00	902099	624929	1527028	0.69
2023-03-20 12:00:00	963077	670444	1633521	0.7
2023-03-20 12:30:00	1039361	726042	1765403	0.7
2023-03-20 13:00:00	1119547	796089	1915636	0.71
2023-03-20 13:30:00	1203385	855706	2059091	0.71
2023-03-20 14:00:00	1252190	950249	2202439	0.76
2023-03-20 14:30:00	1302260	1062340	2364600	0.82
2023-03-20 15:00:00	1402931	1218604	2621535	0.87
2023-03-20 15:15:00	1435628	1265929	2701557	0.88
2023-03-17 09:00:00	186728	275830	462558	1.48
2023-03-17 09:30:00	339297	467391	806688	1.38
2023-03-17 10:00:00	487761	649171	1136932	1.33
2023-03-17 10:30:00	632385	812880	1445265	1.29
2023-03-17 11:00:00	764793	1042969	1807762	1.36
2023-03-17 11:30:00	867622	1129283	1996905	1.3
2023-03-17 12:00:00	986193	1238157	2224350	1.26
2023-03-17 12:30:00	1086965	1320152	2407117	1.21
2023-03-17 13:00:00	1177667	1412750	2590417	1.2
2023-03-17 13:30:00	1344538	1557043	2901581	1.16
2023-03-17 14:00:00	1450822	1681099	3131921	1.16
2023-03-17 14:30:00	1567210	1812800	3380010	1.16
2023-03-17 15:00:00	1732864	2037036	3769900	1.18
2023-03-17 15:15:00	1779171	2100991	3880162	1.18
2023-03-16 09:00:00	135853	181342	317195	1.33
2023-03-16 09:30:00	239309	315305	554614	1.32
2023-03-16 10:00:00	359140	459964	819104	1.28
2023-03-16 10:30:00	512663	582310	1094973	1.14
2023-03-16 11:00:00	643522	691530	1335052	1.07
2023-03-16 11:30:00	714680	790335	1505015	1.11
2023-03-16 12:00:00	782250	868887	1651137	1.11
2023-03-16 12:30:00	934611	1004136	1938747	1.07
2023-03-16 13:00:00	998708	1099335	2098043	1.1
2023-03-16 13:30:00	1041530	1188035	2229565	1.14
2023-03-16 14:00:00	1096410	1264056	2360466	1.15
2023-03-16 14:30:00	1180692	1397964	2578656	1.18
2023-03-16 15:00:00	1311288	1604188	2915476	1.22
2023-03-16 15:15:00	1361397	1693487	3054884	1.24
2023-03-15 09:00:00	173857	197747	371604	1.14
2023-03-15 09:30:00	352848	322273	675121	0.91
2023-03-15 10:00:00	519637	463286	982923	0.89
2023-03-15 10:30:00	711044	570742	1281786	0.8
2023-03-15 11:00:00	802356	672735	1475091	0.84
2023-03-15 11:30:00	935908	842877	1778785	0.9
2023-03-15 12:00:00	1083751	964866	2048617	0.89
2023-03-15 12:30:00	1181034	1066894	2247928	0.9
2023-03-15 13:00:00	1255621	1158905	2414526	0.92
2023-03-15 13:30:00	1362656	1261471	2624127	0.93
2023-03-15 14:00:00	1459591	1352067	2811658	0.93
2023-03-15 14:30:00	1591830	1452966	3044796	0.91
2023-03-15 15:00:00	1729337	1637863	3367200	0.95
2023-03-15 15:15:00	1792315	1725485	3517800	0.96
2023-03-14 09:00:00	193243	163216	356459	0.84
2023-03-14 09:30:00	298839	281565	580404	0.94
2023-03-14 10:00:00	502274	420271	922545	0.84
2023-03-14 10:30:00	627998	582067	1210065	0.93
2023-03-14 11:00:00	745628	712024	1457652	0.95
2023-03-14 11:30:00	822929	845240	1668169	1.03
2023-03-14 12:00:00	892973	918133	1811106	1.03
2023-03-14 12:30:00	946832	1015750	1962582	1.07
2023-03-14 13:00:00	1074955	1111567	2186522	1.03
2023-03-14 13:30:00	1121495	1184940	2306435	1.06
2023-03-14 14:00:00	1186574	1252931	2439505	1.06
2023-03-14 14:30:00	1299810	1395695	2695505	1.07
2023-03-14 15:00:00	1443740	1574593	3018333	1.09
2023-03-14 15:15:00	1488414	1627448	3115862	1.09
2023-03-13 09:00:00	209984	233382	443366	1.11
2023-03-13 09:30:00	466381	364328	830709	0.78
2023-03-13 10:00:00	572524	503390	1075914	0.88
2023-03-13 10:30:00	690608	641189	1331797	0.93
2023-03-13 11:00:00	789981	747379	1537360	0.95
2023-03-13 11:30:00	857340	885540	1742880	1.03
2023-03-13 12:00:00	950577	984990	1935567	1.04
2023-03-13 12:30:00	1067865	1060821	2128686	0.99
2023-03-13 13:00:00	1128971	1164454	2293425	1.03
2023-03-13 13:30:00	1214566	1259371	2473937	1.04
2023-03-13 14:00:00	1393424	1344215	2737639	0.96
2023-03-13 14:30:00	1492914	1471061	2963975	0.99
2023-03-13 15:00:00	1621492	1637630	3259122	1.01
2023-03-13 15:15:00	1664055	1714515	3378570	1.03
2023-03-10 09:00:00	278586	398133	676719	1.43
2023-03-10 09:30:00	665379	651712	1317091	0.98
2023-03-10 10:00:00	947158	945472	1892630	1.0
2023-03-10 10:30:00	1116188	1137218	2253406	1.02
2023-03-10 11:00:00	1373762	1415782	2789544	1.03
2023-03-10 11:30:00	1528274	1583970	3112244	1.04
2023-03-10 12:00:00	1686269	1779157	3465426	1.06
2023-03-10 12:30:00	1923120	2039526	3962646	1.06
2023-03-10 13:00:00	2170737	2372176	4542913	1.09
2023-03-10 13:30:00	2488546	2688024	5176570	1.08
2023-03-10 14:00:00	2691484	2911070	5602554	1.08
2023-03-10 14:30:00	2841660	3080379	5922039	1.08
2023-03-10 15:00:00	3037355	3362630	6399985	1.11
2023-03-10 15:15:00	3133569	3472121	6605690	1.11
2023-03-09 09:00:00	129132	118937	248069	0.92
2023-03-09 09:30:00	191793	191100	382893	1.0
2023-03-09 10:00:00	242418	247698	490116	1.02
2023-03-09 10:30:00	287465	301926	589391	1.05
2023-03-09 11:00:00	364394	354044	718438	0.97
2023-03-09 11:30:00	415969	416283	832252	1.0
2023-03-09 12:00:00	449882	455254	905136	1.01
2023-03-09 12:30:00	523757	526828	1050585	1.01
2023-03-09 13:00:00	652991	633457	1286448	0.97
2023-03-09 13:30:00	779820	751974	1531794	0.96
2023-03-09 14:00:00	915857	858079	1773936	0.94
2023-03-09 14:30:00	1135071	1069460	2204531	0.94
2023-03-09 15:00:00	1365070	1346201	2711271	0.99
2023-03-09 15:15:00	1442988	1435819	2878807	1.0
2023-03-08 09:00:00	130809	155125	285934	1.19
2023-03-08 09:30:00	275933	338654	614587	1.23
2023-03-08 10:00:00	385471	450714	836185	1.17
2023-03-08 10:30:00	481326	561631	1042957	1.17
2023-03-08 11:00:00	615110	648766	1263876	1.05
2023-03-08 11:30:00	679539	705414	1384953	1.04
2023-03-08 12:00:00	741780	814839	1556619	1.1
2023-03-08 12:30:00	861742	903019	1764761	1.05
2023-03-08 13:00:00	929053	976989	1906042	1.05
2023-03-08 13:30:00	1020253	1058953	2079206	1.04
2023-03-08 14:00:00	1107562	1169314	2276876	1.06
2023-03-08 14:30:00	1206629	1242199	2448828	1.03
2023-03-08 15:00:00	1389039	1441538	2830577	1.04
2023-03-08 15:15:00	1430088	1501248	2931336	1.05
2023-03-07 09:00:00	76748	105410	182158	1.37
2023-03-07 09:30:00	171591	232604	404195	1.36
2023-03-07 10:00:00	318679	335521	654200	1.05
2023-03-07 10:30:00	867131	411033	1278164	0.47
2023-03-07 11:00:00	963295	486710	1450005	0.51
2023-03-07 11:30:00	1007217	532432	1539649	0.53
2023-03-07 12:00:00	1389161	912133	2301294	0.66
2023-03-07 12:30:00	1081181	650678	1731859	0.6
2023-03-07 13:00:00	1153377	738359	1891736	0.64
2023-03-07 13:30:00	1274523	807809	2082332	0.63
2023-03-07 14:00:00	1347521	873609	2221130	0.65
2023-03-07 14:30:00	1420255	960404	2380659	0.68
2023-03-07 15:00:00	1511897	1087899	2599796	0.72
2023-03-07 15:15:00	1551014	1146078	2697092	0.74
2023-03-06 09:00:00	214468	242768	457236	1.13
2023-03-06 09:30:00	395998	450972	846970	1.14
2023-03-06 10:00:00	557863	585297	1143160	1.05
2023-03-06 10:30:00	700123	688381	1388504	0.98
2023-03-06 11:00:00	773876	778874	1552750	1.01
2023-03-06 11:30:00	888022	858804	1746826	0.97
2023-03-06 12:00:00	968009	959156	1927165	0.99
2023-03-06 12:30:00	684467	667080	1351547	0.97
2023-03-06 13:00:00	734726	740824	1475550	1.01
2023-03-06 13:30:00	1198769	1214919	2413688	1.01
2023-03-06 14:00:00	1279376	1317569	2596945	1.03
2023-03-06 14:30:00	1379875	1468903	2848778	1.06
2023-03-06 15:00:00	1471517	1634480	3105997	1.11
2023-03-06 15:15:00	1503287	1690267	3193554	1.12
2023-03-03 09:00:00	422053	202667	624720	0.48
2023-03-03 09:30:00	605432	410355	1015787	0.68
2023-03-03 10:00:00	721782	591765	1313547	0.82
2023-03-03 10:30:00	815062	687316	1502378	0.84
2023-03-03 11:00:00	909859	795077	1704936	0.87
2023-03-03 11:30:00	991326	885281	1876607	0.89
2023-03-03 12:00:00	1071528	971150	2042678	0.91
2023-03-03 12:30:00	1184916	1093834	2278750	0.92
2023-03-03 13:00:00	1239684	1165006	2404690	0.94
2023-03-03 13:30:00	1322129	1279494	2601623	0.97
2023-03-03 14:00:00	1420847	1384398	2805245	0.97
2023-03-03 14:30:00	1563309	1517036	3080345	0.97
2023-03-03 15:00:00	1756013	1728962	3484975	0.98
2023-03-03 15:15:00	1794587	1816120	3610707	1.01
2023-03-02 09:00:00	91197	128339	219536	1.41
2023-03-02 09:30:00	147423	226112	373535	1.53
2023-03-02 10:00:00	189696	293326	483022	1.55
2023-03-02 10:30:00	247847	357246	605093	1.44
2023-03-02 11:00:00	289863	416446	706309	1.44
2023-03-02 11:30:00	317500	462390	779890	1.46
2023-03-02 12:00:00	638953	822970	1461923	1.29
2023-03-02 12:30:00	413769	557139	970908	1.35
2023-03-02 13:00:00	485095	622336	1107431	1.28
2023-03-02 13:30:00	567454	711966	1279420	1.25
2023-03-02 14:00:00	614152	791322	1405474	1.29
2023-03-02 14:30:00	667637	871693	1539330	1.31
2023-03-02 15:00:00	800361	1043659	1844020	1.3
2023-03-02 15:15:00	828384	1117066	1945450	1.35
2023-03-01 09:00:00	98518	114206	212724	1.16
2023-03-01 09:30:00	329970	429873	759843	1.3
2023-03-01 10:00:00	276593	343204	619797	1.24
2023-03-01 10:30:00	598302	706380	1304682	1.18
2023-03-01 11:00:00	394527	503253	897780	1.28
2023-03-01 11:30:00	772104	969072	1741176	1.26
2023-03-01 12:00:00	458223	624595	1082818	1.36
2023-03-01 12:30:00	495904	656402	1152306	1.32
2023-03-01 13:00:00	527028	697128	1224156	1.32
2023-03-01 13:30:00	564488	747598	1312086	1.32
2023-03-01 14:00:00	625557	812623	1438180	1.3
2023-03-01 14:30:00	690594	896781	1587375	1.3
2023-03-01 15:00:00	768681	1025174	1793855	1.33
2023-03-01 15:15:00	803465	1076445	1879910	1.34
2023-02-28 09:00:00	161317	231616	392933	1.44
2023-02-28 09:30:00	275425	373694	649119	1.36
2023-02-28 10:00:00	355897	481861	837758	1.35
2023-02-28 10:30:00	513225	593087	1106312	1.16
2023-02-28 11:00:00	346959	418286	765245	1.21
2023-02-28 11:30:00	382835	458855	841690	1.2
2023-02-28 12:00:00	410694	490051	900745	1.19
2023-02-28 12:30:00	444794	545627	990421	1.23
2023-02-28 13:00:00	469594	579690	1049284	1.23
2023-02-28 13:30:00	526666	629742	1156408	1.2
2023-02-28 14:00:00	569149	711139	1280288	1.25
2023-02-28 14:30:00	643364	810020	1453384	1.26
2023-02-28 15:00:00	769072	941156	1710228	1.22
2023-02-28 15:15:00	819232	1035698	1854930	1.26
2023-02-27 09:00:00	166490	196760	363250	1.18
2023-02-27 09:30:00	299021	398056	697077	1.33
2023-02-27 10:00:00	423227	586263	1009490	1.39
2023-02-27 10:30:00	280973	443296	724269	1.58
2023-02-27 11:00:00	338277	537757	876034	1.59
2023-02-27 11:30:00	358580	587117	945697	1.64
2023-02-27 12:00:00	424164	641791	1065955	1.51
2023-02-27 12:30:00	444461	666497	1110958	1.5
2023-02-27 13:00:00	485192	715406	1200598	1.47
2023-02-27 13:30:00	523852	788923	1312775	1.51
2023-02-27 14:00:00	594493	855099	1449592	1.44
2023-02-27 14:30:00	661527	933356	1594883	1.41
2023-02-27 15:00:00	734362	1068467	1802829	1.45
2023-02-27 15:15:00	801615	1152013	1953628	1.44
2023-02-24 09:00:00	220058	281116	501174	1.28
2023-02-24 09:30:00	358866	433573	792439	1.21
2023-02-24 10:00:00	483786	553572	1037358	1.14
2023-02-24 10:30:00	612978	700459	1313437	1.14
2023-02-24 11:00:00	699561	836579	1536140	1.2
2023-02-24 11:30:00	774568	925266	1699834	1.19
2023-02-24 12:00:00	837484	1014834	1852318	1.21
2023-02-24 12:30:00	900179	1135985	2036164	1.26
2023-02-24 13:00:00	977562	1224486	2202048	1.25
2023-02-24 13:30:00	1057511	1314132	2371643	1.24
2023-02-24 14:00:00	1148125	1406186	2554311	1.22
2023-02-24 14:30:00	1254364	1547241	2801605	1.23
2023-02-24 15:00:00	1464753	1773326	3238079	1.21
2023-02-24 15:15:00	1507044	1850576	3357620	1.23
2023-02-23 09:00:00	183233	232095	415328	1.27
2023-02-23 09:30:00	303460	390717	694177	1.29
2023-02-23 10:00:00	390598	549829	940427	1.41
2023-02-23 10:30:00	502623	669573	1172196	1.33
2023-02-23 11:00:00	595639	808324	1403963	1.36
2023-02-23 11:30:00	698951	915834	1614785	1.31
2023-02-23 12:00:00	824358	996941	1821299	1.21
2023-02-23 12:30:00	918666	1085360	2004026	1.18
2023-02-23 13:00:00	984360	1181931	2166291	1.2
2023-02-23 13:30:00	1091850	1295386	2387236	1.19
2023-02-23 14:00:00	692845	852681	1545526	1.23
2023-02-23 14:30:00	1311358	1493611	2804969	1.14
2023-02-23 15:00:00	858549	1055353	1913902	1.23
2023-02-23 15:15:00	1472243	1744744	3216987	1.19
2023-02-22 09:00:00	69156	114121	183277	1.65
2023-02-22 09:30:00	150100	222390	372490	1.48
2023-02-22 10:00:00	371398	451735	823133	1.22
2023-02-22 10:30:00	448653	547519	996172	1.22
2023-02-22 11:00:00	488824	616902	1105726	1.26
2023-02-22 11:30:00	538822	719890	1258712	1.34
2023-02-22 12:00:00	362991	539425	902416	1.49
2023-02-22 12:30:00	390994	584436	975430	1.49
2023-02-22 13:00:00	414796	641442	1056238	1.55
2023-02-22 13:30:00	459988	720575	1180563	1.57
2023-02-22 14:00:00	515754	822306	1338060	1.59
2023-02-22 14:30:00	572219	907799	1480018	1.59
2023-02-22 15:00:00	656335	1052646	1708981	1.6
2023-02-22 15:15:00	686603	1094339	1780942	1.59
2023-02-21 09:00:00	192564	226659	419223	1.18
2023-02-21 09:30:00	414126	426617	840743	1.03
2023-02-21 10:00:00	564954	559096	1124050	0.99
2023-02-21 10:30:00	663664	696953	1360617	1.05
2023-02-21 11:00:00	754884	813523	1568407	1.08
2023-02-21 11:30:00	559656	612349	1172005	1.09
2023-02-21 12:00:00	615238	681684	1296922	1.11
2023-02-21 12:30:00	658404	724453	1382857	1.1
2023-02-21 13:00:00	699217	765199	1464416	1.09
2023-02-21 13:30:00	743378	842024	1585402	1.13
2023-02-21 14:00:00	816815	944426	1761241	1.16
2023-02-21 14:30:00	896557	1012276	1908833	1.13
2023-02-21 15:00:00	992051	1160088	2152139	1.17
2023-02-21 15:15:00	1041619	1220569	2262188	1.17
2023-02-17 09:00:00	235286	348535	583821	1.48
2023-02-17 09:30:00	357190	575495	932685	1.61
2023-02-17 10:00:00	474313	709988	1184301	1.5
2023-02-17 10:30:00	561723	861314	1423037	1.53
2023-02-17 11:00:00	634144	969083	1603227	1.53
2023-02-17 11:30:00	705672	1051978	1757650	1.49
2023-02-17 12:00:00	772358	1151877	1924235	1.49
2023-02-17 12:30:00	833255	1235505	2068760	1.48
2023-02-17 13:00:00	879854	1291789	2171643	1.47
2023-02-17 13:30:00	974352	1398179	2372531	1.43
2023-02-17 14:00:00	1060447	1492400	2552847	1.41
2023-02-17 14:30:00	1155490	1623214	2778704	1.4
2023-02-17 15:00:00	1307209	1811433	3118642	1.39
2023-02-17 15:15:00	1339146	1872143	3211289	1.4
2023-02-16 09:00:00	230468	256408	486876	1.11
2023-02-16 09:30:00	391556	436842	828398	1.12
2023-02-16 10:00:00	593289	623698	1216987	1.05
2023-02-16 10:30:00	835543	732711	1568254	0.88
2023-02-16 11:00:00	895935	813381	1709316	0.91
2023-02-16 11:30:00	968051	901751	1869802	0.93
2023-02-16 12:00:00	1082708	987246	2069954	0.91
2023-02-16 12:30:00	1151308	1060564	2211872	0.92
2023-02-16 13:00:00	1251975	1165033	2417008	0.93
2023-02-16 13:30:00	1327444	1244958	2572402	0.94
2023-02-16 14:00:00	1407342	1367331	2774673	0.97
2023-02-16 14:30:00	1759180	1619915	3379095	0.92
2023-02-16 15:00:00	1938682	1911082	3849764	0.99
2023-02-16 15:15:00	1987139	1986314	3973453	1.0
2023-02-15 09:00:00	203995	326349	530344	1.6
2023-02-15 09:30:00	365166	459303	824469	1.26
2023-02-15 10:00:00	503640	570391	1074031	1.13
2023-02-15 10:30:00	596118	440661	1036779	0.74
2023-02-15 11:00:00	672791	500074	1172865	0.74
2023-02-15 11:30:00	704668	575677	1280345	0.82
2023-02-15 12:00:00	770020	641516	1411536	0.83
2023-02-15 12:30:00	799596	697823	1497419	0.87
2023-02-15 13:00:00	841167	757738	1598905	0.9
2023-02-15 13:30:00	882606	855327	1737933	0.97
2023-02-15 14:00:00	923940	950739	1874679	1.03
2023-02-15 14:30:00	1002945	1066362	2069307	1.06
2023-02-15 15:00:00	1172551	1251668	2424219	1.07
2023-02-15 15:15:00	1231692	1339359	2571051	1.09
2023-02-14 09:00:00	242294	264454	506748	1.09
2023-02-14 09:30:00	416017	493549	909566	1.19
2023-02-14 10:00:00	579863	737565	1317428	1.27
2023-02-14 10:30:00	692998	866680	1559678	1.25
2023-02-14 11:00:00	871671	1006256	1877927	1.15
2023-02-14 11:30:00	612518	762946	1375464	1.25
2023-02-14 12:00:00	653659	813808	1467467	1.25
2023-02-14 12:30:00	726511	898676	1625187	1.24
2023-02-14 13:00:00	793243	968613	1761856	1.22
2023-02-14 13:30:00	842389	1034898	1877287	1.23
2023-02-14 14:00:00	907208	1125255	2032463	1.24
2023-02-14 14:30:00	1045934	1255114	2301048	1.2
2023-02-14 15:00:00	1286907	1389531	2676438	1.08
2023-02-14 15:15:00	1444788	1502091	2946879	1.04
2023-02-13 09:00:00	168502	182994	351496	1.09
2023-02-13 09:30:00	427015	314037	741052	0.74
2023-02-13 10:00:00	629231	465037	1094268	0.74
2023-02-13 10:30:00	728963	626637	1355600	0.86
2023-02-13 11:00:00	855113	734673	1589786	0.86
2023-02-13 11:30:00	956067	823382	1779449	0.86
2023-02-13 12:00:00	1015606	923852	1939458	0.91
2023-02-13 12:30:00	1088031	997664	2085695	0.92
2023-02-13 13:00:00	1178849	1144603	2323452	0.97
2023-02-13 13:30:00	1263683	1256985	2520668	0.99
2023-02-13 14:00:00	1352842	1384233	2737075	1.02
2023-02-13 14:30:00	1485566	1521379	3006945	1.02
2023-02-13 15:00:00	1700080	1717440	3417520	1.01
2023-02-13 15:15:00	1734408	1801395	3535803	1.04
2023-02-10 09:00:00	219413	239164	458577	1.09
2023-02-10 09:30:00	363361	420642	784003	1.16
2023-02-10 10:00:00	609113	550420	1159533	0.9
2023-02-10 10:30:00	691562	652991	1344553	0.94
2023-02-10 11:00:00	821449	822688	1644137	1.0
2023-02-10 11:30:00	932341	922770	1855111	0.99
2023-02-10 12:00:00	1039530	1052394	2091924	1.01
2023-02-10 12:30:00	1136121	1181752	2317873	1.04
2023-02-10 13:00:00	1191759	1269919	2461678	1.07
2023-02-10 13:30:00	1264089	1363941	2628030	1.08
2023-02-10 14:00:00	1340443	1460294	2800737	1.09
2023-02-10 14:30:00	1436508	1592178	3028686	1.11
2023-02-10 15:00:00	1559221	1772203	3331424	1.14
2023-02-10 15:15:00	1589157	1853934	3443091	1.17
2023-02-09 09:00:00	228748	208961	437709	0.91
2023-02-09 09:30:00	409816	350982	760798	0.86
2023-02-09 10:00:00	307327	259470	566797	0.84
2023-02-09 10:30:00	371390	352860	724250	0.95
2023-02-09 11:00:00	450631	395173	845804	0.88
2023-02-09 11:30:00	539658	459327	998985	0.85
2023-02-09 12:00:00	588996	521381	1110377	0.89
2023-02-09 12:30:00	624837	555731	1180568	0.89
2023-02-09 13:00:00	670586	615050	1285636	0.92
2023-02-09 13:30:00	725984	688523	1414507	0.95
2023-02-09 14:00:00	812899	733642	1546541	0.9
2023-02-09 14:30:00	906035	843193	1749228	0.93
2023-02-09 15:00:00	1041822	985813	2027635	0.95
2023-02-09 15:15:00	1076827	1047302	2124129	0.97
2023-02-08 09:00:00	152746	189446	342192	1.24
2023-02-08 09:30:00	261047	305412	566459	1.17
2023-02-08 10:00:00	377076	426161	803237	1.13
2023-02-08 10:30:00	515855	577029	1092884	1.12
2023-02-08 11:00:00	674012	730239	1404251	1.08
2023-02-08 11:30:00	771672	808690	1580362	1.05
2023-02-08 12:00:00	468719	535992	1004711	1.14
2023-02-08 12:30:00	504787	586477	1091264	1.16
2023-02-08 13:00:00	543988	683264	1227252	1.26
2023-02-08 13:30:00	585721	742910	1328631	1.27
2023-02-08 14:00:00	612714	778744	1391458	1.27
2023-02-08 14:30:00	668252	842140	1510392	1.26
2023-02-08 15:00:00	756515	963394	1719909	1.27
2023-02-08 15:15:00	821392	1047866	1869258	1.28
2023-02-07 09:00:00	109944	148751	258695	1.35
2023-02-07 09:30:00	233603	277303	510906	1.19
2023-02-07 10:00:00	189031	256860	445891	1.36
2023-02-07 10:30:00	255745	297394	553139	1.16
2023-02-07 11:00:00	292750	346000	638750	1.18
2023-02-07 11:30:00	339638	400468	740106	1.18
2023-02-07 12:00:00	685079	724205	1409284	1.06
2023-02-07 12:30:00	487453	577687	1065140	1.19
2023-02-07 13:00:00	548248	655736	1203984	1.2
2023-02-07 13:30:00	604493	720838	1325331	1.19
2023-02-07 14:00:00	653477	782913	1436390	1.2
2023-02-07 14:30:00	726033	851098	1577131	1.17
2023-02-07 15:00:00	844273	989374	1833647	1.17
2023-02-07 15:15:00	887355	1052018	1939373	1.19
2023-02-06 09:00:00	236626	175177	411803	0.74
2023-02-06 09:30:00	623105	345720	968825	0.55
2023-02-06 10:00:00	824348	466046	1290394	0.57
2023-02-06 10:30:00	917578	609168	1526746	0.66
2023-02-06 11:00:00	1002882	696774	1699656	0.69
2023-02-06 11:30:00	1088646	805561	1894207	0.74
2023-02-06 12:00:00	1159755	857135	2016890	0.74
2023-02-06 12:30:00	1217880	926418	2144298	0.76
2023-02-06 13:00:00	1266128	1006140	2272268	0.79
2023-02-06 13:30:00	1369317	1100421	2469738	0.8
2023-02-06 14:00:00	1532959	1197957	2730916	0.78
2023-02-06 14:30:00	1624236	1304270	2928506	0.8
2023-02-06 15:00:00	1197702	895281	2092983	0.75
2023-02-06 15:15:00	1209664	929336	2139000	0.77
2023-02-03 09:00:00	262026	250761	512787	0.96
2023-02-03 09:30:00	506692	476628	983320	0.94
2023-02-03 10:00:00	671573	634759	1306332	0.95
2023-02-03 10:30:00	755891	751161	1507052	0.99
2023-02-03 11:00:00	913871	894706	1808577	0.98
2023-02-03 11:30:00	991774	982148	1973922	0.99
2023-02-03 12:00:00	1078866	1061698	2140564	0.98
2023-02-03 12:30:00	1181673	1179309	2360982	1.0
2023-02-03 13:00:00	1307190	1333759	2640949	1.02
2023-02-03 13:30:00	1390718	1420301	2811019	1.02
2023-02-03 14:00:00	1482427	1564584	3047011	1.06
2023-02-03 14:30:00	1597119	1710301	3307420	1.07
2023-02-03 15:00:00	1718295	1894258	3612553	1.1
2023-02-03 15:15:00	1741405	1949764	3691169	1.12
2023-02-02 09:00:00	283851	331408	615259	1.17
2023-02-02 09:30:00	627327	587572	1214899	0.94
2023-02-02 10:00:00	897352	779903	1677255	0.87
2023-02-02 10:30:00	1040455	939592	1980047	0.9
2023-02-02 11:00:00	1114192	1036543	2150735	0.93
2023-02-02 11:30:00	845931	772206	1618137	0.91
2023-02-02 12:00:00	894635	828375	1723010	0.93
2023-02-02 12:30:00	1011726	906644	1918370	0.9
2023-02-02 13:00:00	1552878	1460680	3013558	0.94
2023-02-02 13:30:00	1505310	1138819	2644129	0.76
2023-02-02 14:00:00	1592416	1264836	2857252	0.79
2023-02-02 14:30:00	1666960	1350537	3017497	0.81
2023-02-02 15:00:00	1802101	1512664	3314765	0.84
2023-02-02 15:15:00	1855265	1563224	3418489	0.84
2023-02-01 09:00:00	107349	126916	234265	1.18
2023-02-01 09:30:00	202385	202778	405163	1.0
2023-02-01 10:00:00	270224	299003	569227	1.11
2023-02-01 10:30:00	342514	376213	718727	1.1
2023-02-01 11:00:00	393446	440364	833810	1.12
2023-02-01 11:30:00	454021	492374	946395	1.08
2023-02-01 12:00:00	378936	395279	774215	1.04
2023-02-01 12:30:00	401351	437707	839058	1.09
2023-02-01 13:00:00	483467	492266	975733	1.02
2023-02-01 13:30:00	522432	536383	1058815	1.03
2023-02-01 14:00:00	653532	665971	1319503	1.02
2023-02-01 14:30:00	783815	788118	1571933	1.01
2023-02-01 15:00:00	935323	1031871	1967194	1.1
2023-02-01 15:15:00	1027137	1151360	2178497	1.12
2023-01-31 09:00:00	168625	176704	345329	1.05
2023-01-31 09:30:00	307897	308315	616212	1.0
2023-01-31 10:00:00	384637	453337	837974	1.18
2023-01-31 10:30:00	535863	561605	1097468	1.05
2023-01-31 11:00:00	622917	636717	1259634	1.02
2023-01-31 11:30:00	711540	708769	1420309	1.0
2023-01-31 12:00:00	810335	777572	1587907	0.96
2023-01-31 12:30:00	871730	836142	1707872	0.96
2023-01-31 13:00:00	928681	911816	1840497	0.98
2023-01-31 13:30:00	991133	975776	1966909	0.98
2023-01-31 14:00:00	1047595	1044590	2092185	1.0
2023-01-31 14:30:00	1227183	1208311	2435494	0.98
2023-01-31 15:00:00	1453322	1426645	2879967	0.98
2023-01-31 15:15:00	1508299	1546262	3054561	1.03
2023-01-27 09:00:00	211899	233053	444952	1.1
2023-01-27 09:30:00	364768	407456	772224	1.12
2023-01-27 10:00:00	598758	594961	1193719	0.99
2023-01-27 10:30:00	701958	700989	1402947	1.0
2023-01-27 11:00:00	791466	832162	1623628	1.05
2023-01-27 11:30:00	903561	956333	1859894	1.06
2023-01-27 12:00:00	989570	1057801	2047371	1.07
2023-01-27 12:30:00	1048779	1136023	2184802	1.08
2023-01-27 13:00:00	1106530	1236264	2342794	1.12
2023-01-27 13:30:00	1200441	1330050	2530491	1.11
2023-01-27 14:00:00	1278563	1463526	2742089	1.14
2023-01-27 14:30:00	1425577	1652713	3078290	1.16
2023-01-27 15:00:00	1570583	1867922	3438505	1.19
2023-01-27 15:15:00	1603188	1967486	3570674	1.23
2023-01-26 09:00:00	253787	241692	495479	0.95
2023-01-26 09:30:00	519796	376233	896029	0.72
2023-01-26 10:00:00	649634	516615	1166249	0.8
2023-01-26 10:30:00	738508	623248	1361756	0.84
2023-01-26 11:00:00	817167	715424	1532591	0.88
2023-01-26 11:30:00	935224	800451	1735675	0.86
2023-01-26 12:00:00	613730	511150	1124880	0.83
2023-01-26 12:30:00	641964	536335	1178299	0.84
2023-01-26 13:00:00	684629	593993	1278622	0.87
2023-01-26 13:30:00	724060	652639	1376699	0.9
2023-01-26 14:00:00	762059	710522	1472581	0.93
2023-01-26 14:30:00	1364724	1297651	2662375	0.95
2023-01-26 15:00:00	913134	931838	1844972	1.02
2023-01-26 15:15:00	941365	982863	1924228	1.04
2023-01-25 09:00:00	185045	284982	470027	1.54
2023-01-25 09:30:00	354116	473167	827283	1.34
2023-01-25 10:00:00	481861	665716	1147577	1.38
2023-01-25 10:30:00	616013	805906	1421919	1.31
2023-01-25 11:00:00	763822	916590	1680412	1.2
2023-01-25 11:30:00	859172	987483	1846655	1.15
2023-01-25 12:00:00	972662	1049777	2022439	1.08
2023-01-25 12:30:00	1063631	1137969	2201600	1.07
2023-01-25 13:00:00	1144769	1238449	2383218	1.08
2023-01-25 13:30:00	709002	807231	1516233	1.14
2023-01-25 14:00:00	758712	846201	1604913	1.12
2023-01-25 14:30:00	858114	935139	1793253	1.09
2023-01-25 15:00:00	931989	1060332	1992321	1.14
2023-01-25 15:15:00	972428	1121252	2093680	1.15
2023-01-24 09:00:00	176232	183721	359953	1.04
2023-01-24 09:30:00	331186	321554	652740	0.97
2023-01-24 10:00:00	410506	437447	847953	1.07
2023-01-24 10:30:00	480782	556576	1037358	1.16
2023-01-24 11:00:00	530850	634039	1164889	1.19
2023-01-24 11:30:00	580998	708813	1289811	1.22
2023-01-24 12:00:00	631047	781913	1412960	1.24
2023-01-24 12:30:00	691988	856210	1548198	1.24
2023-01-24 13:00:00	756004	932827	1688831	1.23
2023-01-24 13:30:00	849873	1027824	1877697	1.21
2023-01-24 14:00:00	975285	1105932	2081217	1.13
2023-01-24 14:30:00	1051226	1216366	2267592	1.16
2023-01-24 15:00:00	1162838	1426922	2589760	1.23
2023-01-24 15:15:00	1188285	1469928	2658213	1.24
2023-01-23 09:00:00	183372	151647	335019	0.83
2023-01-23 09:30:00	350701	357975	708676	1.02
2023-01-23 10:00:00	535834	482787	1018621	0.9
2023-01-23 10:30:00	708437	725776	1434213	1.02
2023-01-23 11:00:00	835193	852765	1687958	1.02
2023-01-23 11:30:00	909500	956493	1865993	1.05
2023-01-23 12:00:00	977262	1029166	2006428	1.05
2023-01-23 12:30:00	1038920	1137730	2176650	1.1
2023-01-23 13:00:00	1134395	1247629	2382024	1.1
2023-01-23 13:30:00	1237341	1376567	2613908	1.11
2023-01-23 14:00:00	1361557	1561957	2923514	1.15
2023-01-23 14:30:00	1451933	1673413	3125346	1.15
2023-01-23 15:00:00	1558914	1868334	3427248	1.2
2023-01-23 15:15:00	1597816	1912159	3509975	1.2
2023-01-20 09:00:00	159862	168269	328131	1.05
2023-01-20 09:30:00	267314	283606	550920	1.06
2023-01-20 10:00:00	346438	373269	719707	1.08
2023-01-20 10:30:00	502901	532724	1035625	1.06
2023-01-20 11:00:00	590313	660300	1250613	1.12
2023-01-20 11:30:00	638500	726529	1365029	1.14
2023-01-20 12:00:00	694331	799821	1494152	1.15
2023-01-20 12:30:00	758463	887629	1646092	1.17
2023-01-20 13:00:00	843410	977365	1820775	1.16
2023-01-20 13:30:00	935125	1096202	2031327	1.17
2023-01-20 14:00:00	1025036	1201790	2226826	1.17
2023-01-20 14:30:00	1199357	1351667	2551024	1.13
2023-01-20 15:00:00	1400745	1564068	2964813	1.12
2023-01-20 15:15:00	1439424	1618475	3057899	1.12
2023-01-19 09:00:00	223220	281073	504293
2023-01-19 09:30:00	433647	468661	902308
2023-01-19 10:00:00	561581	626753	1188334
2023-01-19 10:30:00	655924	721631	1377555
2023-01-19 11:00:00	739286	839431	1578717
2023-01-19 11:30:00	831100	939379	1770479
2023-01-19 12:00:00	890714	1001237	1891951
2023-01-19 12:30:00	1026583	1101143	2127726
2023-01-19 13:00:00	1189519	1198518	2388037
2023-01-19 13:30:00	1283812	1296128	2579940
2023-01-19 14:00:00	1381419	1373155	2754574
2023-01-19 14:30:00	1007420	978442	1985862
2023-01-19 15:00:00	1086475	1112585	2199060
2023-01-19 15:15:00	1118875	1173666	2292541
2023-01-18 09:00:00	184732	134456	319188
2023-01-18 09:30:00	456384	411964	868348
2023-01-18 10:00:00	622365	571767	1194132
2023-01-18 10:30:00	509796	454373	964169
2023-01-18 11:00:00	611033	524695	1135728
2023-01-18 11:30:00	693807	610297	1304104
2023-01-18 12:00:00	758121	704474	1462595
2023-01-18 12:30:00	836041	792817	1628858
2023-01-18 13:00:00	872189	862136	1734325
2023-01-18 13:30:00	905031	915065	1820096
2023-01-18 14:00:00	958812	950495	1909307
2023-01-18 14:30:00	1037872	1006118	2043990
2023-01-18 15:00:00	1180005	1184617	2364622
2023-01-18 15:15:00	1213266	1262175	2475441
2023-01-17 09:00:00	230155	211088	441243
2023-01-17 09:30:00	395605	400711	796316
2023-01-17 10:00:00	339374	418191	757565
2023-01-17 10:30:00	406568	555013	961581
2023-01-17 11:00:00	561059	718217	1279276
2023-01-17 11:30:00	599589	825246	1424835
2023-01-17 12:00:00	637268	880885	1518153
2023-01-17 12:30:00	669012	925159	1594171
2023-01-17 13:00:00	1071303	1330144	2401447
2023-01-17 13:30:00	750117	1048706	1798823
2023-01-17 14:00:00	801353	1124648	1926001
2023-01-17 14:30:00	882310	1201547	2083857
2023-01-17 15:00:00	983527	1371480	2355007
2023-01-17 15:15:00	1004431	1426335	2430766
2023-01-13 09:00:00	223464	254943	478407
2023-01-13 09:30:00	382098	421898	803996
2023-01-13 10:00:00	623786	609301	1233087
2023-01-13 10:30:00	713782	722624	1436406
2023-01-13 11:00:00	798233	818812	1617045
2023-01-13 11:30:00	910897	945326	1856223
2023-01-13 12:00:00	1037212	1028069	2065281
2023-01-13 12:30:00	1103269	1120606	2223875
2023-01-13 13:00:00	1198180	1214984	2413164
2023-01-13 13:30:00	1297398	1303740	2601138
2023-01-13 14:00:00	1383223	1405653	2788876
2023-01-13 14:30:00	1482209	1544358	3026567
2023-01-13 15:00:00	1653550	1751985	3405535
2023-01-13 15:15:00	1690201	1820830	3511031
2023-01-10 09:00:00	199118	186345	385463
2023-01-10 09:30:00	321933	382565	704498
2023-01-10 10:00:00	476136	547634	1023770
2023-01-10 10:30:00	598360	642152	1240512
2023-01-10 11:00:00	655828	736795	1392623
2023-01-10 11:30:00	709413	862086	1571499
2023-01-10 12:00:00	784030	967979	1752009
2023-01-10 12:30:00	499037	644936	1143973
2023-01-10 13:00:00	544041	695584	1239625
2023-01-10 13:30:00	571416	732471	1303887
2023-01-10 14:00:00	595472	783754	1379226
2023-01-10 14:30:00	649895	876094	1525989
2023-01-10 15:00:00	798024	996551	1794575
2023-01-10 15:15:00	843616	1037593	1881209
2023-01-09 09:00:00	111762	175982	287744
2023-01-09 09:30:00	348859	422938	771797
2023-01-09 10:00:00	287586	359349	646935
2023-01-09 10:30:00	382143	467591	849734
2023-01-09 11:00:00	445949	539296	985245
2023-01-09 11:30:00	524511	581294	1105805
2023-01-09 12:00:00	981496	975459	1956955
2023-01-09 12:30:00	663580	697997	1361577
2023-01-09 13:00:00	715881	762364	1478245
2023-01-09 13:30:00	1260922	1324098	2585020
2023-01-09 14:00:00	1329974	1416883	2746857
2023-01-09 14:30:00	1428222	1579044	3007266
2023-01-09 15:00:00	981199	1110506	2091705
2023-01-09 15:15:00	1011980	1148412	2160392
2023-01-06 09:00:00	202218	211562	413780
2023-01-06 09:30:00	341311	381919	723230
2023-01-06 10:00:00	499361	573707	1073068
2023-01-06 10:30:00	598223	710702	1308925
2023-01-06 11:00:00	721839	872013	1593852
2023-01-06 11:30:00	835474	975468	1810942
2023-01-06 12:00:00	892673	1050458	1943131
2023-01-06 12:30:00	971023	1130013	2101036
2023-01-06 13:00:00	1034380	1204445	2238825
2023-01-06 13:30:00	1156005	1319271	2475276
2023-01-06 14:00:00	1255500	1428455	2683955
2023-01-06 14:30:00	1450767	1585080	3035847
2023-01-06 15:00:00	1573164	1754946	3328110
2023-01-06 15:15:00	1751305	1818162	3569467
2023-01-05 09:00:00	178294	275963	454257
2023-01-05 09:30:00	300434	404339	704773
2023-01-05 10:00:00	416380	528903	945283
2023-01-05 10:30:00	485983	664537	1150520
2023-01-05 11:00:00	309122	458940	768062
2023-01-05 11:30:00	336876	485953	822829
2023-01-05 12:00:00	388245	524640	912885
2023-01-05 12:30:00	441498	562224	1003722
2023-01-05 13:00:00	467293	593983	1061276
2023-01-05 13:30:00	512000	630882	1142882
2023-01-05 14:00:00	556008	685503	1241511
2023-01-05 14:30:00	652612	758384	1410996
2023-01-05 15:00:00	712144	846416	1558560
2023-01-05 15:15:00	740617	885109	1625726
2023-01-04 09:00:00	147506	183741	331247
2023-01-04 09:30:00	260498	455016	715514
2023-01-04 10:00:00	328163	549753	877916
2023-01-04 10:30:00	419322	647707	1067029
2023-01-04 11:00:00	525292	748303	1273595
2023-01-04 11:30:00	622069	848174	1470243
2023-01-04 12:00:00	674597	926768	1601365
2023-01-04 12:30:00	738095	1033027	1771122
2023-01-04 13:00:00	794934	1095630	1890564
2023-01-04 13:30:00	904981	1241706	2146687
2023-01-04 14:00:00	578636	862922	1441558
2023-01-04 14:30:00	623792	924055	1547847
2023-01-04 15:00:00	708585	1031380	1739965
2023-01-04 15:15:00	773834	1086355	1860189
2023-01-03 09:00:00	186637	264030	450667
2023-01-03 09:30:00	328238	508759	836997
2023-01-03 10:00:00	412848	631169	1044017
2023-01-03 10:30:00	490906	757939	1248845
2023-01-03 11:00:00	301654	530491	832145
2023-01-03 11:30:00	434534	581149	1015683
2023-01-03 12:00:00	475611	641960	1117571
2023-01-03 12:30:00	498274	674101	1172375
2023-01-03 13:00:00	557009	724589	1281598
2023-01-03 13:30:00	598962	775791	1374753
2023-01-03 14:00:00	662164	866739	1528903
2023-01-03 14:30:00	725678	925349	1651027
2023-01-03 15:00:00	803468	1032278	1835746
2023-01-03 15:15:00	831517	1085288	1916805
2022-12-30 09:00:00	142387	200556	342943
2022-12-30 09:30:00	234251	360127	594378
2022-12-30 10:00:00	332375	451207	783582
2022-12-30 10:30:00	397172	573264	970436
2022-12-30 11:00:00	466735	659093	1125828
2022-12-30 11:30:00	531929	734448	1266377
2022-12-30 12:00:00	608363	815308	1423671
2022-12-30 12:30:00	674710	937814	1612524
2022-12-30 13:00:00	784249	1099569	1883818
2022-12-30 13:30:00	834815	1179779	2014594
2022-12-30 14:00:00	874689	1250686	2125375
2022-12-30 14:30:00	981429	1382747	2364176
2022-12-30 15:00:00	1157305	1606990	2764295
2022-12-30 15:15:00	1274827	1823638	3098465
2022-12-29 09:00:00	155976	180609	336585
2022-12-29 09:30:00	271087	310392	581479
2022-12-29 10:00:00	399960	398992	798952
2022-12-29 10:30:00	484153	522852	1007005
2022-12-29 11:00:00	585703	627175	1212878
2022-12-29 11:30:00	692027	712697	1404724
2022-12-29 12:00:00	443906	496970	940876
2022-12-29 12:30:00	497851	528352	1026203
2022-12-29 13:00:00	563512	551470	1114982
2022-12-29 13:30:00	590598	587879	1178477
2022-12-29 14:00:00	613547	622704	1236251
2022-12-29 14:30:00	648338	671978	1320316
2022-12-29 15:00:00	697388	768795	1466183
2022-12-29 15:15:00	723932	820339	1544271
2022-12-28 09:00:00	131345	184799	316144
2022-12-28 09:30:00	252538	313371	565909
2022-12-28 10:00:00	356918	421283	778201
2022-12-28 10:30:00	268737	302000	570737
2022-12-28 11:00:00	353893	348319	702212
2022-12-28 11:30:00	397652	401645	799297
2022-12-28 12:00:00	449340	454004	903344
2022-12-28 12:30:00	514188	506069	1020257
2022-12-28 13:00:00	531716	548977	1080693
2022-12-28 13:30:00	548423	582718	1131141
2022-12-28 14:00:00	591209	630792	1222001
2022-12-28 14:30:00	640578	701789	1342367
2022-12-28 15:00:00	707471	863978	1571449
2022-12-28 15:15:00	734685	930054	1664739
2022-12-27 09:00:00	114823	151193	266016
2022-12-27 09:30:00	229009	287944	516953
2022-12-27 10:00:00	298505	381102	679607
2022-12-27 10:30:00	356758	441487	798245
2022-12-27 11:00:00	491513	518661	1010174
2022-12-27 11:30:00	312413	283407	595820
2022-12-27 12:00:00	337630	314835	652465
2022-12-27 12:30:00	355526	341793	697319
2022-12-27 13:00:00	379798	373326	753124
2022-12-27 13:30:00	398738	400947	799685
2022-12-27 14:00:00	435605	443290	878895
2022-12-27 14:30:00	467569	483220	950789
2022-12-27 15:00:00	533805	569168	1102973
2022-12-27 15:15:00	554933	610550	1165483
2022-12-23 09:00:00	190021	185985	376006
2022-12-23 09:30:00	378007	386369	764376
2022-12-23 10:00:00	471542	516886	988428
2022-12-23 10:30:00	556795	607566	1164361
2022-12-23 11:00:00	632469	692048	1324517
2022-12-23 11:30:00	723235	783966	1507201
2022-12-23 12:00:00	777733	841333	1619066
2022-12-23 12:30:00	821867	892209	1714076
2022-12-23 13:00:00	885048	963071	1848119
2022-12-23 13:30:00	962150	1033397	1995547
2022-12-23 14:00:00	1015971	1116848	2132819
2022-12-23 14:30:00	1086246	1235986	2322232
2022-12-23 15:00:00	1181147	1380799	2561946
2022-12-23 15:15:00	1204195	1437367	2641562
2022-12-22 09:00:00	145980	180424	326404
2022-12-22 09:30:00	275427	320579	596006
2022-12-22 10:00:00	437087	445701	882788
2022-12-22 10:30:00	500642	500338	1000980
2022-12-22 11:00:00	575963	605934	1181897
2022-12-22 11:30:00	670993	775122	1446115
2022-12-22 12:00:00	809707	964480	1774187
2022-12-22 12:30:00	922247	1124275	2046522
2022-12-22 13:00:00	1018060	1254652	2272712
2022-12-22 13:30:00	1172639	1367021	2539660
2022-12-22 14:00:00	1255234	1495638	2750872
2022-12-22 14:30:00	1403218	1635304	3038522
2022-12-22 15:00:00	1539487	1781387	3320874
2022-12-22 15:15:00	1567544	1840914	3408458
2022-12-21 09:00:00	189123	250148	439271
2022-12-21 09:30:00	349712	385400	735112
2022-12-21 10:00:00	514123	531997	1046120
2022-12-21 10:30:00	642307	653505	1295812
2022-12-21 11:00:00	721894	745450	1467344
2022-12-21 11:30:00	789928	821815	1611743
2022-12-21 12:00:00	921977	896525	1818502
2022-12-21 12:30:00	974364	964341	1938705
2022-12-21 13:00:00	1097906	1033830	2131736
2022-12-21 13:30:00	1203835	1118128	2321963
2022-12-21 14:00:00	1274865	1205634	2480499
2022-12-21 14:30:00	1359488	1300541	2660029
2022-12-21 15:00:00	1481307	1457312	2938619
2022-12-21 15:15:00	1527335	1508122	3035457
2022-12-20 09:00:00	166553	257734	424287
2022-12-20 09:30:00	457181	430406	887587
2022-12-20 10:00:00	612310	546707	1159017
2022-12-20 10:30:00	826113	735525	1561638
2022-12-20 11:00:00	897103	849586	1746689
2022-12-20 11:30:00	979343	925600	1904943
2022-12-20 12:00:00	1037125	984578	2021703
2022-12-20 12:30:00	753100	631387	1384487
2022-12-20 13:00:00	810524	685506	1496030
2022-12-20 13:30:00	849716	734878	1584594
2022-12-20 14:00:00	918676	827337	1746013
2022-12-20 14:30:00	963728	876684	1840412
2022-12-20 15:00:00	1072839	1015123	2087962
2022-12-20 15:15:00	1099156	1050040	2149196
2022-12-19 09:00:00	148375	216886	365261
2022-12-19 09:30:00	257024	367433	624457
2022-12-19 10:00:00	350104	465932	816036
2022-12-19 10:30:00	445086	585039	1030125
2022-12-19 11:00:00	526350	677028	1203378
2022-12-19 11:30:00	610953	760676	1371629
2022-12-19 12:00:00	678143	853983	1532126
2022-12-19 12:30:00	740493	913399	1653892
2022-12-19 13:00:00	509760	653979	1163739
2022-12-19 13:30:00	550210	772667	1322877
2022-12-19 14:00:00	608247	875959	1484206
2022-12-19 14:30:00	1089624	1452723	2542347
2022-12-19 15:00:00	750409	1091881	1842290
2022-12-19 15:15:00	795203	1137138	1932341
2022-12-16 09:00:00	205442	252148	457590
2022-12-16 09:30:00	325920	420139	746059
2022-12-16 10:00:00	556814	615268	1172082
2022-12-16 10:30:00	696774	836903	1533677
2022-12-16 11:00:00	767808	969721	1737529
2022-12-16 11:30:00	856102	1074600	1930702
2022-12-16 12:00:00	922790	1160843	2083633
2022-12-16 12:30:00	994272	1257466	2251738
2022-12-16 13:00:00	1062670	1358089	2420759
2022-12-16 13:30:00	1137565	1467130	2604695
2022-12-16 14:00:00	1223828	1586953	2810781
2022-12-16 14:30:00	1440586	1727394	3167980
2022-12-16 15:00:00	1552508	1933726	3486234
2022-12-16 15:15:00	1607671	2035365	3643036
2022-12-15 09:00:00	227475	315501	542976
2022-12-15 09:30:00	414665	672427	1087092
2022-12-15 10:00:00	602447	842298	1444745
2022-12-15 10:30:00	709485	980988	1690473
2022-12-15 11:00:00	809802	1144598	1954400
2022-12-15 11:30:00	971385	1287988	2259373
2022-12-15 12:00:00	1061730	1422908	2484638
2022-12-15 12:30:00	1140936	1564019	2704955
2022-12-15 13:00:00	1256890	1727984	2984874
2022-12-15 13:30:00	1360580	1861502	3222082
2022-12-15 14:00:00	1494164	2028275	3522439
2022-12-15 14:30:00	1618226	2208369	3826595
2022-12-15 15:00:00	1751945	2430038	4181983
2022-12-15 15:15:00	1791348	2517413	4308761
2022-12-14 09:00:00	157613	238644	396257
2022-12-14 09:30:00	307097	417837	724934
2022-12-14 10:00:00	403639	498575	902214
2022-12-14 10:30:00	406138	456064	862202
2022-12-14 11:00:00	452405	507555	959960
2022-12-14 11:30:00	497807	539781	1037588
2022-12-14 12:00:00	543705	627552	1171257
2022-12-14 12:30:00	598365	707753	1306118
2022-12-14 13:00:00	647032	778626	1425658
2022-12-14 13:30:00	691909	887161	1579070
2022-12-14 14:00:00	770335	1003041	1773376
2022-12-14 14:30:00	877156	1118393	1995549
2022-12-14 15:00:00	1056817	1346311	2403128
2022-12-14 15:15:00	1145849	1480781	2626630
2022-12-13 09:00:00	262459	321574	584033
2022-12-13 09:30:00	563806	532258	1096064
2022-12-13 10:00:00	724549	702129	1426678
2022-12-13 10:30:00	820384	834606	1654990
2022-12-13 11:00:00	977127	1025375	2002502
2022-12-13 11:30:00	1100129	1178342	2278471
2022-12-13 12:00:00	1280068	1322986	2603054
2022-12-13 12:30:00	1363771	1445306	2809077
2022-12-13 13:00:00	1435768	1523575	2959343
2022-12-13 13:30:00	1493055	1584515	3077570
2022-12-13 14:00:00	986027	1033284	2019311
2022-12-13 14:30:00	1035491	1098975	2134466
2022-12-13 15:00:00	1120665	1210401	2331066
2022-12-13 15:15:00	1168706	1275931	2444637
2022-12-12 09:00:00	69588	89389	158977
2022-12-12 09:30:00	169190	167710	336900
2022-12-12 10:00:00	275940	263957	539897
2022-12-12 10:30:00	313300	304702	618002
2022-12-12 11:00:00	406828	367897	774725
2022-12-12 11:30:00	466841	465369	932210
2022-12-12 12:00:00	504277	493822	998099
2022-12-12 12:30:00	549517	543704	1093221
2022-12-12 13:00:00	608645	611749	1220394
2022-12-12 13:30:00	653259	705755	1359014
2022-12-12 14:00:00	710944	797143	1508087
2022-12-12 14:30:00	819951	936270	1756221
2022-12-12 15:00:00	942917	1111235	2054152
2022-12-12 15:15:00	1001501	1231940	2233441
2022-12-09 09:00:00	145837	190533	336370
2022-12-09 09:30:00	294112	337814	631926
2022-12-09 10:00:00	391330	474890	866220
2022-12-09 10:30:00	483895	593148	1077043
2022-12-09 11:00:00	553536	691448	1244984
2022-12-09 11:30:00	605270	764833	1370103
2022-12-09 12:00:00	668379	850415	1518794
2022-12-09 12:30:00	739417	940387	1679804
2022-12-09 13:00:00	787246	1009317	1796563
2022-12-09 13:30:00	884481	1130463	2014944
2022-12-09 14:00:00	953499	1196176	2149675
2022-12-09 14:30:00	1022614	1275456	2298070
2022-12-09 15:00:00	1169738	1517814	2687552
2022-12-09 15:15:00	1196294	1599468	2795762
2022-12-08 09:00:00	164277	164743	329020
2022-12-08 09:30:00	314971	299688	614659
2022-12-08 10:00:00	452902	404302	857204
2022-12-08 10:30:00	298855	295810	594665
2022-12-08 11:00:00	329546	382926	712472
2022-12-08 11:30:00	359468	423681	783149
2022-12-08 12:00:00	385091	463658	848749
2022-12-08 12:30:00	405202	496400	901602
2022-12-08 13:00:00	436429	551186	987615
2022-12-08 13:30:00	469774	584736	1054510
2022-12-08 14:00:00	490365	615650	1106015
2022-12-08 14:30:00	536860	675644	1212504
2022-12-08 15:00:00	593184	766537	1359721
2022-12-08 15:15:00	625415	821723	1447138
2022-12-07 09:00:00	181484	219796	401280
2022-12-07 09:30:00	301447	361704	663151
2022-12-07 10:00:00	234603	246117	480720
2022-12-07 10:30:00	317107	312345	629452
2022-12-07 11:00:00	363168	370115	733283
2022-12-07 11:30:00	410506	424138	834644
2022-12-07 12:00:00	452907	470739	923646
2022-12-07 12:30:00	484688	511490	996178
2022-12-07 13:00:00	507835	561301	1069136
2022-12-07 13:30:00	539133	602181	1141314
2022-12-07 14:00:00	575429	638036	1213465
2022-12-07 14:30:00	624256	717458	1341714
2022-12-07 15:00:00	687119	830906	1518025
2022-12-07 15:15:00	703281	892027	1595308
2022-12-06 09:00:00	151845	234956	386801
2022-12-06 09:30:00	359607	465068	824675
2022-12-06 10:00:00	502045	645166	1147211
2022-12-06 10:30:00	636496	788483	1424979
2022-12-06 11:00:00	732225	878886	1611111
2022-12-06 11:30:00	474874	551776	1026650
2022-12-06 12:00:00	525946	617049	1142995
2022-12-06 12:30:00	582358	680169	1262527
2022-12-06 13:00:00	629217	737727	1366944
2022-12-06 13:30:00	692266	835860	1528126
2022-12-06 14:00:00	776070	909036	1685106
2022-12-06 14:30:00	856706	1008210	1864916
2022-12-06 15:00:00	943296	1168144	2111440
2022-12-06 15:15:00	974911	1221848	2196759
2022-12-05 09:00:00	140383	175727	316110
2022-12-05 09:30:00	274982	330469	605451
2022-12-05 10:00:00	422289	431263	853552
2022-12-05 10:30:00	540633	544666	1085299
2022-12-05 11:00:00	674630	675393	1350023
2022-12-05 11:30:00	784203	766729	1550932
2022-12-05 12:00:00	866751	868666	1735417
2022-12-05 12:30:00	935991	978468	1914459
2022-12-05 13:00:00	1021759	1152066	2173825
2022-12-05 13:30:00	1098984	1273162	2372146
2022-12-05 14:00:00	1224412	1398102	2622514
2022-12-05 14:30:00	1338077	1527949	2866026
2022-12-05 15:00:00	1452993	1700505	3153498
2022-12-05 15:15:00	1480965	1743755	3224720
2022-12-02 09:00:00	223433	281358	504791
2022-12-02 09:30:00	357940	439196	797136
2022-12-02 10:00:00	513619	611229	1124848
2022-12-02 10:30:00	609381	696499	1305880
2022-12-02 11:00:00	714741	838439	1553180
2022-12-02 11:30:00	791050	923421	1714471
2022-12-02 12:00:00	850882	986828	1837710
2022-12-02 12:30:00	917142	1060848	1977990
2022-12-02 13:00:00	965315	1152574	2117889
2022-12-02 13:30:00	1035341	1236068	2271409
2022-12-02 14:00:00	1152475	1357934	2510409
2022-12-02 14:30:00	1289251	1500152	2789403
2022-12-02 15:00:00	1501036	1665161	3166197
2022-12-02 15:15:00	1531712	1713140	3244852
2022-12-01 09:00:00	202469	216791	419260
2022-12-01 09:30:00	469254	451038	920292
2022-12-01 10:00:00	376752	340991	717743
2022-12-01 10:30:00	440074	413130	853204
2022-12-01 11:00:00	488696	485209	973905
2022-12-01 11:30:00	535652	567471	1103123
2022-12-01 12:00:00	567991	607086	1175077
2022-12-01 12:30:00	619695	651506	1271201
2022-12-01 13:00:00	651013	689421	1340434
2022-12-01 13:30:00	697902	763856	1461758
2022-12-01 14:00:00	740205	804934	1545139
2022-12-01 14:30:00	784842	900528	1685370
2022-12-01 15:00:00	867978	1027537	1895515
2022-12-01 15:15:00	909443	1098140	2007583
2022-11-30 09:00:00	40108	74533	114641
2022-11-30 09:30:00	189873	238146	428019
2022-11-30 10:00:00	260136	304065	564201
2022-11-30 10:30:00	220677	249099	469776
2022-11-30 11:00:00	283758	323315	607073
2022-11-30 11:30:00	354704	378418	733122
2022-11-30 12:00:00	391410	426251	817661
2022-11-30 12:30:00	427815	480304	908119
2022-11-30 13:00:00	489273	575270	1064543
2022-11-30 13:30:00	614080	761454	1375534
2022-11-30 14:00:00	690519	911224	1601743
2022-11-30 14:30:00	822926	1044562	1867488
2022-11-30 15:00:00	977474	1265465	2242939
2022-11-30 15:15:00	1066954	1371292	2438246
2022-11-29 09:00:00	123362	181556	304918
2022-11-29 09:30:00	258683	331850	590533
2022-11-29 10:00:00	344981	436162	781143
2022-11-29 10:30:00	464979	614815	1079794
2022-11-29 11:00:00	577861	823367	1401228
2022-11-29 11:30:00	649274	882845	1532119
2022-11-29 12:00:00	699641	951202	1650843
2022-11-29 12:30:00	754009	1035524	1789533
2022-11-29 13:00:00	820956	1113104	1934060
2022-11-29 13:30:00	918289	1224618	2142907
2022-11-29 14:00:00	975273	1302308	2277581
2022-11-29 14:30:00	1042620	1398008	2440628
2022-11-29 15:00:00	1133920	1525882	2659802
2022-11-29 15:15:00	1169316	1579788	2749104
2022-11-28 09:00:00	115704	111049	226753
2022-11-28 09:30:00	175721	199582	375303
2022-11-28 10:00:00	242114	269270	511384
2022-11-28 10:30:00	278594	326020	604614
2022-11-28 11:00:00	313266	368355	681621
2022-11-28 11:30:00	398388	433641	832029
2022-11-28 12:00:00	441150	476293	917443
2022-11-28 12:30:00	461698	512299	973997
2022-11-28 13:00:00	501538	577450	1078988
2022-11-28 13:30:00	548289	638186	1186475
2022-11-28 14:00:00	582405	703206	1285611
2022-11-28 14:30:00	671171	820088	1491259
2022-11-28 15:00:00	747544	948727	1696271
2022-11-28 15:15:00	771490	1004689	1776179
2022-11-25 09:00:00	134021	171572	305593
2022-11-25 09:30:00	275533	261075	536608
2022-11-25 10:00:00	386699	374449	761148
2022-11-25 10:30:00	455026	486786	941812
2022-11-25 11:00:00	509630	560568	1070198
2022-11-25 11:30:00	563348	682247	1245595
2022-11-25 12:00:00	640947	811189	1452136
2022-11-25 12:30:00	658900	845311	1504211
2022-11-25 13:00:00	658900	845311	1504211
2022-11-25 13:30:00	658900	845311	1504211
2022-11-25 14:00:00	658900	845311	1504211
2022-11-25 14:30:00	658900	845311	1504211
2022-11-25 15:00:00	658900	845311	1504211
2022-11-25 15:15:00	658900	845311	1504211
2022-11-23 09:00:00	150261	164957	315218
2022-11-23 09:30:00	398779	286998	685777
2022-11-23 10:00:00	375986	243617	619603
2022-11-23 10:30:00	414483	309438	723921
2022-11-23 11:00:00	458812	388457	847269
2022-11-23 11:30:00	498113	447602	945715
2022-11-23 12:00:00	531827	549188	1081015
2022-11-23 12:30:00	560637	591887	1152524
2022-11-23 13:00:00	583198	632836	1216034
2022-11-23 13:30:00	689732	714421	1404153
2022-11-23 14:00:00	747175	830626	1577801
2022-11-23 14:30:00	812032	963222	1775254
2022-11-23 15:00:00	895958	1098517	1994475
2022-11-23 15:15:00	917479	1138816	2056295
2022-11-22 09:00:00	150216	223354	373570
2022-11-22 09:30:00	495017	351853	846870
2022-11-22 10:00:00	616919	483825	1100744
2022-11-22 10:30:00	681276	578521	1259797
2022-11-22 11:00:00	489863	465874	955737
2022-11-22 11:30:00	527107	495794	1022901
2022-11-22 12:00:00	551272	535440	1086712
2022-11-22 12:30:00	590885	570952	1161837
2022-11-22 13:00:00	641096	620467	1261563
2022-11-22 13:30:00	692665	658656	1351321
2022-11-22 14:00:00	720020	740144	1460164
2022-11-22 14:30:00	797874	798567	1596441
2022-11-22 15:00:00	895690	948680	1844370
2022-11-22 15:15:00	918410	1000300	1918710
2022-11-21 09:00:00	151221	161298	312519
2022-11-21 09:30:00	270975	282557	553532
2022-11-21 10:00:00	370286	365797	736083
2022-11-21 10:30:00	424055	448226	872281
2022-11-21 11:00:00	503211	541554	1044765
2022-11-21 11:30:00	549835	599839	1149674
2022-11-21 12:00:00	611864	669483	1281347
2022-11-21 12:30:00	693263	741739	1435002
2022-11-21 13:00:00	425377	469851	895228
2022-11-21 13:30:00	448599	512989	961588
2022-11-21 14:00:00	887165	966792	1853957
2022-11-21 14:30:00	502013	583400	1085413
2022-11-21 15:00:00	576822	679084	1255906
2022-11-21 15:15:00	633708	727209	1360917
2022-11-18 09:00:00	180891	220431	401322
2022-11-18 09:30:00	292675	379379	672054
2022-11-18 10:00:00	420575	471528	892103
2022-11-18 10:30:00	501377	584389	1085766
2022-11-18 11:00:00	567909	673994	1241903
2022-11-18 11:30:00	642737	774283	1417020
2022-11-18 12:00:00	690873	847990	1538863
2022-11-18 12:30:00	751312	925599	1676911
2022-11-18 13:00:00	811828	1011065	1822893
2022-11-18 13:30:00	904327	1075139	1979466
2022-11-18 14:00:00	952792	1142655	2095447
2022-11-18 14:30:00	1047625	1247316	2294941
2022-11-18 15:00:00	1184748	1450547	2635295
2022-11-18 15:15:00	1210154	1507767	2717921
2022-11-17 09:00:00	228518	250138	478656
2022-11-17 09:30:00	216422	224131	440553
2022-11-17 10:00:00	305318	286673	591991
2022-11-17 10:30:00	351948	347463	699411
2022-11-17 11:00:00	468063	440636	908699
2022-11-17 11:30:00	785111	816629	1601740
2022-11-17 12:00:00	576729	549273	1126002
2022-11-17 12:30:00	643205	612923	1256128
2022-11-17 13:00:00	682638	668098	1350736
2022-11-17 13:30:00	720952	717518	1438470
2022-11-17 14:00:00	753546	758491	1512037
2022-11-17 14:30:00	834648	846410	1681058
2022-11-17 15:00:00	903835	991857	1895692
2022-11-17 15:15:00	947918	1058264	2006182
2022-11-16 09:00:00	203941	230971	434912
2022-11-16 09:30:00	391053	364906	755959
2022-11-16 10:00:00	519750	490138	1009888
2022-11-16 10:30:00	622750	583114	1205864
2022-11-16 11:00:00	757891	655274	1413165
2022-11-16 11:30:00	834937	759350	1594287
2022-11-16 12:00:00	930989	849574	1780563
2022-11-16 12:30:00	1000176	921236	1921412
2022-11-16 13:00:00	1066629	999026	2065655
2022-11-16 13:30:00	1135796	1072521	2208317
2022-11-16 14:00:00	1214124	1165136	2379260
2022-11-16 14:30:00	1303464	1275044	2578508
2022-11-16 15:00:00	1418053	1470377	2888430
2022-11-16 15:15:00	1443480	1538263	2981743
2022-11-14 09:00:00	83502	96070	179572
2022-11-14 09:30:00	201713	227377	429090
2022-11-14 10:00:00	271093	295714	566807
2022-11-14 10:30:00	331782	417451	749233
2022-11-14 11:00:00	391750	496015	887765
2022-11-14 11:30:00	778978	851980	1630958
2022-11-14 12:00:00	518883	679810	1198693
2022-11-14 12:30:00	563546	785187	1348733
2022-11-14 13:00:00	625163	818651	1443814
2022-11-14 13:30:00	684884	872749	1557633
2022-11-14 14:00:00	758426	938254	1696680
2022-11-14 14:30:00	934274	1024724	1958998
2022-11-14 15:00:00	1252156	1163487	2415643
2022-11-14 15:15:00	1289979	1235765	2525744
2022-11-11 09:00:00	293321	248458	541779
2022-11-11 09:30:00	464910	433548	898458
2022-11-11 10:00:00	605912	572037	1177949
2022-11-11 10:30:00	829145	718775	1547920
2022-11-11 11:00:00	923517	859985	1783502
2022-11-11 11:30:00	998519	978379	1976898
2022-11-11 12:00:00	1067005	1072116	2139121
2022-11-11 12:30:00	1211906	1185657	2397563
2022-11-11 13:00:00	1317739	1291642	2609381
2022-11-11 13:30:00	1483351	1408150	2891501
2022-11-11 14:00:00	1839116	1551380	3390496
2022-11-11 14:30:00	1955966	1719770	3675736
2022-11-11 15:00:00	2125971	1925760	4051731
2022-11-11 15:15:00	2171955	1997135	4169090
2022-11-10 09:00:00	238119	231637	469756
2022-11-10 09:30:00	367924	393632	761556
2022-11-10 10:00:00	505784	513332	1019116
2022-11-10 10:30:00	577017	637854	1214871
2022-11-10 11:00:00	677934	727990	1405924
2022-11-10 11:30:00	731358	771827	1503185
2022-11-10 12:00:00	790384	901639	1692023
2022-11-10 12:30:00	833336	953029	1786365
2022-11-10 13:00:00	870326	1006507	1876833
2022-11-10 13:30:00	938012	1065431	2003443
2022-11-10 14:00:00	1038237	1129861	2168098
2022-11-10 14:30:00	1117524	1241086	2358610
2022-11-10 15:00:00	1246783	1393631	2640414
2022-11-10 15:15:00	1326154	1481658	2807812
2022-11-08 09:00:00	66275	85677	151952
2022-11-08 09:30:00	147368	161587	308955
2022-11-08 10:00:00	205806	233561	439367
2022-11-08 10:30:00	307305	298969	606274
2022-11-08 11:00:00	392838	381015	773853
2022-11-08 11:30:00	436071	443313	879384
2022-11-08 12:00:00	468265	529744	998009
2022-11-08 12:30:00	523087	587262	1110349
2022-11-08 13:00:00	576361	666919	1243280
2022-11-08 13:30:00	648358	733542	1381900
2022-11-08 14:00:00	739311	806935	1546246
2022-11-08 14:30:00	810567	881813	1692380
2022-11-08 15:00:00	916233	1042801	1959034
2022-11-08 15:15:00	980907	1115491	2096398
2022-11-04 09:00:00	220300	263456	483756
2022-11-04 09:30:00	424314	481962	906276
2022-11-04 10:00:00	552164	644860	1197024
2022-11-04 10:30:00	689351	796507	1485858
2022-11-04 11:00:00	831806	968978	1800784
2022-11-04 11:30:00	936911	1118065	2054976
2022-11-04 12:00:00	989251	1212116	2201367
2022-11-04 12:30:00	1044611	1323650	2368261
2022-11-04 13:00:00	1131984	1406665	2538649
2022-11-04 13:30:00	1232562	1536896	2769458
2022-11-04 14:00:00	1334051	1667715	3001766
2022-11-04 14:30:00	1447067	1809316	3256383
2022-11-04 15:00:00	1590714	2082839	3673553
2022-11-04 15:15:00	1628604	2163403	3792007
2022-11-03 09:00:00	118159	151188	269347
2022-11-03 09:30:00	201581	291206	492787
2022-11-03 10:00:00	275366	388166	663532
2022-11-03 10:30:00	393819	472177	865996
2022-11-03 11:00:00	508242	542164	1050406
2022-11-03 11:30:00	602429	668896	1271325
2022-11-03 12:00:00	665824	725904	1391728
2022-11-03 12:30:00	708643	770339	1478982
2022-11-03 13:00:00	750811	844956	1595767
2022-11-03 13:30:00	780258	930794	1711052
2022-11-03 14:00:00	831280	998024	1829304
2022-11-03 14:30:00	863705	1051013	1914718
2022-11-03 15:00:00	921928	1175483	2097411
2022-11-03 15:15:00	953446	1264645	2218091
2022-11-02 09:00:00	41714	116958	158672
2022-11-02 09:30:00	78873	186567	265440
2022-11-02 10:00:00	116116	249570	365686
2022-11-02 10:30:00	175754	306496	482250
2022-11-02 11:00:00	259850	353918	613768
2022-11-02 11:30:00	302008	408279	710287
2022-11-02 12:00:00	341421	456367	797788
2022-11-02 12:30:00	395248	485668	880916
2022-11-02 13:00:00	446231	529883	976114
2022-11-02 13:30:00	527095	595651	1122746
2022-11-02 14:00:00	584995	703245	1288240
2022-11-02 14:30:00	671855	834041	1505896
2022-11-02 15:00:00	782215	1015123	1797338
2022-11-02 15:15:00	837098	1087590	1924688
2022-11-01 09:00:00	78163	92677	170840
2022-11-01 09:30:00	151927	216688	368615
2022-11-01 10:00:00	198263	297931	496194
2022-11-01 10:30:00	247055	363129	610184
2022-11-01 11:00:00	284349	402696	687045
2022-11-01 11:30:00	348826	444163	792989
2022-11-01 12:00:00	374282	489960	864242
2022-11-01 12:30:00	402473	523470	925943
2022-11-01 13:00:00	421776	547431	969207
2022-11-01 13:30:00	451200	592841	1044041
2022-11-01 14:00:00	482344	657005	1139349
2022-11-01 14:30:00	608867	727006	1335873
2022-11-01 15:00:00	692167	867631	1559798
2022-11-01 15:15:00	778336	969771	1748107
2022-10-31 09:00:00	152758	94520	247278
2022-10-31 09:30:00	235473	162728	398201
2022-10-31 10:00:00	286028	236871	522899
2022-10-31 10:30:00	368159	286521	654680
2022-10-31 11:00:00	411763	369669	781432
2022-10-31 11:30:00	499770	453750	953520
2022-10-31 12:00:00	519886	477458	997344
2022-10-31 12:30:00	560307	529674	1089981
2022-10-31 13:00:00	588482	556429	1144911
2022-10-31 13:30:00	623015	621840	1244855
2022-10-31 14:00:00	723605	741386	1464991
2022-10-31 14:30:00	769690	831354	1601044
2022-10-31 15:00:00	855339	959325	1814664
2022-10-31 15:15:00	922639	1089133	2011772
2022-10-28 09:00:00	186037	186664	372701
2022-10-28 09:30:00	364536	385617	750153
2022-10-28 10:00:00	527665	521078	1048743
2022-10-28 10:30:00	625879	639433	1265312
2022-10-28 11:00:00	703490	749644	1453134
2022-10-28 11:30:00	790516	860537	1651053
2022-10-28 12:00:00	865796	973827	1839623
2022-10-28 12:30:00	939846	1076731	2016577
2022-10-28 13:00:00	1119400	1168945	2288345
2022-10-28 13:30:00	1205490	1270506	2475996
2022-10-28 14:00:00	1335474	1412503	2747977
2022-10-28 14:30:00	1448582	1549229	2997811
2022-10-28 15:00:00	1703309	1796176	3499485
2022-10-28 15:15:00	1858833	1868695	3727528
2022-10-27 09:00:00	106570	161000	267570
2022-10-27 09:30:00	174887	247406	422293
2022-10-27 10:00:00	242930	300513	543443
2022-10-27 10:30:00	334848	370062	704910
2022-10-27 11:00:00	400808	421143	821951
2022-10-27 11:30:00	515091	523240	1038331
2022-10-27 12:00:00	530997	566380	1097377
2022-10-27 12:30:00	607822	621571	1229393
2022-10-27 13:00:00	631403	670782	1302185
2022-10-27 13:30:00	651583	727550	1379133
2022-10-27 14:00:00	693132	809638	1502770
2022-10-27 14:30:00	808052	898659	1706711
2022-10-27 15:00:00	879429	1012870	1892299
2022-10-27 15:15:00	923040	1110512	2033552
2022-10-26 09:00:00	136452	122736	259188
2022-10-26 09:30:00	253170	277629	530799
2022-10-26 10:00:00	338831	377023	715854
2022-10-26 10:30:00	485814	463875	949689
2022-10-26 11:00:00	577884	546183	1124067
2022-10-26 11:30:00	636396	612922	1249318
2022-10-26 12:00:00	699365	666021	1365386
2022-10-26 12:30:00	743743	749199	1492942
2022-10-26 13:00:00	777248	865845	1643093
2022-10-26 13:30:00	817807	936191	1753998
2022-10-26 14:00:00	864622	995191	1859813
2022-10-26 14:30:00	914641	1078617	1993258
2022-10-26 15:00:00	983765	1186285	2170050
2022-10-26 15:15:00	1022059	1265644	2287703
2022-10-25 09:00:00	83648	111210	194858
2022-10-25 09:30:00	262121	240293	502414
2022-10-25 10:00:00	379578	339975	719553
2022-10-25 10:30:00	444028	402399	846427
2022-10-25 11:00:00	493693	462972	956665
2022-10-25 11:30:00	613281	527691	1140972
2022-10-25 12:00:00	648252	588128	1236380
2022-10-25 12:30:00	676766	668177	1344943
2022-10-25 13:00:00	740782	734327	1475109
2022-10-25 13:30:00	782657	798698	1581355
2022-10-25 14:00:00	827421	853219	1680640
2022-10-25 14:30:00	877865	952082	1829947
2022-10-25 15:00:00	996473	1111088	2107561
2022-10-25 15:15:00	1018626	1180147	2198773
2022-10-24 09:00:00	68216	119199	187415
2022-10-24 09:30:00	131369	229473	360842
2022-10-24 10:00:00	175011	281301	456312
2022-10-24 10:30:00	248139	346755	594894
2022-10-24 11:00:00	284964	399205	684169
2022-10-24 11:30:00	376374	467343	843717
2022-10-24 12:00:00	426681	516684	943365
2022-10-24 12:30:00	467521	573611	1041132
2022-10-24 13:00:00	500953	647294	1148247
2022-10-24 13:30:00	526420	687331	1213751
2022-10-24 14:00:00	567643	820851	1388494
2022-10-24 14:30:00	636733	897674	1534407
2022-10-24 15:00:00	716486	1074164	1790650
2022-10-24 15:15:00	759068	1125782	1884850
2022-10-21 09:00:00	233935	225999	459934
2022-10-21 09:30:00	463562	424825	888387
2022-10-21 10:00:00	652771	568939	1221710
2022-10-21 10:30:00	745641	684411	1430052
2022-10-21 11:00:00	843432	796003	1639435
2022-10-21 11:30:00	946369	913378	1859747
2022-10-21 12:00:00	1045212	1092574	2137786
2022-10-21 12:30:00	1108073	1190367	2298440
2022-10-21 13:00:00	1182028	1282564	2464592
2022-10-21 13:30:00	1316447	1420056	2736503
2022-10-21 14:00:00	1411659	1517878	2929537
2022-10-21 14:30:00	1575750	1674195	3249945
2022-10-21 15:00:00	1727564	1940319	3667883
2022-10-21 15:15:00	1775573	2020831	3796404
2022-10-20 09:00:00	124766	133147	257913
2022-10-20 09:30:00	219920	353315	573235
2022-10-20 10:00:00	281150	455597	736747
2022-10-20 10:30:00	334506	509766	844272
2022-10-20 11:00:00	380753	580192	960945
2022-10-20 11:30:00	449303	665050	1114353
2022-10-20 12:00:00	491260	722181	1213441
2022-10-20 12:30:00	555096	784830	1339926
2022-10-20 13:00:00	606585	852603	1459188
2022-10-20 13:30:00	749008	994366	1743374
2022-10-20 14:00:00	803399	1074277	1877676
2022-10-20 14:30:00	846855	1137748	1984603
2022-10-20 15:00:00	915941	1272851	2188792
2022-10-20 15:15:00	968009	1338370	2306379
2022-10-19 09:00:00	235420	136013	371433
2022-10-19 09:30:00	311969	258081	570050
2022-10-19 10:00:00	376209	341257	717466
2022-10-19 10:30:00	439693	423942	863635
2022-10-19 11:00:00	484222	472622	956844
2022-10-19 11:30:00	590282	531021	1121303
2022-10-19 12:00:00	624841	663422	1288263
2022-10-19 12:30:00	665523	723943	1389466
2022-10-19 13:00:00	697302	773912	1471214
2022-10-19 13:30:00	736252	845473	1581725
2022-10-19 14:00:00	766007	886544	1652551
2022-10-19 14:30:00	815809	948917	1764726
2022-10-19 15:00:00	929449	1084947	2014396
2022-10-19 15:15:00	969165	1159891	2129056
2022-10-18 09:00:00	131987	167827	299814
2022-10-18 09:30:00	309772	259228	569000
2022-10-18 10:00:00	391772	403029	794801
2022-10-18 10:30:00	502502	520360	1022862
2022-10-18 11:00:00	711098	617896	1328994
2022-10-18 11:30:00	765405	690718	1456123
2022-10-18 12:00:00	821884	729747	1551631
2022-10-18 12:30:00	853032	856334	1709366
2022-10-18 13:00:00	914142	917739	1831881
2022-10-18 13:30:00	978069	987775	1965844
2022-10-18 14:00:00	1047744	1058307	2106051
2022-10-18 14:30:00	1114283	1135066	2249349
2022-10-18 15:00:00	1200584	1248606	2449190
2022-10-18 15:15:00	1245357	1332361	2577718
2022-10-17 09:00:00	96964	174294	271258
2022-10-17 09:30:00	265606	288960	554566
2022-10-17 10:00:00	361853	436424	798277
2022-10-17 10:30:00	420634	477595	898229
2022-10-17 11:00:00	503577	557176	1060753
2022-10-17 11:30:00	559929	607409	1167338
2022-10-17 12:00:00	589561	667164	1256725
2022-10-17 12:30:00	628706	769471	1398177
2022-10-17 13:00:00	667660	846111	1513771
2022-10-17 13:30:00	714603	911678	1626281
2022-10-17 14:00:00	770469	996373	1766842
2022-10-17 14:30:00	936177	1087920	2024097
2022-10-17 15:00:00	1009719	1228591	2238310
2022-10-17 15:15:00	1047830	1284637	2332467
2022-10-14 09:00:00	255359	238260	493619
2022-10-14 09:30:00	410657	423398	834055
2022-10-14 10:00:00	515291	588799	1104090
2022-10-14 10:30:00	610012	728695	1338707
2022-10-14 11:00:00	1065365	823414	1888779
2022-10-14 11:30:00	1164583	932436	2097019
2022-10-14 12:00:00	1331819	1033585	2365404
2022-10-14 12:30:00	1429349	1114091	2543440
2022-10-14 13:00:00	1567813	1188546	2756359
2022-10-14 13:30:00	1639862	1294437	2934299
2022-10-14 14:00:00	1714943	1523521	3238464
2022-10-14 14:30:00	1826641	1661445	3488086
2022-10-14 15:00:00	1950854	1886142	3836996
2022-10-14 15:15:00	2008977	1975990	3984967
2022-10-13 09:00:00	184875	182738	367613
2022-10-13 09:30:00	357102	366266	723368
2022-10-13 10:00:00	512778	473144	985922
2022-10-13 10:30:00	632537	584944	1217481
2022-10-13 11:00:00	744154	679931	1424085
2022-10-13 11:30:00	834350	752479	1586829
2022-10-13 12:00:00	906999	820664	1727663
2022-10-13 12:30:00	1085352	894781	1980133
2022-10-13 13:00:00	1151764	942188	2093952
2022-10-13 13:30:00	1214817	1017787	2232604
2022-10-13 14:00:00	1299709	1096336	2396045
2022-10-13 14:30:00	1361778	1204494	2566272
2022-10-13 15:00:00	1495580	1370121	2865701
2022-10-13 15:15:00	1531458	1460209	2991667
2022-10-12 09:00:00	116112	114069	230181
2022-10-12 09:30:00	172899	185898	358797
2022-10-12 10:00:00	225004	237922	462926
2022-10-12 10:30:00	279754	308667	588421
2022-10-12 11:00:00	322910	370216	693126
2022-10-12 11:30:00	441243	423940	865183
2022-10-12 12:00:00	445095	469889	914984
2022-10-12 12:30:00	476991	510596	987587
2022-10-12 13:00:00	510169	551263	1061432
2022-10-12 13:30:00	544477	609956	1154433
2022-10-12 14:00:00	591909	687639	1279548
2022-10-12 14:30:00	651227	780804	1432031
2022-10-12 15:00:00	767828	954405	1722233
2022-10-12 15:15:00	816494	1018460	1834954
2022-10-11 09:00:00	174563	139003	313566
2022-10-11 09:30:00	327213	281169	608382
2022-10-11 10:00:00	482127	364586	846713
2022-10-11 10:30:00	522804	418001	940805
2022-10-11 11:00:00	645304	496095	1141399
2022-10-11 11:30:00	678567	537924	1216491
2022-10-11 12:00:00	732581	585791	1318372
2022-10-11 12:30:00	777786	620452	1398238
2022-10-11 13:00:00	834317	650117	1484434
2022-10-11 13:30:00	869899	693976	1563875
2022-10-11 14:00:00	950429	775799	1726228
2022-10-11 14:30:00	1047614	876177	1923791
2022-10-11 15:00:00	1153790	1023356	2177146
2022-10-11 15:15:00	1188471	1081383	2269854
2022-10-10 09:00:00	110774	92433	203207
2022-10-10 09:30:00	302962	162495	465457
2022-10-10 10:00:00	382742	338924	721666
2022-10-10 10:30:00	539820	417571	957391
2022-10-10 11:00:00	574858	488189	1063047
2022-10-10 11:30:00	649570	547261	1196831
2022-10-10 12:00:00	688453	635294	1323747
2022-10-10 12:30:00	751211	708887	1460098
2022-10-10 13:00:00	800769	757159	1557928
2022-10-10 13:30:00	829687	802850	1632537
2022-10-10 14:00:00	874591	861605	1736196
2022-10-10 14:30:00	912534	920174	1832708
2022-10-10 15:00:00	969924	1081735	2051659
2022-10-10 15:15:00	1004269	1165821	2170090
2022-10-07 09:00:00	262505	269934	532439
2022-10-07 09:30:00	453434	463019	916453
2022-10-07 10:00:00	644533	595128	1239661
2022-10-07 10:30:00	717987	718285	1436272
2022-10-07 11:00:00	794190	799731	1593921
2022-10-07 11:30:00	870532	870449	1740981
2022-10-07 12:00:00	1074950	1000825	2075775
2022-10-07 12:30:00	1153518	1083667	2237185
2022-10-07 13:00:00	1221501	1174929	2396430
2022-10-07 13:30:00	1317119	1299464	2616583
2022-10-07 14:00:00	1472775	1423606	2896381
2022-10-07 14:30:00	1575336	1569700	3145036
2022-10-07 15:00:00	1800646	1902262	3702908
2022-10-07 15:15:00	1848193	2002349	3850542
2022-10-06 09:00:00	88167	158483	246650
2022-10-06 09:30:00	179156	237063	416219
2022-10-06 10:00:00	226739	297272	524011
2022-10-06 10:30:00	403163	347908	751071
2022-10-06 11:00:00	434828	385192	820020
2022-10-06 11:30:00	461429	444078	905507
2022-10-06 12:00:00	557961	479583	1037544
2022-10-06 12:30:00	576500	522934	1099434
2022-10-06 13:00:00	604867	549372	1154239
2022-10-06 13:30:00	651101	605401	1256502
2022-10-06 14:00:00	686675	697649	1384324
2022-10-06 14:30:00	801269	757918	1559187
2022-10-06 15:00:00	915496	851296	1766792
2022-10-06 15:15:00	955642	907455	1863097
2022-10-05 09:00:00	74094	91897	165991
2022-10-05 09:30:00	147345	190879	338224
2022-10-05 10:00:00	196040	249542	445582
2022-10-05 10:30:00	229694	287324	517018
2022-10-05 11:00:00	321719	328970	650689
2022-10-05 11:30:00	445302	379879	825181
2022-10-05 12:00:00	561777	425695	987472
2022-10-05 12:30:00	616268	473061	1089329
2022-10-05 13:00:00	653703	517831	1171534
2022-10-05 13:30:00	764557	562526	1327083
2022-10-05 14:00:00	818834	604667	1423501
2022-10-05 14:30:00	920277	690540	1610817
2022-10-05 15:00:00	1027057	803194	1830251
2022-10-05 15:15:00	1063377	853374	1916751
2022-10-04 09:00:00	237611	211704	449315
2022-10-04 09:30:00	349478	292138	641616
2022-10-04 10:00:00	428018	414105	842123
2022-10-04 10:30:00	503022	538676	1041698
2022-10-04 11:00:00	569800	673828	1243628
2022-10-04 11:30:00	639797	725662	1365459
2022-10-04 12:00:00	701102	770535	1471637
2022-10-04 12:30:00	750821	856632	1607453
2022-10-04 13:00:00	792399	917973	1710372
2022-10-04 13:30:00	828381	946357	1774738
2022-10-04 14:00:00	861702	1008840	1870542
2022-10-04 14:30:00	919479	1066142	1985621
2022-10-04 15:00:00	988114	1220386	2208500
2022-10-04 15:15:00	1021032	1318113	2339145
2022-10-03 09:00:00	93595	108212	201807
2022-10-03 09:30:00	284027	198160	482187
2022-10-03 10:00:00	332663	253687	586350
2022-10-03 10:30:00	367741	301677	669418
2022-10-03 11:00:00	415935	372555	788490
2022-10-03 11:30:00	458591	415794	874385
2022-10-03 12:00:00	503289	443870	947159
2022-10-03 12:30:00	549949	491007	1040956
2022-10-03 13:00:00	584740	536938	1121678
2022-10-03 13:30:00	643074	594312	1237386
2022-10-03 14:00:00	703690	673128	1376818
2022-10-03 14:30:00	786447	780484	1566931
2022-10-03 15:00:00	883003	907833	1790836
2022-10-03 15:15:00	955832	967341	1923173
2022-09-30 09:00:00	213888	211327	425215
2022-09-30 09:30:00	352936	436394	789330
2022-09-30 10:00:00	454662	577503	1032165
2022-09-30 10:30:00	550180	697746	1247926
2022-09-30 11:00:00	663159	849995	1513154
2022-09-30 11:30:00	744241	941073	1685314
2022-09-30 12:00:00	796542	1016456	1812998
2022-09-30 12:30:00	864357	1089423	1953780
2022-09-30 13:00:00	943933	1186870	2130803
2022-09-30 13:30:00	1004669	1270451	2275120
2022-09-30 14:00:00	1164343	1488903	2653246
2022-09-30 14:30:00	1294773	1628152	2922925
2022-09-30 15:00:00	1454744	1868857	3323601
2022-09-30 15:15:00	1592235	2140838	3733073
2022-09-29 09:00:00	128523	156744	285267
2022-09-29 09:30:00	317855	268564	586419
2022-09-29 10:00:00	405511	357368	762879
2022-09-29 10:30:00	475926	439328	915254
2022-09-29 11:00:00	540339	512684	1053023
2022-09-29 11:30:00	577332	569070	1146402
2022-09-29 12:00:00	608581	603696	1212277
2022-09-29 12:30:00	647890	657204	1305094
2022-09-29 13:00:00	694727	711513	1406240
2022-09-29 13:30:00	764484	810752	1575236
2022-09-29 14:00:00	810055	872691	1682746
2022-09-29 14:30:00	856290	930337	1786627
2022-09-29 15:00:00	946356	1133229	2079585
2022-09-29 15:15:00	993826	1196964	2190790
2022-09-28 09:00:00	142685	178268	320953
2022-09-28 09:30:00	234820	343110	577930
2022-09-28 10:00:00	309696	449700	759396
2022-09-28 10:30:00	362051	535247	897298
2022-09-28 11:00:00	427023	658711	1085734
2022-09-28 11:30:00	489783	743590	1233373
2022-09-28 12:00:00	558405	798988	1357393
2022-09-28 12:30:00	610786	846449	1457235
2022-09-28 13:00:00	647697	899384	1547081
2022-09-28 13:30:00	683747	968885	1652632
2022-09-28 14:00:00	738248	1049856	1788104
2022-09-28 14:30:00	792257	1135617	1927874
2022-09-28 15:00:00	918722	1283047	2201769
2022-09-28 15:15:00	967715	1359509	2327224
2022-09-27 09:00:00	176591	127749	304340
2022-09-27 09:30:00	251781	211625	463406
2022-09-27 10:00:00	315567	358701	674268
2022-09-27 10:30:00	402336	431907	834243
2022-09-27 11:00:00	439769	578064	1017833
2022-09-27 11:30:00	513126	677206	1190332
2022-09-27 12:00:00	584407	778609	1363016
2022-09-27 12:30:00	669447	867109	1536556
2022-09-27 13:00:00	710084	924552	1634636
2022-09-27 13:30:00	761115	1025012	1786127
2022-09-27 14:00:00	854021	1110307	1964328
2022-09-27 14:30:00	925856	1230814	2156670
2022-09-27 15:00:00	991822	1377749	2369571
2022-09-27 15:15:00	1025923	1476643	2502566
2022-09-26 09:00:00	188951	155414	344365
2022-09-26 09:30:00	283797	283385	567182
2022-09-26 10:00:00	340969	379359	720328
2022-09-26 10:30:00	419975	470455	890430
2022-09-26 11:00:00	463426	524710	988136
2022-09-26 11:30:00	512222	592858	1105080
2022-09-26 12:00:00	579983	678060	1258043
2022-09-26 12:30:00	630424	741189	1371613
2022-09-26 13:00:00	696308	831903	1528211
2022-09-26 13:30:00	724859	920281	1645140
2022-09-26 14:00:00	798852	1007303	1806155
2022-09-26 14:30:00	826449	1080482	1906931
2022-09-26 15:00:00	1558901	1197587	2756488
2022-09-26 15:15:00	1613537	1307992	2921529
2022-09-23 09:00:00	234829	342432	577261
2022-09-23 09:30:00	447155	612754	1059909
2022-09-23 10:00:00	568879	773985	1342864
2022-09-23 10:30:00	724912	943359	1668271
2022-09-23 11:00:00	835956	1108054	1944010
2022-09-23 11:30:00	990767	1292784	2283551
2022-09-23 12:00:00	1109895	1480168	2590063
2022-09-23 12:30:00	1222372	1674545	2896917
2022-09-23 13:00:00	1317225	1781795	3099020
2022-09-23 13:30:00	1458355	2030903	3489258
2022-09-23 14:00:00	1590968	2220307	3811275
2022-09-23 14:30:00	1762362	2474977	4237339
2022-09-23 15:00:00	1932466	2770257	4702723
2022-09-23 15:15:00	1992476	2857725	4850201
2022-09-22 09:00:00	106949	187974	294923
2022-09-22 09:30:00	217659	386904	604563
2022-09-22 10:00:00	327970	583354	911324
2022-09-22 10:30:00	437111	710353	1147464
2022-09-22 11:00:00	489525	795913	1285438
2022-09-22 11:30:00	540311	840594	1380905
2022-09-22 12:00:00	567655	880272	1447927
2022-09-22 12:30:00	592049	914391	1506440
2022-09-22 13:00:00	641909	985956	1627865
2022-09-22 13:30:00	722299	1048483	1770782
2022-09-22 14:00:00	775840	1135197	1911037
2022-09-22 14:30:00	847856	1264114	2111970
2022-09-22 15:00:00	923911	1382001	2305912
2022-09-22 15:15:00	978945	1473054	2451999
2022-09-21 09:00:00	87161	112331	199492
2022-09-21 09:30:00	138974	202260	341234
2022-09-21 10:00:00	180052	255303	435355
2022-09-21 10:30:00	212243	280317	492560
2022-09-21 11:00:00	233724	309978	543702
2022-09-21 11:30:00	259177	361896	621073
2022-09-21 12:00:00	285471	398550	684021
2022-09-21 12:30:00	313965	446990	760955
2022-09-21 13:00:00	350735	554969	905704
2022-09-21 13:30:00	413376	643833	1057209
2022-09-21 14:00:00	482664	736456	1219120
2022-09-21 14:30:00	554362	821134	1375496
2022-09-21 15:00:00	680296	973263	1653559
2022-09-21 15:15:00	740078	1078952	1819030
2022-09-20 09:00:00	122304	104772	227076
2022-09-20 09:30:00	202629	176422	379051
2022-09-20 10:00:00	267427	256558	523985
2022-09-20 10:30:00	316942	311183	628125
2022-09-20 11:00:00	386995	347566	734561
2022-09-20 11:30:00	447687	390990	838677
2022-09-20 12:00:00	493444	426360	919804
2022-09-20 12:30:00	539522	471092	1010614
2022-09-20 13:00:00	592785	537659	1130444
2022-09-20 13:30:00	646545	588457	1235002
2022-09-20 14:00:00	712310	678123	1390433
2022-09-20 14:30:00	772306	737706	1510012
2022-09-20 15:00:00	845709	830964	1676673
2022-09-20 15:15:00	904353	874481	1778834
2022-09-19 09:00:00	70344	107285	177629
2022-09-19 09:30:00	125014	188513	313527
2022-09-19 10:00:00	193285	256051	449336
2022-09-19 10:30:00	254921	304555	559476
2022-09-19 11:00:00	285404	363220	648624
2022-09-19 11:30:00	309337	409561	718898
2022-09-19 12:00:00	343443	450636	794079
2022-09-19 12:30:00	386526	546333	932859
2022-09-19 13:00:00	425169	597114	1022283
2022-09-19 13:30:00	647735	666543	1314278
2022-09-19 14:00:00	682112	710226	1392338
2022-09-19 14:30:00	752950	798162	1551112
2022-09-19 15:00:00	822204	923633	1745837
2022-09-19 15:15:00	866654	956306	1822960
2022-09-16 09:00:00	209825	320401	530226
2022-09-16 09:30:00	480668	482352	963020
2022-09-16 10:00:00	625229	652203	1277432
2022-09-16 10:30:00	750343	792142	1542485
2022-09-16 11:00:00	843540	899066	1742606
2022-09-16 11:30:00	922242	1023976	1946218
2022-09-16 12:00:00	1046665	1128055	2174720
2022-09-16 12:30:00	1112076	1197125	2309201
2022-09-16 13:00:00	1180076	1291253	2471329
2022-09-16 13:30:00	1257138	1390474	2647612
2022-09-16 14:00:00	1341438	1515134	2856572
2022-09-16 14:30:00	1459074	1649634	3108708
2022-09-16 15:00:00	1556095	1830638	3386733
2022-09-16 15:15:00	1581629	1913487	3495116
2022-09-15 09:00:00	82821	118682	201503
2022-09-15 09:30:00	160573	217501	378074
2022-09-15 10:00:00	218572	300217	518789
2022-09-15 10:30:00	287878	391306	679184
2022-09-15 11:00:00	363547	448909	812456
2022-09-15 11:30:00	394799	508829	903628
2022-09-15 12:00:00	421265	555449	976714
2022-09-15 12:30:00	479680	634742	1114422
2022-09-15 13:00:00	523577	685142	1208719
2022-09-15 13:30:00	558727	730503	1289230
2022-09-15 14:00:00	608385	791635	1400020
2022-09-15 14:30:00	676848	896743	1573591
2022-09-15 15:00:00	773250	1057479	1830729
2022-09-15 15:15:00	816421	1137594	1954015
2022-09-14 09:00:00	99572	161212	260784
2022-09-14 09:30:00	169673	288163	457836
2022-09-14 10:00:00	240376	391991	632367
2022-09-14 10:30:00	340660	461215	801875
2022-09-14 11:00:00	488288	495122	983410
2022-09-14 11:30:00	541645	555831	1097476
2022-09-14 12:00:00	586339	604760	1191099
2022-09-14 12:30:00	610562	640664	1251226
2022-09-14 13:00:00	682318	680545	1362863
2022-09-14 13:30:00	739436	759902	1499338
2022-09-14 14:00:00	794193	802874	1597067
2022-09-14 14:30:00	864096	916668	1780764
2022-09-14 15:00:00	949144	1051965	2001109
2022-09-14 15:15:00	995255	1112643	2107898
2022-09-13 09:00:00	119972	161216	281188
2022-09-13 09:30:00	208537	306446	514983
2022-09-13 10:00:00	283353	427340	710693
2022-09-13 10:30:00	346149	495457	841606
2022-09-13 11:00:00	434428	548850	983278
2022-09-13 11:30:00	459021	623270	1082291
2022-09-13 12:00:00	490833	680465	1171298
2022-09-13 12:30:00	524084	734780	1258864
2022-09-13 13:00:00	557710	773980	1331690
2022-09-13 13:30:00	597704	859589	1457293
2022-09-13 14:00:00	710679	968017	1678696
2022-09-13 14:30:00	780734	1080714	1861448
2022-09-13 15:00:00	952936	1312656	2265592
2022-09-13 15:15:00	1018546	1385526	2404072
2022-09-12 09:00:00	86229	106264	192493
2022-09-12 09:30:00	201373	258071	459444
2022-09-12 10:00:00	295793	338305	634098
2022-09-12 10:30:00	339560	416444	756004
2022-09-12 11:00:00	392211	520326	912537
2022-09-12 11:30:00	446646	585992	1032638
2022-09-12 12:00:00	476073	671490	1147563
2022-09-12 12:30:00	517440	769994	1287434
2022-09-12 13:00:00	551182	827097	1378279
2022-09-12 13:30:00	572735	911854	1484589
2022-09-12 14:00:00	606829	973570	1580399
2022-09-12 14:30:00	642404	1037910	1680314
2022-09-12 15:00:00	736166	1185746	1921912
2022-09-12 15:15:00	764786	1252328	2017114
2022-09-09 09:00:00	168613	193258	361871
2022-09-09 09:30:00	328656	376508	705164
2022-09-09 10:00:00	487546	529319	1016865
2022-09-09 10:30:00	610234	628670	1238904
2022-09-09 11:00:00	704090	720405	1424495
2022-09-09 11:30:00	786274	844289	1630563
2022-09-09 12:00:00	850216	915076	1765292
2022-09-09 12:30:00	936142	1003316	1939458
2022-09-09 13:00:00	1004423	1082556	2086979
2022-09-09 13:30:00	1064419	1164671	2229090
2022-09-09 14:00:00	1135840	1253020	2388860
2022-09-09 14:30:00	1225060	1348961	2574021
2022-09-09 15:00:00	1343587	1512049	2855636
2022-09-09 15:15:00	1382357	1625156	3007513
2022-09-08 09:00:00	89396	96921	186317
2022-09-08 09:30:00	135224	138084	273308
2022-09-08 10:00:00	247282	221799	469081
2022-09-08 10:30:00	318023	312294	630317
2022-09-08 11:00:00	368634	371311	739945
2022-09-08 11:30:00	434308	432414	866722
2022-09-08 12:00:00	477708	464942	942650
2022-09-08 12:30:00	527261	510361	1037622
2022-09-08 13:00:00	566460	569819	1136279
2022-09-08 13:30:00	588761	601441	1190202
2022-09-08 14:00:00	617232	648346	1265578
2022-09-08 14:30:00	652810	709677	1362487
2022-09-08 15:00:00	708742	782291	1491033
2022-09-08 15:15:00	751085	841927	1593012
2022-09-07 09:00:00	62999	67738	130737
2022-09-07 09:30:00	107509	135509	243018
2022-09-07 10:00:00	148358	206002	354360
2022-09-07 10:30:00	257377	253449	510826
2022-09-07 11:00:00	300646	304057	604703
2022-09-07 11:30:00	339989	349368	689357
2022-09-07 12:00:00	373761	400179	773940
2022-09-07 12:30:00	401868	458090	859958
2022-09-07 13:00:00	468019	512121	980140
2022-09-07 13:30:00	537733	577129	1114862
2022-09-07 14:00:00	592401	639364	1231765
2022-09-07 14:30:00	645371	717113	1362484
2022-09-07 15:00:00	745768	823148	1568916
2022-09-07 15:15:00	779495	873176	1652671
2022-09-06 09:00:00	81564	87987	169551
2022-09-06 09:30:00	167827	245731	413558
2022-09-06 10:00:00	228830	320887	549717
2022-09-06 10:30:00	279854	387942	667796
2022-09-06 11:00:00	348840	434957	783797
2022-09-06 11:30:00	385019	476961	861980
2022-09-06 12:00:00	435643	510271	945914
2022-09-06 12:30:00	486714	560126	1046840
2022-09-06 13:00:00	524363	618992	1143355
2022-09-06 13:30:00	553983	675622	1229605
2022-09-06 14:00:00	580478	741226	1321704
2022-09-06 14:30:00	626951	821810	1448761
2022-09-06 15:00:00	687028	936134	1623162
2022-09-06 15:15:00	715688	989374	1705062
2022-09-02 09:00:00	180542	248686	429228
2022-09-02 09:30:00	330486	429404	759890
2022-09-02 10:00:00	500808	610986	1111794
2022-09-02 10:30:00	570584	686240	1256824
2022-09-02 11:00:00	626586	789978	1416564
2022-09-02 11:30:00	711052	890608	1601660
2022-09-02 12:00:00	821161	1032180	1853341
2022-09-02 12:30:00	953963	1209236	2163199
2022-09-02 13:00:00	1053376	1342155	2395531
2022-09-02 13:30:00	1125369	1443970	2569339
2022-09-02 14:00:00	1189450	1526068	2715518
2022-09-02 14:30:00	1267540	1629033	2896573
2022-09-02 15:00:00	1406581	1881763	3288344
2022-09-02 15:15:00	1434160	1939420	3373580
2022-09-01 09:00:00	136821	131647	268468
2022-09-01 09:30:00	241540	244617	486157
2022-09-01 10:00:00	297768	336441	634209
2022-09-01 10:30:00	379995	408663	788658
2022-09-01 11:00:00	430895	464892	895787
2022-09-01 11:30:00	477115	502850	979965
2022-09-01 12:00:00	498238	529072	1027310
2022-09-01 12:30:00	793931	584300	1378231
2022-09-01 13:00:00	830925	627790	1458715
2022-09-01 13:30:00	865885	736739	1602624
2022-09-01 14:00:00	908557	787890	1696447
2022-09-01 14:30:00	947638	843134	1790772
2022-09-01 15:00:00	1011609	943616	1955225
2022-09-01 15:15:00	1049180	996366	2045546
2022-08-31 09:00:00	59199	131310	190509
2022-08-31 09:30:00	122122	231800	353922
2022-08-31 10:00:00	162128	296687	458815
2022-08-31 10:30:00	207785	356018	563803
2022-08-31 11:00:00	243066	395310	638376
2022-08-31 11:30:00	263890	420123	684013
2022-08-31 12:00:00	319029	463475	782504
2022-08-31 12:30:00	341000	498342	839342
2022-08-31 13:00:00	373257	531226	904483
2022-08-31 13:30:00	401462	584537	985999
2022-08-31 14:00:00	464941	644958	1109899
2022-08-31 14:30:00	516282	728100	1244382
2022-08-31 15:00:00	586566	828115	1414681
2022-08-31 15:15:00	629832	909549	1539381
2022-08-30 09:00:00	58165	92008	150173
2022-08-30 09:30:00	117312	172362	289674
2022-08-30 10:00:00	237396	289548	526944
2022-08-30 10:30:00	303946	383858	687804
2022-08-30 11:00:00	348490	436731	785221
2022-08-30 11:30:00	409793	481318	891111
2022-08-30 12:00:00	436007	551157	987164
2022-08-30 12:30:00	474090	612366	1086456
2022-08-30 13:00:00	521405	705003	1226408
2022-08-30 13:30:00	564636	754618	1319254
2022-08-30 14:00:00	629024	804315	1433339
2022-08-30 14:30:00	696064	887587	1583651
2022-08-30 15:00:00	761079	1000100	1761179
2022-08-30 15:15:00	783391	1035070	1818461
2022-08-29 09:00:00	96028	173653	269681
2022-08-29 09:30:00	179238	294768	474006
2022-08-29 10:00:00	240535	450225	690760
2022-08-29 10:30:00	302259	522268	824527
2022-08-29 11:00:00	348521	610853	959374
2022-08-29 11:30:00	393716	821265	1214981
2022-08-29 12:00:00	431211	855252	1286463
2022-08-29 12:30:00	454913	889846	1344759
2022-08-29 13:00:00	482052	926838	1408890
2022-08-29 13:30:00	512010	971411	1483421
2022-08-29 14:00:00	540433	1004003	1544436
2022-08-29 14:30:00	567878	1060476	1628354
2022-08-29 15:00:00	623432	1145800	1769232
2022-08-29 15:15:00	648528	1179678	1828206
2022-08-26 09:00:00	119964	161804	281768
2022-08-26 09:30:00	286500	321984	608484
2022-08-26 10:00:00	420624	457899	878523
2022-08-26 10:30:00	555674	585882	1141556
2022-08-26 11:00:00	645029	711654	1356683
2022-08-26 11:30:00	732871	825610	1558481
2022-08-26 12:00:00	805963	901907	1707870
2022-08-26 12:30:00	859706	968423	1828129
2022-08-26 13:00:00	925914	1057092	1983006
2022-08-26 13:30:00	992130	1229476	2221606
2022-08-26 14:00:00	1061759	1364271	2426030
2022-08-26 14:30:00	1183914	1532507	2716421
2022-08-26 15:00:00	1321745	1790993	3112738
2022-08-26 15:15:00	1353409	1882161	3235570
2022-08-25 09:00:00	53097	81899	134996
2022-08-25 09:30:00	96369	137136	233505
2022-08-25 10:00:00	187698	194887	382585
2022-08-25 10:30:00	233838	246271	480109
2022-08-25 11:00:00	251122	287264	538386
2022-08-25 11:30:00	271686	346937	618623
2022-08-25 12:00:00	294843	378705	673548
2022-08-25 12:30:00	317045	403310	720355
2022-08-25 13:00:00	333190	424864	758054
2022-08-25 13:30:00	357860	454226	812086
2022-08-25 14:00:00	377344	479966	857310
2022-08-25 14:30:00	413341	529345	942686
2022-08-25 15:00:00	500831	635961	1136792
2022-08-25 15:15:00	529401	673758	1203159
2022-08-24 09:00:00	61649	55948	117597
2022-08-24 09:30:00	114980	148237	263217
2022-08-24 10:00:00	149461	191961	341422
2022-08-24 10:30:00	184515	237163	421678
2022-08-24 11:00:00	229837	273371	503208
2022-08-24 11:30:00	250037	296083	546120
2022-08-24 12:00:00	271801	348239	620040
2022-08-24 12:30:00	290012	372103	662115
2022-08-24 13:00:00	338930	407597	746527
2022-08-24 13:30:00	354945	437661	792606
2022-08-24 14:00:00	376308	463980	840288
2022-08-24 14:30:00	406406	502739	909145
2022-08-24 15:00:00	449136	597011	1046147
2022-08-24 15:15:00	463536	636592	1100128
2022-08-23 09:00:00	71124	77826	148950
2022-08-23 09:30:00	140626	170952	311578
2022-08-23 10:00:00	179087	210651	389738
2022-08-23 10:30:00	215862	256992	472854
2022-08-23 11:00:00	236946	283957	520903
2022-08-23 11:30:00	256635	322032	578667
2022-08-23 12:00:00	275581	341503	617084
2022-08-23 12:30:00	316060	374238	690298
2022-08-23 13:00:00	334844	422759	757603
2022-08-23 13:30:00	362405	443762	806167
2022-08-23 14:00:00	383871	474167	858038
2022-08-23 14:30:00	438698	518172	956870
2022-08-23 15:00:00	487608	590114	1077722
2022-08-23 15:15:00	507293	622002	1129295
2022-08-22 09:00:00	116168	104695	220863
2022-08-22 09:30:00	203018	208199	411217
2022-08-22 10:00:00	258393	298484	556877
2022-08-22 10:30:00	330243	350070	680313
2022-08-22 11:00:00	352465	427194	779659
2022-08-22 11:30:00	376442	492034	868476
2022-08-22 12:00:00	406139	521532	927671
2022-08-22 12:30:00	438641	596907	1035548
2022-08-22 13:00:00	471446	684537	1155983
2022-08-22 13:30:00	505529	745276	1250805
2022-08-22 14:00:00	544340	826986	1371326
2022-08-22 14:30:00	628019	932450	1560469
2022-08-22 15:00:00	696375	1079182	1775557
2022-08-22 15:15:00	735146	1146429	1881575
2022-08-19 09:00:00	180575	241697	422272
2022-08-19 09:30:00	343746	402527	746273
2022-08-19 10:00:00	420086	543489	963575
2022-08-19 10:30:00	528696	681982	1210678
2022-08-19 11:00:00	616118	800062	1416180
2022-08-19 11:30:00	676615	894863	1571478
2022-08-19 12:00:00	739941	949316	1689257
2022-08-19 12:30:00	787054	997876	1784930
2022-08-19 13:00:00	847953	1053873	1901826
2022-08-19 13:30:00	889730	1109944	1999674
2022-08-19 14:00:00	944673	1182436	2127109
2022-08-19 14:30:00	1017800	1286822	2304622
2022-08-19 15:00:00	1111650	1432571	2544221
2022-08-19 15:15:00	1134316	1472836	2607152
2022-08-18 09:00:00	84249	90655	174904
2022-08-18 09:30:00	190003	159633	349636
2022-08-18 10:00:00	262519	217863	480382
2022-08-18 10:30:00	332527	304614	637141
2022-08-18 11:00:00	376387	401211	777598
2022-08-18 11:30:00	409988	445775	855763
2022-08-18 12:00:00	452793	488619	941412
2022-08-18 12:30:00	486990	533463	1020453
2022-08-18 13:00:00	515016	580182	1095198
2022-08-18 13:30:00	555501	625356	1180857
2022-08-18 14:00:00	587316	695078	1282394
2022-08-18 14:30:00	648556	766702	1415258
2022-08-18 15:00:00	746127	890526	1636653
2022-08-18 15:15:00	794797	955796	1750593
2022-08-17 09:00:00	134986	154427	289413
2022-08-17 09:30:00	196188	228261	424449
2022-08-17 10:00:00	337282	330661	667943
2022-08-17 10:30:00	389575	379664	769239
2022-08-17 11:00:00	449294	454947	904241
2022-08-17 11:30:00	512207	507971	1020178
2022-08-17 12:00:00	574281	555571	1129852
2022-08-17 12:30:00	598546	592690	1191236
2022-08-17 13:00:00	684033	656533	1340566
2022-08-17 13:30:00	735046	737640	1472686
2022-08-17 14:00:00	809451	803362	1612813
2022-08-17 14:30:00	869778	900169	1769947
2022-08-17 15:00:00	943379	1009537	1952916
2022-08-17 15:15:00	991419	1094911	2086330
2022-08-16 09:00:00	66977	88825	155802
2022-08-16 09:30:00	154846	262758	417604
2022-08-16 10:00:00	260208	378246	638454
2022-08-16 10:30:00	311698	432215	743913
2022-08-16 11:00:00	403444	557313	960757
2022-08-16 11:30:00	462948	647455	1110403
2022-08-16 12:00:00	752812	699512	1452324
2022-08-16 12:30:00	783099	748159	1531258
2022-08-16 13:00:00	826713	817148	1643861
2022-08-16 13:30:00	889106	885540	1774646
2022-08-16 14:00:00	955420	967005	1922425
2022-08-16 14:30:00	1055056	1029917	2084973
2022-08-16 15:00:00	1135171	1121510	2256681
2022-08-16 15:15:00	1166820	1172159	2338979
2022-08-15 09:00:00	91889	129646	221535
2022-08-15 09:30:00	185465	237025	422490
2022-08-15 10:00:00	233188	320325	553513
2022-08-15 10:30:00	287780	373712	661492
2022-08-15 11:00:00	340122	440619	780741
2022-08-15 11:30:00	391472	484231	875703
2022-08-15 12:00:00	423671	523110	946781
2022-08-15 12:30:00	456190	562071	1018261
2022-08-15 13:00:00	502547	611387	1113934
2022-08-15 13:30:00	697642	805964	1503606
2022-08-15 14:00:00	755989	883551	1639540
2022-08-15 14:30:00	840812	949226	1790038
2022-08-15 15:00:00	910672	1075314	1985986
2022-08-15 15:15:00	942196	1134945	2077141
2022-08-12 09:00:00	136162	196219	332381
2022-08-12 09:30:00	244593	356658	601251
2022-08-12 10:00:00	343166	484267	827433
2022-08-12 10:30:00	472617	607434	1080051
2022-08-12 11:00:00	530640	718524	1249164
2022-08-12 11:30:00	581576	829035	1410611
2022-08-12 12:00:00	643014	899707	1542721
2022-08-12 12:30:00	705664	963319	1668983
2022-08-12 13:00:00	750100	1050771	1800871
2022-08-12 13:30:00	832168	1196745	2028913
2022-08-12 14:00:00	942411	1302309	2244720
2022-08-12 14:30:00	1061933	1417345	2479278
2022-08-12 15:00:00	1172429	1581565	2753994
2022-08-12 15:15:00	1226371	1637122	2863493
2022-08-11 09:00:00	130946	117736	248682
2022-08-11 09:30:00	217752	259222	476974
2022-08-11 10:00:00	368195	361464	729659
2022-08-11 10:30:00	428063	444721	872784
2022-08-11 11:00:00	475968	500316	976284
2022-08-11 11:30:00	523686	552195	1075881
2022-08-11 12:00:00	548942	574062	1123004
2022-08-11 12:30:00	570827	620210	1191037
2022-08-11 13:00:00	599024	674953	1273977
2022-08-11 13:30:00	635596	732892	1368488
2022-08-11 14:00:00	678847	818819	1497666
2022-08-11 14:30:00	727711	886123	1613834
2022-08-11 15:00:00	792461	990223	1782684
2022-08-11 15:15:00	830534	1041654	1872188
2022-08-10 09:00:00	118357	216775	335132
2022-08-10 09:30:00	246220	359884	606104
2022-08-10 10:00:00	319089	448299	767388
2022-08-10 10:30:00	391635	541862	933497
2022-08-10 11:00:00	474459	603532	1077991
2022-08-10 11:30:00	511714	656645	1168359
2022-08-10 12:00:00	552299	700138	1252437
2022-08-10 12:30:00	595650	760755	1356405
2022-08-10 13:00:00	626132	825719	1451851
2022-08-10 13:30:00	661015	880245	1541260
2022-08-10 14:00:00	704801	940440	1645241
2022-08-10 14:30:00	758306	1019107	1777413
2022-08-10 15:00:00	860195	1158006	2018201
2022-08-10 15:15:00	910715	1217788	2128503
2022-08-09 09:00:00	54873	98579	153452
2022-08-09 09:30:00	89233	151667	240900
2022-08-09 10:00:00	161130	186149	347279
2022-08-09 10:30:00	193633	225092	418725
2022-08-09 11:00:00	214770	252672	467442
2022-08-09 11:30:00	262665	276586	539251
2022-08-09 12:00:00	286141	297095	583236
2022-08-09 12:30:00	320288	340840	661128
2022-08-09 13:00:00	355901	371912	727813
2022-08-09 13:30:00	377940	414220	792160
2022-08-09 14:00:00	410819	461312	872131
2022-08-09 14:30:00	475959	525615	1001574
2022-08-09 15:00:00	530890	598437	1129327
2022-08-09 15:15:00	566662	634689	1201351
2022-08-08 09:00:00	72069	95814	167883
2022-08-08 09:30:00	151567	172084	323651
2022-08-08 10:00:00	197931	281993	479924
2022-08-08 10:30:00	243147	394970	638117
2022-08-08 11:00:00	354788	528398	883186
2022-08-08 11:30:00	384592	573830	958422
2022-08-08 12:00:00	417683	625276	1042959
2022-08-08 12:30:00	440787	689433	1130220
2022-08-08 13:00:00	502499	725429	1227928
2022-08-08 13:30:00	527318	761358	1288676
2022-08-08 14:00:00	564381	806560	1370941
2022-08-08 14:30:00	602570	867706	1470276
2022-08-08 15:00:00	653180	945694	1598874
2022-08-08 15:15:00	673439	984819	1658258
2022-08-05 09:00:00	156083	162132	318215
2022-08-05 09:30:00	283994	300368	584362
2022-08-05 10:00:00	388859	395897	784756
2022-08-05 10:30:00	492944	563136	1056080
2022-08-05 11:00:00	571859	707428	1279287
2022-08-05 11:30:00	627300	768693	1395993
2022-08-05 12:00:00	675686	815005	1490691
2022-08-05 12:30:00	735898	885061	1620959
2022-08-05 13:00:00	800582	955168	1755750
2022-08-05 13:30:00	853292	1010425	1863717
2022-08-05 14:00:00	900915	1074028	1974943
2022-08-05 14:30:00	1242495	1180195	2422690
2022-08-05 15:00:00	1346160	1359495	2705655
2022-08-05 15:15:00	1384034	1430249	2814283
2022-08-04 09:00:00	142818	208305	351123
2022-08-04 09:30:00	232154	308427	540581
2022-08-04 10:00:00	178094	244820	422914
2022-08-04 10:30:00	213041	280294	493335
2022-08-04 11:00:00	467639	529336	996975
2022-08-04 11:30:00	263289	356486	619775
2022-08-04 12:00:00	283687	378379	662066
2022-08-04 12:30:00	305453	405533	710986
2022-08-04 13:00:00	320622	443866	764488
2022-08-04 13:30:00	395146	472067	867213
2022-08-04 14:00:00	411258	500058	911316
2022-08-04 14:30:00	443386	540463	983849
2022-08-04 15:00:00	500601	660192	1160793
2022-08-04 15:15:00	531770	733164	1264934
2022-08-03 09:00:00	54789	83201	137990
2022-08-03 09:30:00	119382	152461	271843
2022-08-03 10:00:00	151454	221118	372572
2022-08-03 10:30:00	187614	262890	450504
2022-08-03 11:00:00	234326	315947	550273
2022-08-03 11:30:00	260686	355642	616328
2022-08-03 12:00:00	323486	401885	725371
2022-08-03 12:30:00	361580	439218	800798
2022-08-03 13:00:00	409241	482896	892137
2022-08-03 13:30:00	445587	533180	978767
2022-08-03 14:00:00	491673	574440	1066113
2022-08-03 14:30:00	559028	651073	1210101
2022-08-03 15:00:00	630545	761450	1391995
2022-08-03 15:15:00	679260	836719	1515979
2022-08-02 09:00:00	99834	78719	178553
2022-08-02 09:30:00	170354	228605	398959
2022-08-02 10:00:00	221712	320164	541876
2022-08-02 10:30:00	258184	372976	631160
2022-08-02 11:00:00	294354	417035	711389
2022-08-02 11:30:00	320096	462162	782258
2022-08-02 12:00:00	363991	527301	891292
2022-08-02 12:30:00	410319	578469	988788
2022-08-02 13:00:00	469586	648580	1118166
2022-08-02 13:30:00	502177	688155	1190332
2022-08-02 14:00:00	534891	724060	1258951
2022-08-02 14:30:00	584801	789613	1374414
2022-08-02 15:00:00	640485	886229	1526714
2022-08-02 15:15:00	680189	939720	1619909
2022-08-01 09:00:00	91593	91562	183155
2022-08-01 09:30:00	162996	215733	378729
2022-08-01 10:00:00	240052	293110	533162
2022-08-01 10:30:00	269700	339567	609267
2022-08-01 11:00:00	294691	399751	694442
2022-08-01 11:30:00	320240	442889	763129
2022-08-01 12:00:00	336131	490809	826940
2022-08-01 12:30:00	382113	537156	919269
2022-08-01 13:00:00	416233	591492	1007725
2022-08-01 13:30:00	433435	645425	1078860
2022-08-01 14:00:00	490863	691245	1182108
2022-08-01 14:30:00	528552	738898	1267450
2022-08-01 15:00:00	594009	862366	1456375
2022-08-01 15:15:00	637515	927070	1564585
2022-07-29 09:00:00	202285	213233	415518
2022-07-29 09:30:00	354123	453909	808032
2022-07-29 10:00:00	456110	585651	1041761
2022-07-29 10:30:00	591810	775133	1366943
2022-07-29 11:00:00	676817	863916	1540733
2022-07-29 11:30:00	720538	933087	1653625
2022-07-29 12:00:00	781968	1012869	1794837
2022-07-29 12:30:00	845754	1066707	1912461
2022-07-29 13:00:00	940610	1216901	2157511
2022-07-29 13:30:00	1055734	1310410	2366144
2022-07-29 14:00:00	1152590	1389214	2541804
2022-07-29 14:30:00	1266922	1506397	2773319
2022-07-29 15:00:00	1406318	1660638	3066956
2022-07-29 15:15:00	1443327	1750085	3193412
2022-07-28 09:00:00	72143	115126	187269
2022-07-28 09:30:00	135148	212789	347937
2022-07-28 10:00:00	187007	272831	459838
2022-07-28 10:30:00	246087	332291	578378
2022-07-28 11:00:00	307331	413314	720645
2022-07-28 11:30:00	389527	458608	848135
2022-07-28 12:00:00	417671	515049	932720
2022-07-28 12:30:00	465843	571797	1037640
2022-07-28 13:00:00	528696	652152	1180848
2022-07-28 13:30:00	573761	713574	1287335
2022-07-28 14:00:00	617150	796393	1413543
2022-07-28 14:30:00	675516	891202	1566718
2022-07-28 15:00:00	751834	1010012	1761846
2022-07-28 15:15:00	781254	1100496	1881750
2022-07-27 09:00:00	52437	86905	139342
2022-07-27 09:30:00	92851	158688	251539
2022-07-27 10:00:00	126723	214712	341435
2022-07-27 10:30:00	198107	272378	470485
2022-07-27 11:00:00	275270	334620	609890
2022-07-27 11:30:00	295707	368011	663718
2022-07-27 12:00:00	307439	405139	712578
2022-07-27 12:30:00	334863	443400	778263
2022-07-27 13:00:00	359230	480869	840099
2022-07-27 13:30:00	390928	525815	916743
2022-07-27 14:00:00	472241	611940	1084181
2022-07-27 14:30:00	558771	743583	1302354
2022-07-27 15:00:00	690029	913018	1603047
2022-07-27 15:15:00	722838	970186	1693024
2022-07-26 09:00:00	72513	75877	148390
2022-07-26 09:30:00	129208	132290	261498
2022-07-26 10:00:00	156440	175082	331522
2022-07-26 10:30:00	189352	218638	407990
2022-07-26 11:00:00	232816	294166	526982
2022-07-26 11:30:00	258734	366726	625460
2022-07-26 12:00:00	315929	439015	754944
2022-07-26 12:30:00	330545	466829	797374
2022-07-26 13:00:00	341749	479583	821332
2022-07-26 13:30:00	372497	517466	889963
2022-07-26 14:00:00	421360	557092	978452
2022-07-26 14:30:00	482295	587995	1070290
2022-07-26 15:00:00	526243	669318	1195561
2022-07-26 15:15:00	545724	713450	1259174
2022-07-25 09:00:00	68248	68008	136256
2022-07-25 09:30:00	109285	150648	259933
2022-07-25 10:00:00	148541	200159	348700
2022-07-25 10:30:00	239622	249047	488669
2022-07-25 11:00:00	267474	286977	554451
2022-07-25 11:30:00	286749	310399	597148
2022-07-25 12:00:00	310300	335344	645644
2022-07-25 12:30:00	336112	367214	703326
2022-07-25 13:00:00	357574	431317	788891
2022-07-25 13:30:00	390745	476020	866765
2022-07-25 14:00:00	419493	503635	923128
2022-07-25 14:30:00	441893	541818	983711
2022-07-25 15:00:00	491054	644308	1135362
2022-07-25 15:15:00	529179	706170	1235349
2022-07-22 09:00:00	173950	221348	395298
2022-07-22 09:30:00	309755	353478	663233
2022-07-22 10:00:00	375372	436300	811672
2022-07-22 10:30:00	450101	526083	976184
2022-07-22 11:00:00	571927	682477	1254404
2022-07-22 11:30:00	626761	773083	1399844
2022-07-22 12:00:00	679983	829288	1509271
2022-07-22 12:30:00	756786	913681	1670467
2022-07-22 13:00:00	816211	1007506	1823717
2022-07-22 13:30:00	880753	1093269	1974022
2022-07-22 14:00:00	933388	1163241	2096629
2022-07-22 14:30:00	993160	1244545	2237705
2022-07-22 15:00:00	1075500	1389829	2465329
2022-07-22 15:15:00	1102770	1466086	2568856
2022-07-21 09:00:00	94308	86616	180924
2022-07-21 09:30:00	154003	181977	335980
2022-07-21 10:00:00	185300	263124	448424
2022-07-21 10:30:00	230918	296459	527377
2022-07-21 11:00:00	263743	332806	596549
2022-07-21 11:30:00	321801	378727	700528
2022-07-21 12:00:00	358264	434948	793212
2022-07-21 12:30:00	382604	495828	878432
2022-07-21 13:00:00	415142	535435	950577
2022-07-21 13:30:00	441252	572816	1014068
2022-07-21 14:00:00	464176	611796	1075972
2022-07-21 14:30:00	499241	661515	1160756
2022-07-21 15:00:00	568116	775930	1344046
2022-07-21 15:15:00	594664	835445	1430109
2022-07-20 09:00:00	66371	163330	229701
2022-07-20 09:30:00	129159	224312	353471
2022-07-20 10:00:00	264542	413680	678222
2022-07-20 10:30:00	322448	470237	792685
2022-07-20 11:00:00	415385	554331	969716
2022-07-20 11:30:00	454241	631151	1085392
2022-07-20 12:00:00	490452	680781	1171233
2022-07-20 12:30:00	520761	725653	1246414
2022-07-20 13:00:00	551741	769679	1321420
2022-07-20 13:30:00	576695	807136	1383831
2022-07-20 14:00:00	610343	861159	1471502
2022-07-20 14:30:00	678631	929465	1608096
2022-07-20 15:00:00	732107	1023136	1755243
2022-07-20 15:15:00	761484	1080445	1841929
2022-07-19 09:00:00	63249	104515	167764
2022-07-19 09:30:00	149199	186760	335959
2022-07-19 10:00:00	216634	286007	502641
2022-07-19 10:30:00	269333	368991	638324
2022-07-19 11:00:00	336486	425658	762144
2022-07-19 11:30:00	383987	514371	898358
2022-07-19 12:00:00	452692	566418	1019110
2022-07-19 12:30:00	481084	602705	1083789
2022-07-19 13:00:00	512492	636609	1149101
2022-07-19 13:30:00	571405	703287	1274692
2022-07-19 14:00:00	615013	776169	1391182
2022-07-19 14:30:00	662054	832579	1494633
2022-07-19 15:00:00	764367	942493	1706860
2022-07-19 15:15:00	790789	1002000	1792789
2022-07-18 09:00:00	76020	108438	184458
2022-07-18 09:30:00	228847	300738	529585
2022-07-18 10:00:00	274170	360562	634732
2022-07-18 10:30:00	300629	410513	711142
2022-07-18 11:00:00	353633	444799	798432
2022-07-18 11:30:00	375883	481379	857262
2022-07-18 12:00:00	391349	516686	908035
2022-07-18 12:30:00	425233	605471	1030704
2022-07-18 13:00:00	462132	693655	1155787
2022-07-18 13:30:00	511690	755111	1266801
2022-07-18 14:00:00	541980	820680	1362660
2022-07-18 14:30:00	579982	878012	1457994
2022-07-18 15:00:00	644194	983561	1627755
2022-07-18 15:15:00	665730	1043985	1709715
2022-07-15 09:00:00	172469	241001	413470
2022-07-15 09:30:00	327548	389004	716552
2022-07-15 10:00:00	456791	514879	971670
2022-07-15 10:30:00	572837	608787	1181624
2022-07-15 11:00:00	632051	675592	1307643
2022-07-15 11:30:00	701273	758817	1460090
2022-07-15 12:00:00	790229	824892	1615121
2022-07-15 12:30:00	886828	893817	1780645
2022-07-15 13:00:00	940269	950017	1890286
2022-07-15 13:30:00	989724	999313	1989037
2022-07-15 14:00:00	1150117	1056784	2206901
2022-07-15 14:30:00	1216399	1129772	2346171
2022-07-15 15:00:00	1316956	1309543	2626499
2022-07-15 15:15:00	1350295	1375436	2725731
2022-07-14 09:00:00	122354	153925	276279
2022-07-14 09:30:00	257691	248389	506080
2022-07-14 10:00:00	577869	355074	932943
2022-07-14 10:30:00	663924	451591	1115515
2022-07-14 11:00:00	791900	543511	1335411
2022-07-14 11:30:00	857646	662768	1520414
2022-07-14 12:00:00	893804	712272	1606076
2022-07-14 12:30:00	974547	778697	1753244
2022-07-14 13:00:00	997591	823643	1821234
2022-07-14 13:30:00	1036157	884338	1920495
2022-07-14 14:00:00	1098931	943870	2042801
2022-07-14 14:30:00	1177268	1014484	2191752
2022-07-14 15:00:00	1263240	1116227	2379467
2022-07-14 15:15:00	1296603	1178706	2475309
2022-07-13 09:00:00	126305	115187	241492
2022-07-13 09:30:00	227094	199472	426566
2022-07-13 10:00:00	326218	277258	603476
2022-07-13 10:30:00	368331	359455	727786
2022-07-13 11:00:00	414511	422251	836762
2022-07-13 11:30:00	434335	471736	906071
2022-07-13 12:00:00	476762	516675	993437
2022-07-13 12:30:00	511600	577077	1088677
2022-07-13 13:00:00	549305	620541	1169846
2022-07-13 13:30:00	622517	694499	1317016
2022-07-13 14:00:00	740264	754057	1494321
2022-07-13 14:30:00	783642	820224	1603866
2022-07-13 15:00:00	855524	945524	1801048
2022-07-13 15:15:00	912276	1006028	1918304
2022-07-12 09:00:00	87375	67222	154597
2022-07-12 09:30:00	211699	152841	364540
2022-07-12 10:00:00	284680	242544	527224
2022-07-12 10:30:00	333409	295160	628569
2022-07-12 11:00:00	352389	330614	683003
2022-07-12 11:30:00	378687	362893	741580
2022-07-12 12:00:00	396390	382514	778904
2022-07-12 12:30:00	430246	417593	847839
2022-07-12 13:00:00	451483	464319	915802
2022-07-12 13:30:00	485925	500020	985945
2022-07-12 14:00:00	529915	542695	1072610
2022-07-12 14:30:00	592996	613755	1206751
2022-07-12 15:00:00	679789	755471	1435260
2022-07-12 15:15:00	705001	803523	1508524
2022-07-11 09:00:00	64020	72633	136653
2022-07-11 09:30:00	100310	130574	230884
2022-07-11 10:00:00	254883	210074	464957
2022-07-11 10:30:00	292948	260377	553325
2022-07-11 11:00:00	347970	302208	650178
2022-07-11 11:30:00	360578	341851	702429
2022-07-11 12:00:00	379613	371418	751031
2022-07-11 12:30:00	400765	431150	831915
2022-07-11 13:00:00	433996	476662	910658
2022-07-11 13:30:00	451120	513162	964282
2022-07-11 14:00:00	470414	541454	1011868
2022-07-11 14:30:00	515833	598582	1114415
2022-07-11 15:00:00	569953	698182	1268135
2022-07-11 15:15:00	611935	743003	1354938
2022-07-08 09:00:00	153161	158795	311956
2022-07-08 09:30:00	237102	305132	542234
2022-07-08 10:00:00	329428	450914	780342
2022-07-08 10:30:00	444082	551194	995276
2022-07-08 11:00:00	512077	635511	1147588
2022-07-08 11:30:00	572448	703976	1276424
2022-07-08 12:00:00	653862	779273	1433135
2022-07-08 12:30:00	702099	841658	1543757
2022-07-08 13:00:00	744435	906786	1651221
2022-07-08 13:30:00	804957	982251	1787208
2022-07-08 14:00:00	856646	1050823	1907469
2022-07-08 14:30:00	914179	1141099	2055278
2022-07-08 15:00:00	1048108	1319528	2367636
2022-07-08 15:15:00	1073896	1367617	2441513
2022-07-07 09:00:00	103287	90460	193747
2022-07-07 09:30:00	171375	150808	322183
2022-07-07 10:00:00	213860	220809	434669
2022-07-07 10:30:00	245553	277795	523348
2022-07-07 11:00:00	345006	345978	690984
2022-07-07 11:30:00	509440	400895	910335
2022-07-07 12:00:00	560320	447322	1007642
2022-07-07 12:30:00	593372	474998	1068370
2022-07-07 13:00:00	612857	508165	1121022
2022-07-07 13:30:00	652659	561385	1214044
2022-07-07 14:00:00	748526	606505	1355031
2022-07-07 14:30:00	807533	694324	1501857
2022-07-07 15:00:00	909797	783470	1693267
2022-07-07 15:15:00	969088	878154	1847242
2022-07-06 09:00:00	53595	79302	132897
2022-07-06 09:30:00	342514	139486	482000
2022-07-06 10:00:00	377191	184211	561402
2022-07-06 10:30:00	398861	223262	622123
2022-07-06 11:00:00	455687	264831	720518
2022-07-06 11:30:00	472846	288984	761830
2022-07-06 12:00:00	492298	309170	801468
2022-07-06 12:30:00	517156	353173	870329
2022-07-06 13:00:00	536173	388629	924802
2022-07-06 13:30:00	556283	426274	982557
2022-07-06 14:00:00	603929	478791	1082720
2022-07-06 14:30:00	680970	584719	1265689
2022-07-06 15:00:00	762525	695390	1457915
2022-07-06 15:15:00	792551	751304	1543855
2022-07-05 09:00:00	84976	94679	179655
2022-07-05 09:30:00	178456	215850	394306
2022-07-05 10:00:00	234372	313735	548107
2022-07-05 10:30:00	271685	353715	625400
2022-07-05 11:00:00	391892	408902	800794
2022-07-05 11:30:00	430103	453132	883235
2022-07-05 12:00:00	448740	508582	957322
2022-07-05 12:30:00	499761	561981	1061742
2022-07-05 13:00:00	521633	595542	1117175
2022-07-05 13:30:00	552881	623802	1176683
2022-07-05 14:00:00	609685	718029	1327714
2022-07-05 14:30:00	662207	789411	1451618
2022-07-05 15:00:00	740724	871709	1612433
2022-07-05 15:15:00	766199	925052	1691251
2022-07-01 09:00:00	145273	173088	318361
2022-07-01 09:30:00	251139	324367	575506
2022-07-01 10:00:00	396887	444734	841621
2022-07-01 10:30:00	466874	535596	1002470
2022-07-01 11:00:00	506558	630836	1137394
2022-07-01 11:30:00	569084	688425	1257509
2022-07-01 12:00:00	609671	756577	1366248
2022-07-01 12:30:00	646716	806150	1452866
2022-07-01 13:00:00	701608	862940	1564548
2022-07-01 13:30:00	760114	939682	1699796
2022-07-01 14:00:00	844445	1026934	1871379
2022-07-01 14:30:00	913396	1096520	2009916
2022-07-01 15:00:00	1031427	1253459	2284886
2022-07-01 15:15:00	1067367	1327253	2394620
2022-06-30 09:00:00	158089	189308	347397
2022-06-30 09:30:00	288892	263429	552321
2022-06-30 10:00:00	361635	339224	700859
2022-06-30 10:30:00	426143	438060	864203
2022-06-30 11:00:00	783893	501598	1285491
2022-06-30 11:30:00	812712	542811	1355523
2022-06-30 12:00:00	841426	591211	1432637
2022-06-30 12:30:00	874805	631649	1506454
2022-06-30 13:00:00	911295	685872	1597167
2022-06-30 13:30:00	936795	714563	1651358
2022-06-30 14:00:00	957277	747533	1704810
2022-06-30 14:30:00	1076285	901512	1977797
2022-06-30 15:00:00	1168880	1009486	2178366
2022-06-30 15:15:00	1200971	1079286	2280257
2022-06-29 09:00:00	79265	97273	176538
2022-06-29 09:30:00	144231	177000	321231
2022-06-29 10:00:00	199560	272422	471982
2022-06-29 10:30:00	221104	319653	540757
2022-06-29 11:00:00	237661	381444	619105
2022-06-29 11:30:00	270992	409014	680006
2022-06-29 12:00:00	300853	440341	741194
2022-06-29 12:30:00	336926	493331	830257
2022-06-29 13:00:00	363912	530695	894607
2022-06-29 13:30:00	404505	603348	1007853
2022-06-29 14:00:00	443950	659093	1103043
2022-06-29 14:30:00	503891	706407	1210298
2022-06-29 15:00:00	612802	790492	1403294
2022-06-29 15:15:00	648638	854086	1502724
2022-06-28 09:00:00	94208	108003	202211
2022-06-28 09:30:00	151841	186244	338085
2022-06-28 10:00:00	191372	276274	467646
2022-06-28 10:30:00	240161	319563	559724
2022-06-28 11:00:00	308414	383084	691498
2022-06-28 11:30:00	378784	442505	821289
2022-06-28 12:00:00	396255	484960	881215
2022-06-28 12:30:00	448266	539289	987555
2022-06-28 13:00:00	478773	580311	1059084
2022-06-28 13:30:00	514856	633321	1148177
2022-06-28 14:00:00	556222	686949	1243171
2022-06-28 14:30:00	598503	734666	1333169
2022-06-28 15:00:00	675669	839714	1515383
2022-06-28 15:15:00	724212	887662	1611874
2022-06-27 09:00:00	75377	92723	168100
2022-06-27 09:30:00	171793	197249	369042
2022-06-27 10:00:00	222383	256749	479132
2022-06-27 10:30:00	271388	327531	598919
2022-06-27 11:00:00	318628	403429	722057
2022-06-27 11:30:00	341868	434694	776562
2022-06-27 12:00:00	368618	464597	833215
2022-06-27 12:30:00	398894	497235	896129
2022-06-27 13:00:00	426319	577570	1003889
2022-06-27 13:30:00	459260	612914	1072174
2022-06-27 14:00:00	495938	647475	1143413
2022-06-27 14:30:00	533518	708145	1241663
2022-06-27 15:00:00	583110	798602	1381712
2022-06-27 15:15:00	612974	845651	1458625
2022-05-31 09:00:00	89297	99620	188917
2022-05-31 09:30:00	143323	187854	331177
2022-05-31 10:00:00	201699	261369	463068
2022-05-31 10:30:00	278874	382196	661070
2022-05-31 11:00:00	332836	461258	794094
2022-05-31 11:30:00	437500	561155	998655
2022-05-31 12:00:00	465279	596057	1061336
2022-05-31 12:30:00	550776	637238	1188014
2022-05-31 13:00:00	580820	680378	1261198
2022-05-31 13:30:00	616161	731008	1347169
2022-05-31 14:00:00	652240	808827	1461067
2022-05-31 14:30:00	698177	868297	1566474
2022-05-31 15:00:00	755222	1013019	1768241
2022-05-31 15:15:00	796925	1066481	1863406
2022-05-27 09:00:00	182929	194488	377417
2022-05-27 09:30:00	362087	406628	768715
2022-05-27 10:00:00	482348	608849	1091197
2022-05-27 10:30:00	771953	706917	1478870
2022-05-27 11:00:00	839157	835101	1674258
2022-05-27 11:30:00	943321	916900	1860221
2022-05-27 12:00:00	987811	997227	1985038
2022-05-27 12:30:00	1025463	1085906	2111369
2022-05-27 13:00:00	1069461	1173825	2243286
2022-05-27 13:30:00	1115237	1238227	2353464
2022-05-27 14:00:00	1181503	1331751	2513254
2022-05-27 14:30:00	1299754	1450197	2749951
2022-05-27 15:00:00	1441562	1655033	3096595
2022-05-27 15:15:00	1486826	1775949	3262775
2022-05-26 09:00:00	84426	113770	198196
2022-05-26 09:30:00	160530	227789	388319
2022-05-26 10:00:00	209698	288635	498333
2022-05-26 10:30:00	251785	367038	618823
2022-05-26 11:00:00	333236	417062	750298
2022-05-26 11:30:00	403060	506610	909670
2022-05-26 12:00:00	440313	612328	1052641
2022-05-26 12:30:00	532249	792786	1325035
2022-05-26 13:00:00	640055	834430	1474485
2022-05-26 13:30:00	671404	898941	1570345
2022-05-26 14:00:00	750429	931864	1682293
2022-05-26 14:30:00	805001	986656	1791657
2022-05-26 15:00:00	871067	1077918	1948985
2022-05-26 15:15:00	904898	1134773	2039671
2022-05-25 09:00:00	37644	66326	103970
2022-05-25 09:30:00	80687	131875	212562
2022-05-25 10:00:00	124476	200403	324879
2022-05-25 10:30:00	160658	247251	407909
2022-05-25 11:00:00	184621	306589	491210
2022-05-25 11:30:00	219846	344285	564131
2022-05-25 12:00:00	243076	376642	619718
2022-05-25 12:30:00	278013	404384	682397
2022-05-25 13:00:00	308050	441067	749117
2022-05-25 13:30:00	399025	495347	894372
2022-05-25 14:00:00	450110	551851	1001961
2022-05-25 14:30:00	520740	627967	1148707
2022-05-25 15:00:00	592036	760169	1352205
2022-05-25 15:15:00	638392	813220	1451612
2022-05-24 09:00:00	60309	65374	125683
2022-05-24 09:30:00	122566	160994	283560
2022-05-24 10:00:00	179554	237432	416986
2022-05-24 10:30:00	230564	291932	522496
2022-05-24 11:00:00	258106	341957	600063
2022-05-24 11:30:00	279933	368028	647961
2022-05-24 12:00:00	308250	399712	707962
2022-05-24 12:30:00	330725	427501	758226
2022-05-24 13:00:00	366984	463509	830493
2022-05-24 13:30:00	420177	507611	927788
2022-05-24 14:00:00	462119	556909	1019028
2022-05-24 14:30:00	530960	629019	1159979
2022-05-24 15:00:00	601805	716688	1318493
2022-05-24 15:15:00	629661	776233	1405894
2022-05-23 09:00:00	77453	99680	177133
2022-05-23 09:30:00	122785	184702	307487
2022-05-23 10:00:00	176900	293589	470489
2022-05-23 10:30:00	324795	436421	761216
2022-05-23 11:00:00	375939	493056	868995
2022-05-23 11:30:00	427883	545216	973099
2022-05-23 12:00:00	464582	578079	1042661
2022-05-23 12:30:00	480774	610917	1091691
2022-05-23 13:00:00	517997	671580	1189577
2022-05-23 13:30:00	544453	728917	1273370
2022-05-23 14:00:00	580520	777164	1357684
2022-05-23 14:30:00	616433	843738	1460171
2022-05-23 15:00:00	676577	979321	1655898
2022-05-23 15:15:00	705076	1025039	1730115
2022-05-20 09:00:00	130251	181458	311709
2022-05-20 09:30:00	247681	363054	610735
2022-05-20 10:00:00	355359	553500	908859
2022-05-20 10:30:00	444461	716923	1161384
2022-05-20 11:00:00	579481	822212	1401693
2022-05-20 11:30:00	650379	956532	1606911
2022-05-20 12:00:00	749016	1115335	1864351
2022-05-20 12:30:00	818501	1238229	2056730
2022-05-20 13:00:00	902819	1448286	2351105
2022-05-20 13:30:00	1011963	1559146	2571109
2022-05-20 14:00:00	1085909	1691626	2777535
2022-05-20 14:30:00	1180544	1819038	2999582
2022-05-20 15:00:00	1378543	2021444	3399987
2022-05-20 15:15:00	1408170	2084152	3492322
2022-05-19 09:00:00	140512	160450	300962
2022-05-19 09:30:00	220819	264496	485315
2022-05-19 10:00:00	279585	344575	624160
2022-05-19 10:30:00	332474	466300	798774
2022-05-19 11:00:00	439716	634737	1074453
2022-05-19 11:30:00	488578	707568	1196146
2022-05-19 12:00:00	538908	810682	1349590
2022-05-19 12:30:00	582192	897248	1479440
2022-05-19 13:00:00	648669	1028247	1676916
2022-05-19 13:30:00	688571	1166954	1855525
2022-05-19 14:00:00	750058	1249762	1999820
2022-05-19 14:30:00	809181	1308857	2118038
2022-05-19 15:00:00	920452	1458513	2378965
2022-05-19 15:15:00	957938	1520101	2478039
2022-05-18 09:00:00	105406	182095	287501
2022-05-18 09:30:00	153402	259935	413337
2022-05-18 10:00:00	211756	395805	607561
2022-05-18 10:30:00	312359	491728	804087
2022-05-18 11:00:00	388350	586004	974354
2022-05-18 11:30:00	459748	693473	1153221
2022-05-18 12:00:00	652250	782088	1434338
2022-05-18 12:30:00	686349	852877	1539226
2022-05-18 13:00:00	732584	914776	1647360
2022-05-18 13:30:00	782077	985574	1767651
2022-05-18 14:00:00	869629	1052054	1921683
2022-05-18 14:30:00	947954	1156118	2104072
2022-05-18 15:00:00	1033511	1375181	2408692
2022-05-18 15:15:00	1059280	1464775	2524055
2022-05-17 09:00:00	84953	141980	226933
2022-05-17 09:30:00	167985	238110	406095
2022-05-17 10:00:00	252512	348628	601140
2022-05-17 10:30:00	305479	403305	708784
2022-05-17 11:00:00	355274	458124	813398
2022-05-17 11:30:00	466900	525357	992257
2022-05-17 12:00:00	508316	586237	1094553
2022-05-17 12:30:00	554503	685916	1240419
2022-05-17 13:00:00	593323	734344	1327667
2022-05-17 13:30:00	629707	828029	1457736
2022-05-17 14:00:00	682762	890236	1572998
2022-05-17 14:30:00	751696	953178	1704874
2022-05-17 15:00:00	870503	1068767	1939270
2022-05-17 15:15:00	905150	1124481	2029631
2022-05-16 09:00:00	64896	106750	171646
2022-05-16 09:30:00	132045	205065	337110
2022-05-16 10:00:00	229576	284643	514219
2022-05-16 10:30:00	295563	338846	634409
2022-05-16 11:00:00	355461	420431	775892
2022-05-16 11:30:00	383195	475784	858979
2022-05-16 12:00:00	413872	537430	951302
2022-05-16 12:30:00	435405	574657	1010062
2022-05-16 13:00:00	463470	633771	1097241
2022-05-16 13:30:00	553562	706855	1260417
2022-05-16 14:00:00	600689	771920	1372609
2022-05-16 14:30:00	695112	938632	1633744
2022-05-16 15:00:00	762909	1079374	1842283
2022-05-16 15:15:00	934089	1134349	2068438
2022-05-13 09:00:00	160281	246155	406436
2022-05-13 09:30:00	267670	386574	654244
2022-05-13 10:00:00	370508	505089	875597
2022-05-13 10:30:00	575697	630149	1205846
2022-05-13 11:00:00	639069	705226	1344295
2022-05-13 11:30:00	718584	799245	1517829
2022-05-13 12:00:00	772944	913283	1686227
2022-05-13 12:30:00	874780	984941	1859721
2022-05-13 13:00:00	989005	1065793	2054798
2022-05-13 13:30:00	1072443	1182082	2254525
2022-05-13 14:00:00	1148407	1273451	2421858
2022-05-13 14:30:00	1248280	1391803	2640083
2022-05-13 15:00:00	1378110	1573352	2951462
2022-05-13 15:15:00	1415361	1655655	3071016
2022-05-12 09:00:00	146094	220407	366501
2022-05-12 09:30:00	279330	397584	676914
2022-05-12 12:30:00	714553	996822	1711375
2022-05-12 13:00:00	752627	1087091	1839718
2022-05-12 13:30:00	798022	1178250	1976272
2022-05-12 14:00:00	869136	1307750	2176886
2022-05-12 14:30:00	934033	1436456	2370489
2022-05-12 15:00:00	1062955	1614588	2677543
2022-05-12 15:15:00	1100460	1671499	2771959
2022-05-11 09:00:00	106320	114543	220863
2022-05-11 09:30:00	206739	203347	410086
2022-05-11 10:00:00	248743	284419	533162
2022-05-11 10:30:00	264598	329714	594312
2022-05-11 11:00:00	294293	379847	674140
2022-05-11 11:30:00	324504	426252	750756
2022-05-11 12:00:00	362196	472321	834517
2022-05-11 12:30:00	480499	534189	1014688
2022-05-11 13:00:00	551942	612779	1164721
2022-05-11 13:30:00	591517	705105	1296622
2022-05-11 14:00:00	637999	774075	1412074
2022-05-11 14:30:00	685951	871431	1557382
2022-05-11 15:00:00	770682	1003421	1774103
2022-05-11 15:15:00	807734	1106802	1914536
2022-05-10 09:00:00	63706	109372	173078
2022-05-10 09:30:00	174739	201332	376071
2022-05-10 10:00:00	226437	330447	556884
2022-05-10 10:30:00	264901	416975	681876
2022-05-10 11:00:00	302719	499847	802566
2022-05-10 11:30:00	376619	555786	932405
2022-05-10 12:00:00	434216	627655	1061871
2022-05-10 12:30:00	490513	685993	1176506
2022-05-10 13:00:00	545691	767016	1312707
2022-05-10 13:30:00	585755	834333	1420088
2022-05-10 14:00:00	626120	872965	1499085
2022-05-10 14:30:00	725579	948300	1673879
2022-05-10 15:00:00	803821	1059027	1862848
2022-05-10 15:15:00	843271	1123931	1967202
2022-05-09 09:00:00	89150	102985	192135
2022-05-09 09:30:00	159530	212819	372349
2022-05-09 10:00:00	221226	333065	554291
2022-05-09 10:30:00	295335	462430	757765
2022-05-09 11:00:00	400616	554706	955322
2022-05-09 11:30:00	490632	635477	1126109
2022-05-09 12:00:00	528407	691319	1219726
2022-05-09 12:30:00	554487	959935	1514422
2022-05-09 13:00:00	597252	1042436	1639688
2022-05-09 13:30:00	619264	1091361	1710625
2022-05-09 14:00:00	644609	1155628	1800237
2022-05-09 14:30:00	693709	1251763	1945472
2022-05-09 15:00:00	796541	1483112	2279653
2022-05-09 15:15:00	828186	1550884	2379070
2022-05-06 09:00:00	113690	119038	232728
2022-05-06 09:30:00	225873	284612	510485
2022-05-06 10:00:00	273220	369900	643120
2022-05-06 10:30:00	335378	437782	773160
2022-05-06 11:00:00	368922	501979	870901
2022-05-06 11:30:00	400273	547626	947899
2022-05-06 12:00:00	423432	598122	1021554
2022-05-06 12:30:00	446138	674123	1120261
2022-05-06 13:00:00	470987	722331	1193318
2022-05-06 13:30:00	496321	774498	1270819
2022-05-06 14:00:00	530972	850209	1381181
2022-05-06 14:30:00	578235	936041	1514276
2022-05-06 15:00:00	651429	1090013	1741442
2022-05-06 15:15:00	681137	1148579	1829716
