TIME	CALLS	PUTS	TOTAL	P/C RATIO
2023-01-25 09:00:00	185045	284982	470027	1.54
2023-01-25 09:30:00	354116	473167	827283	1.34
2023-01-25 10:00:00	481861	665716	1147577	1.38
2023-01-25 10:30:00	616013	805906	1421919	1.31
2023-01-25 11:00:00	763822	916590	1680412	1.2
2023-01-25 11:30:00	859172	987483	1846655	1.15
2023-01-25 12:00:00	972662	1049777	2022439	1.08
2023-01-25 12:30:00	1063631	1137969	2201600	1.07
2023-01-25 13:00:00	1144769	1238449	2383218	1.08
2023-01-25 13:30:00	709002	807231	1516233	1.14
2023-01-25 14:00:00	758712	846201	1604913	1.12
2023-01-25 14:30:00	858114	935139	1793253	1.09
2023-01-25 15:00:00	931989	1060332	1992321	1.14
2023-01-25 15:15:00	972428	1121252	2093680	1.15
2023-01-24 09:00:00	176232	183721	359953	1.04
2023-01-24 09:30:00	331186	321554	652740	0.97
2023-01-24 10:00:00	410506	437447	847953	1.07
2023-01-24 10:30:00	480782	556576	1037358	1.16
2023-01-24 11:00:00	530850	634039	1164889	1.19
2023-01-24 11:30:00	580998	708813	1289811	1.22
2023-01-24 12:00:00	631047	781913	1412960	1.24
2023-01-24 12:30:00	691988	856210	1548198	1.24
2023-01-24 13:00:00	756004	932827	1688831	1.23
2023-01-24 13:30:00	849873	1027824	1877697	1.21
2023-01-24 14:00:00	975285	1105932	2081217	1.13
2023-01-24 14:30:00	1051226	1216366	2267592	1.16
2023-01-24 15:00:00	1162838	1426922	2589760	1.23
2023-01-24 15:15:00	1188285	1469928	2658213	1.24
2023-01-23 09:00:00	183372	151647	335019	0.83
2023-01-23 09:30:00	350701	357975	708676	1.02
2023-01-23 10:00:00	535834	482787	1018621	0.9
2023-01-23 10:30:00	708437	725776	1434213	1.02
2023-01-23 11:00:00	835193	852765	1687958	1.02
2023-01-23 11:30:00	909500	956493	1865993	1.05
2023-01-23 12:00:00	977262	1029166	2006428	1.05
2023-01-23 12:30:00	1038920	1137730	2176650	1.1
2023-01-23 13:00:00	1134395	1247629	2382024	1.1
2023-01-23 13:30:00	1237341	1376567	2613908	1.11
2023-01-23 14:00:00	1361557	1561957	2923514	1.15
2023-01-23 14:30:00	1451933	1673413	3125346	1.15
2023-01-23 15:00:00	1558914	1868334	3427248	1.2
2023-01-23 15:15:00	1597816	1912159	3509975	1.2
2023-01-20 09:00:00	159862	168269	328131	1.05
2023-01-20 09:30:00	267314	283606	550920	1.06
2023-01-20 10:00:00	346438	373269	719707	1.08
2023-01-20 10:30:00	502901	532724	1035625	1.06
2023-01-20 11:00:00	590313	660300	1250613	1.12
2023-01-20 11:30:00	638500	726529	1365029	1.14
2023-01-20 12:00:00	694331	799821	1494152	1.15
2023-01-20 12:30:00	758463	887629	1646092	1.17
2023-01-20 13:00:00	843410	977365	1820775	1.16
2023-01-20 13:30:00	935125	1096202	2031327	1.17
2023-01-20 14:00:00	1025036	1201790	2226826	1.17
2023-01-20 14:30:00	1199357	1351667	2551024	1.13
2023-01-20 15:00:00	1400745	1564068	2964813	1.12
2023-01-20 15:15:00	1439424	1618475	3057899	1.12
2023-01-19 09:00:00	223220	281073	504293
2023-01-19 09:30:00	433647	468661	902308
2023-01-19 10:00:00	561581	626753	1188334
2023-01-19 10:30:00	655924	721631	1377555
2023-01-19 11:00:00	739286	839431	1578717
2023-01-19 11:30:00	831100	939379	1770479
2023-01-19 12:00:00	890714	1001237	1891951
2023-01-19 12:30:00	1026583	1101143	2127726
2023-01-19 13:00:00	1189519	1198518	2388037
2023-01-19 13:30:00	1283812	1296128	2579940
2023-01-19 14:00:00	1381419	1373155	2754574
2023-01-19 14:30:00	1007420	978442	1985862
2023-01-19 15:00:00	1086475	1112585	2199060
2023-01-19 15:15:00	1118875	1173666	2292541
2023-01-18 09:00:00	184732	134456	319188
2023-01-18 09:30:00	456384	411964	868348
2023-01-18 10:00:00	622365	571767	1194132
2023-01-18 10:30:00	509796	454373	964169
2023-01-18 11:00:00	611033	524695	1135728
2023-01-18 11:30:00	693807	610297	1304104
2023-01-18 12:00:00	758121	704474	1462595
2023-01-18 12:30:00	836041	792817	1628858
2023-01-18 13:00:00	872189	862136	1734325
2023-01-18 13:30:00	905031	915065	1820096
2023-01-18 14:00:00	958812	950495	1909307
2023-01-18 14:30:00	1037872	1006118	2043990
2023-01-18 15:00:00	1180005	1184617	2364622
2023-01-18 15:15:00	1213266	1262175	2475441
2023-01-17 09:00:00	230155	211088	441243
2023-01-17 09:30:00	395605	400711	796316
2023-01-17 10:00:00	339374	418191	757565
2023-01-17 10:30:00	406568	555013	961581
2023-01-17 11:00:00	561059	718217	1279276
2023-01-17 11:30:00	599589	825246	1424835
2023-01-17 12:00:00	637268	880885	1518153
2023-01-17 12:30:00	669012	925159	1594171
2023-01-17 13:00:00	1071303	1330144	2401447
2023-01-17 13:30:00	750117	1048706	1798823
2023-01-17 14:00:00	801353	1124648	1926001
2023-01-17 14:30:00	882310	1201547	2083857
2023-01-17 15:00:00	983527	1371480	2355007
2023-01-17 15:15:00	1004431	1426335	2430766
2023-01-13 09:00:00	223464	254943	478407
2023-01-13 09:30:00	382098	421898	803996
2023-01-13 10:00:00	623786	609301	1233087
2023-01-13 10:30:00	713782	722624	1436406
2023-01-13 11:00:00	798233	818812	1617045
2023-01-13 11:30:00	910897	945326	1856223
2023-01-13 12:00:00	1037212	1028069	2065281
2023-01-13 12:30:00	1103269	1120606	2223875
2023-01-13 13:00:00	1198180	1214984	2413164
2023-01-13 13:30:00	1297398	1303740	2601138
2023-01-13 14:00:00	1383223	1405653	2788876
2023-01-13 14:30:00	1482209	1544358	3026567
2023-01-13 15:00:00	1653550	1751985	3405535
2023-01-13 15:15:00	1690201	1820830	3511031
2023-01-10 09:00:00	199118	186345	385463
2023-01-10 09:30:00	321933	382565	704498
2023-01-10 10:00:00	476136	547634	1023770
2023-01-10 10:30:00	598360	642152	1240512
2023-01-10 11:00:00	655828	736795	1392623
2023-01-10 11:30:00	709413	862086	1571499
2023-01-10 12:00:00	784030	967979	1752009
2023-01-10 12:30:00	499037	644936	1143973
2023-01-10 13:00:00	544041	695584	1239625
2023-01-10 13:30:00	571416	732471	1303887
2023-01-10 14:00:00	595472	783754	1379226
2023-01-10 14:30:00	649895	876094	1525989
2023-01-10 15:00:00	798024	996551	1794575
2023-01-10 15:15:00	843616	1037593	1881209
2023-01-09 09:00:00	111762	175982	287744
2023-01-09 09:30:00	348859	422938	771797
2023-01-09 10:00:00	287586	359349	646935
2023-01-09 10:30:00	382143	467591	849734
2023-01-09 11:00:00	445949	539296	985245
2023-01-09 11:30:00	524511	581294	1105805
2023-01-09 12:00:00	981496	975459	1956955
2023-01-09 12:30:00	663580	697997	1361577
2023-01-09 13:00:00	715881	762364	1478245
2023-01-09 13:30:00	1260922	1324098	2585020
2023-01-09 14:00:00	1329974	1416883	2746857
2023-01-09 14:30:00	1428222	1579044	3007266
2023-01-09 15:00:00	981199	1110506	2091705
2023-01-09 15:15:00	1011980	1148412	2160392
2023-01-06 09:00:00	202218	211562	413780
2023-01-06 09:30:00	341311	381919	723230
2023-01-06 10:00:00	499361	573707	1073068
2023-01-06 10:30:00	598223	710702	1308925
2023-01-06 11:00:00	721839	872013	1593852
2023-01-06 11:30:00	835474	975468	1810942
2023-01-06 12:00:00	892673	1050458	1943131
2023-01-06 12:30:00	971023	1130013	2101036
2023-01-06 13:00:00	1034380	1204445	2238825
2023-01-06 13:30:00	1156005	1319271	2475276
2023-01-06 14:00:00	1255500	1428455	2683955
2023-01-06 14:30:00	1450767	1585080	3035847
2023-01-06 15:00:00	1573164	1754946	3328110
2023-01-06 15:15:00	1751305	1818162	3569467
2023-01-05 09:00:00	178294	275963	454257
2023-01-05 09:30:00	300434	404339	704773
2023-01-05 10:00:00	416380	528903	945283
2023-01-05 10:30:00	485983	664537	1150520
2023-01-05 11:00:00	309122	458940	768062
2023-01-05 11:30:00	336876	485953	822829
2023-01-05 12:00:00	388245	524640	912885
2023-01-05 12:30:00	441498	562224	1003722
2023-01-05 13:00:00	467293	593983	1061276
2023-01-05 13:30:00	512000	630882	1142882
2023-01-05 14:00:00	556008	685503	1241511
2023-01-05 14:30:00	652612	758384	1410996
2023-01-05 15:00:00	712144	846416	1558560
2023-01-05 15:15:00	740617	885109	1625726
2023-01-04 09:00:00	147506	183741	331247
2023-01-04 09:30:00	260498	455016	715514
2023-01-04 10:00:00	328163	549753	877916
2023-01-04 10:30:00	419322	647707	1067029
2023-01-04 11:00:00	525292	748303	1273595
2023-01-04 11:30:00	622069	848174	1470243
2023-01-04 12:00:00	674597	926768	1601365
2023-01-04 12:30:00	738095	1033027	1771122
2023-01-04 13:00:00	794934	1095630	1890564
2023-01-04 13:30:00	904981	1241706	2146687
2023-01-04 14:00:00	578636	862922	1441558
2023-01-04 14:30:00	623792	924055	1547847
2023-01-04 15:00:00	708585	1031380	1739965
2023-01-04 15:15:00	773834	1086355	1860189
2023-01-03 09:00:00	186637	264030	450667
2023-01-03 09:30:00	328238	508759	836997
2023-01-03 10:00:00	412848	631169	1044017
2023-01-03 10:30:00	490906	757939	1248845
2023-01-03 11:00:00	301654	530491	832145
2023-01-03 11:30:00	434534	581149	1015683
2023-01-03 12:00:00	475611	641960	1117571
2023-01-03 12:30:00	498274	674101	1172375
2023-01-03 13:00:00	557009	724589	1281598
2023-01-03 13:30:00	598962	775791	1374753
2023-01-03 14:00:00	662164	866739	1528903
2023-01-03 14:30:00	725678	925349	1651027
2023-01-03 15:00:00	803468	1032278	1835746
2023-01-03 15:15:00	831517	1085288	1916805
2022-12-30 09:00:00	142387	200556	342943
2022-12-30 09:30:00	234251	360127	594378
2022-12-30 10:00:00	332375	451207	783582
2022-12-30 10:30:00	397172	573264	970436
2022-12-30 11:00:00	466735	659093	1125828
2022-12-30 11:30:00	531929	734448	1266377
2022-12-30 12:00:00	608363	815308	1423671
2022-12-30 12:30:00	674710	937814	1612524
2022-12-30 13:00:00	784249	1099569	1883818
2022-12-30 13:30:00	834815	1179779	2014594
2022-12-30 14:00:00	874689	1250686	2125375
2022-12-30 14:30:00	981429	1382747	2364176
2022-12-30 15:00:00	1157305	1606990	2764295
2022-12-30 15:15:00	1274827	1823638	3098465
2022-12-29 09:00:00	155976	180609	336585
2022-12-29 09:30:00	271087	310392	581479
2022-12-29 10:00:00	399960	398992	798952
2022-12-29 10:30:00	484153	522852	1007005
2022-12-29 11:00:00	585703	627175	1212878
2022-12-29 11:30:00	692027	712697	1404724
2022-12-29 12:00:00	443906	496970	940876
2022-12-29 12:30:00	497851	528352	1026203
2022-12-29 13:00:00	563512	551470	1114982
2022-12-29 13:30:00	590598	587879	1178477
2022-12-29 14:00:00	613547	622704	1236251
2022-12-29 14:30:00	648338	671978	1320316
2022-12-29 15:00:00	697388	768795	1466183
2022-12-29 15:15:00	723932	820339	1544271
2022-12-28 09:00:00	131345	184799	316144
2022-12-28 09:30:00	252538	313371	565909
2022-12-28 10:00:00	356918	421283	778201
2022-12-28 10:30:00	268737	302000	570737
2022-12-28 11:00:00	353893	348319	702212
2022-12-28 11:30:00	397652	401645	799297
2022-12-28 12:00:00	449340	454004	903344
2022-12-28 12:30:00	514188	506069	1020257
2022-12-28 13:00:00	531716	548977	1080693
2022-12-28 13:30:00	548423	582718	1131141
2022-12-28 14:00:00	591209	630792	1222001
2022-12-28 14:30:00	640578	701789	1342367
2022-12-28 15:00:00	707471	863978	1571449
2022-12-28 15:15:00	734685	930054	1664739
2022-12-27 09:00:00	114823	151193	266016
2022-12-27 09:30:00	229009	287944	516953
2022-12-27 10:00:00	298505	381102	679607
2022-12-27 10:30:00	356758	441487	798245
2022-12-27 11:00:00	491513	518661	1010174
2022-12-27 11:30:00	312413	283407	595820
2022-12-27 12:00:00	337630	314835	652465
2022-12-27 12:30:00	355526	341793	697319
2022-12-27 13:00:00	379798	373326	753124
2022-12-27 13:30:00	398738	400947	799685
2022-12-27 14:00:00	435605	443290	878895
2022-12-27 14:30:00	467569	483220	950789
2022-12-27 15:00:00	533805	569168	1102973
2022-12-27 15:15:00	554933	610550	1165483
2022-12-23 09:00:00	190021	185985	376006
2022-12-23 09:30:00	378007	386369	764376
2022-12-23 10:00:00	471542	516886	988428
2022-12-23 10:30:00	556795	607566	1164361
2022-12-23 11:00:00	632469	692048	1324517
2022-12-23 11:30:00	723235	783966	1507201
2022-12-23 12:00:00	777733	841333	1619066
2022-12-23 12:30:00	821867	892209	1714076
2022-12-23 13:00:00	885048	963071	1848119
2022-12-23 13:30:00	962150	1033397	1995547
2022-12-23 14:00:00	1015971	1116848	2132819
2022-12-23 14:30:00	1086246	1235986	2322232
2022-12-23 15:00:00	1181147	1380799	2561946
2022-12-23 15:15:00	1204195	1437367	2641562
2022-12-22 09:00:00	145980	180424	326404
2022-12-22 09:30:00	275427	320579	596006
2022-12-22 10:00:00	437087	445701	882788
2022-12-22 10:30:00	500642	500338	1000980
2022-12-22 11:00:00	575963	605934	1181897
2022-12-22 11:30:00	670993	775122	1446115
2022-12-22 12:00:00	809707	964480	1774187
2022-12-22 12:30:00	922247	1124275	2046522
2022-12-22 13:00:00	1018060	1254652	2272712
2022-12-22 13:30:00	1172639	1367021	2539660
2022-12-22 14:00:00	1255234	1495638	2750872
2022-12-22 14:30:00	1403218	1635304	3038522
2022-12-22 15:00:00	1539487	1781387	3320874
2022-12-22 15:15:00	1567544	1840914	3408458
2022-12-21 09:00:00	189123	250148	439271
2022-12-21 09:30:00	349712	385400	735112
2022-12-21 10:00:00	514123	531997	1046120
2022-12-21 10:30:00	642307	653505	1295812
2022-12-21 11:00:00	721894	745450	1467344
2022-12-21 11:30:00	789928	821815	1611743
2022-12-21 12:00:00	921977	896525	1818502
2022-12-21 12:30:00	974364	964341	1938705
2022-12-21 13:00:00	1097906	1033830	2131736
2022-12-21 13:30:00	1203835	1118128	2321963
2022-12-21 14:00:00	1274865	1205634	2480499
2022-12-21 14:30:00	1359488	1300541	2660029
2022-12-21 15:00:00	1481307	1457312	2938619
2022-12-21 15:15:00	1527335	1508122	3035457
2022-12-20 09:00:00	166553	257734	424287
2022-12-20 09:30:00	457181	430406	887587
2022-12-20 10:00:00	612310	546707	1159017
2022-12-20 10:30:00	826113	735525	1561638
2022-12-20 11:00:00	897103	849586	1746689
2022-12-20 11:30:00	979343	925600	1904943
2022-12-20 12:00:00	1037125	984578	2021703
2022-12-20 12:30:00	753100	631387	1384487
2022-12-20 13:00:00	810524	685506	1496030
2022-12-20 13:30:00	849716	734878	1584594
2022-12-20 14:00:00	918676	827337	1746013
2022-12-20 14:30:00	963728	876684	1840412
2022-12-20 15:00:00	1072839	1015123	2087962
2022-12-20 15:15:00	1099156	1050040	2149196
2022-12-19 09:00:00	148375	216886	365261
2022-12-19 09:30:00	257024	367433	624457
2022-12-19 10:00:00	350104	465932	816036
2022-12-19 10:30:00	445086	585039	1030125
2022-12-19 11:00:00	526350	677028	1203378
2022-12-19 11:30:00	610953	760676	1371629
2022-12-19 12:00:00	678143	853983	1532126
2022-12-19 12:30:00	740493	913399	1653892
2022-12-19 13:00:00	509760	653979	1163739
2022-12-19 13:30:00	550210	772667	1322877
2022-12-19 14:00:00	608247	875959	1484206
2022-12-19 14:30:00	1089624	1452723	2542347
2022-12-19 15:00:00	750409	1091881	1842290
2022-12-19 15:15:00	795203	1137138	1932341
2022-12-16 09:00:00	205442	252148	457590
2022-12-16 09:30:00	325920	420139	746059
2022-12-16 10:00:00	556814	615268	1172082
2022-12-16 10:30:00	696774	836903	1533677
2022-12-16 11:00:00	767808	969721	1737529
2022-12-16 11:30:00	856102	1074600	1930702
2022-12-16 12:00:00	922790	1160843	2083633
2022-12-16 12:30:00	994272	1257466	2251738
2022-12-16 13:00:00	1062670	1358089	2420759
2022-12-16 13:30:00	1137565	1467130	2604695
2022-12-16 14:00:00	1223828	1586953	2810781
2022-12-16 14:30:00	1440586	1727394	3167980
2022-12-16 15:00:00	1552508	1933726	3486234
2022-12-16 15:15:00	1607671	2035365	3643036
2022-12-15 09:00:00	227475	315501	542976
2022-12-15 09:30:00	414665	672427	1087092
2022-12-15 10:00:00	602447	842298	1444745
2022-12-15 10:30:00	709485	980988	1690473
2022-12-15 11:00:00	809802	1144598	1954400
2022-12-15 11:30:00	971385	1287988	2259373
2022-12-15 12:00:00	1061730	1422908	2484638
2022-12-15 12:30:00	1140936	1564019	2704955
2022-12-15 13:00:00	1256890	1727984	2984874
2022-12-15 13:30:00	1360580	1861502	3222082
2022-12-15 14:00:00	1494164	2028275	3522439
2022-12-15 14:30:00	1618226	2208369	3826595
2022-12-15 15:00:00	1751945	2430038	4181983
2022-12-15 15:15:00	1791348	2517413	4308761
2022-12-14 09:00:00	157613	238644	396257
2022-12-14 09:30:00	307097	417837	724934
2022-12-14 10:00:00	403639	498575	902214
2022-12-14 10:30:00	406138	456064	862202
2022-12-14 11:00:00	452405	507555	959960
2022-12-14 11:30:00	497807	539781	1037588
2022-12-14 12:00:00	543705	627552	1171257
2022-12-14 12:30:00	598365	707753	1306118
2022-12-14 13:00:00	647032	778626	1425658
2022-12-14 13:30:00	691909	887161	1579070
2022-12-14 14:00:00	770335	1003041	1773376
2022-12-14 14:30:00	877156	1118393	1995549
2022-12-14 15:00:00	1056817	1346311	2403128
2022-12-14 15:15:00	1145849	1480781	2626630
2022-12-13 09:00:00	262459	321574	584033
2022-12-13 09:30:00	563806	532258	1096064
2022-12-13 10:00:00	724549	702129	1426678
2022-12-13 10:30:00	820384	834606	1654990
2022-12-13 11:00:00	977127	1025375	2002502
2022-12-13 11:30:00	1100129	1178342	2278471
2022-12-13 12:00:00	1280068	1322986	2603054
2022-12-13 12:30:00	1363771	1445306	2809077
2022-12-13 13:00:00	1435768	1523575	2959343
2022-12-13 13:30:00	1493055	1584515	3077570
2022-12-13 14:00:00	986027	1033284	2019311
2022-12-13 14:30:00	1035491	1098975	2134466
2022-12-13 15:00:00	1120665	1210401	2331066
2022-12-13 15:15:00	1168706	1275931	2444637
2022-12-12 09:00:00	69588	89389	158977
2022-12-12 09:30:00	169190	167710	336900
2022-12-12 10:00:00	275940	263957	539897
2022-12-12 10:30:00	313300	304702	618002
2022-12-12 11:00:00	406828	367897	774725
2022-12-12 11:30:00	466841	465369	932210
2022-12-12 12:00:00	504277	493822	998099
2022-12-12 12:30:00	549517	543704	1093221
2022-12-12 13:00:00	608645	611749	1220394
2022-12-12 13:30:00	653259	705755	1359014
2022-12-12 14:00:00	710944	797143	1508087
2022-12-12 14:30:00	819951	936270	1756221
2022-12-12 15:00:00	942917	1111235	2054152
2022-12-12 15:15:00	1001501	1231940	2233441
2022-12-09 09:00:00	145837	190533	336370
2022-12-09 09:30:00	294112	337814	631926
2022-12-09 10:00:00	391330	474890	866220
2022-12-09 10:30:00	483895	593148	1077043
2022-12-09 11:00:00	553536	691448	1244984
2022-12-09 11:30:00	605270	764833	1370103
2022-12-09 12:00:00	668379	850415	1518794
2022-12-09 12:30:00	739417	940387	1679804
2022-12-09 13:00:00	787246	1009317	1796563
2022-12-09 13:30:00	884481	1130463	2014944
2022-12-09 14:00:00	953499	1196176	2149675
2022-12-09 14:30:00	1022614	1275456	2298070
2022-12-09 15:00:00	1169738	1517814	2687552
2022-12-09 15:15:00	1196294	1599468	2795762
2022-12-08 09:00:00	164277	164743	329020
2022-12-08 09:30:00	314971	299688	614659
2022-12-08 10:00:00	452902	404302	857204
2022-12-08 10:30:00	298855	295810	594665
2022-12-08 11:00:00	329546	382926	712472
2022-12-08 11:30:00	359468	423681	783149
2022-12-08 12:00:00	385091	463658	848749
2022-12-08 12:30:00	405202	496400	901602
2022-12-08 13:00:00	436429	551186	987615
2022-12-08 13:30:00	469774	584736	1054510
2022-12-08 14:00:00	490365	615650	1106015
2022-12-08 14:30:00	536860	675644	1212504
2022-12-08 15:00:00	593184	766537	1359721
2022-12-08 15:15:00	625415	821723	1447138
2022-12-07 09:00:00	181484	219796	401280
2022-12-07 09:30:00	301447	361704	663151
2022-12-07 10:00:00	234603	246117	480720
2022-12-07 10:30:00	317107	312345	629452
2022-12-07 11:00:00	363168	370115	733283
2022-12-07 11:30:00	410506	424138	834644
2022-12-07 12:00:00	452907	470739	923646
2022-12-07 12:30:00	484688	511490	996178
2022-12-07 13:00:00	507835	561301	1069136
2022-12-07 13:30:00	539133	602181	1141314
2022-12-07 14:00:00	575429	638036	1213465
2022-12-07 14:30:00	624256	717458	1341714
2022-12-07 15:00:00	687119	830906	1518025
2022-12-07 15:15:00	703281	892027	1595308
2022-12-06 09:00:00	151845	234956	386801
2022-12-06 09:30:00	359607	465068	824675
2022-12-06 10:00:00	502045	645166	1147211
2022-12-06 10:30:00	636496	788483	1424979
2022-12-06 11:00:00	732225	878886	1611111
2022-12-06 11:30:00	474874	551776	1026650
2022-12-06 12:00:00	525946	617049	1142995
2022-12-06 12:30:00	582358	680169	1262527
2022-12-06 13:00:00	629217	737727	1366944
2022-12-06 13:30:00	692266	835860	1528126
2022-12-06 14:00:00	776070	909036	1685106
2022-12-06 14:30:00	856706	1008210	1864916
2022-12-06 15:00:00	943296	1168144	2111440
2022-12-06 15:15:00	974911	1221848	2196759
2022-12-05 09:00:00	140383	175727	316110
2022-12-05 09:30:00	274982	330469	605451
2022-12-05 10:00:00	422289	431263	853552
2022-12-05 10:30:00	540633	544666	1085299
2022-12-05 11:00:00	674630	675393	1350023
2022-12-05 11:30:00	784203	766729	1550932
2022-12-05 12:00:00	866751	868666	1735417
2022-12-05 12:30:00	935991	978468	1914459
2022-12-05 13:00:00	1021759	1152066	2173825
2022-12-05 13:30:00	1098984	1273162	2372146
2022-12-05 14:00:00	1224412	1398102	2622514
2022-12-05 14:30:00	1338077	1527949	2866026
2022-12-05 15:00:00	1452993	1700505	3153498
2022-12-05 15:15:00	1480965	1743755	3224720
2022-12-02 09:00:00	223433	281358	504791
2022-12-02 09:30:00	357940	439196	797136
2022-12-02 10:00:00	513619	611229	1124848
2022-12-02 10:30:00	609381	696499	1305880
2022-12-02 11:00:00	714741	838439	1553180
2022-12-02 11:30:00	791050	923421	1714471
2022-12-02 12:00:00	850882	986828	1837710
2022-12-02 12:30:00	917142	1060848	1977990
2022-12-02 13:00:00	965315	1152574	2117889
2022-12-02 13:30:00	1035341	1236068	2271409
2022-12-02 14:00:00	1152475	1357934	2510409
2022-12-02 14:30:00	1289251	1500152	2789403
2022-12-02 15:00:00	1501036	1665161	3166197
2022-12-02 15:15:00	1531712	1713140	3244852
2022-12-01 09:00:00	202469	216791	419260
2022-12-01 09:30:00	469254	451038	920292
2022-12-01 10:00:00	376752	340991	717743
2022-12-01 10:30:00	440074	413130	853204
2022-12-01 11:00:00	488696	485209	973905
2022-12-01 11:30:00	535652	567471	1103123
2022-12-01 12:00:00	567991	607086	1175077
2022-12-01 12:30:00	619695	651506	1271201
2022-12-01 13:00:00	651013	689421	1340434
2022-12-01 13:30:00	697902	763856	1461758
2022-12-01 14:00:00	740205	804934	1545139
2022-12-01 14:30:00	784842	900528	1685370
2022-12-01 15:00:00	867978	1027537	1895515
2022-12-01 15:15:00	909443	1098140	2007583
2022-11-30 09:00:00	40108	74533	114641
2022-11-30 09:30:00	189873	238146	428019
2022-11-30 10:00:00	260136	304065	564201
2022-11-30 10:30:00	220677	249099	469776
2022-11-30 11:00:00	283758	323315	607073
2022-11-30 11:30:00	354704	378418	733122
2022-11-30 12:00:00	391410	426251	817661
2022-11-30 12:30:00	427815	480304	908119
2022-11-30 13:00:00	489273	575270	1064543
2022-11-30 13:30:00	614080	761454	1375534
2022-11-30 14:00:00	690519	911224	1601743
2022-11-30 14:30:00	822926	1044562	1867488
2022-11-30 15:00:00	977474	1265465	2242939
2022-11-30 15:15:00	1066954	1371292	2438246
2022-11-29 09:00:00	123362	181556	304918
2022-11-29 09:30:00	258683	331850	590533
2022-11-29 10:00:00	344981	436162	781143
2022-11-29 10:30:00	464979	614815	1079794
2022-11-29 11:00:00	577861	823367	1401228
2022-11-29 11:30:00	649274	882845	1532119
2022-11-29 12:00:00	699641	951202	1650843
2022-11-29 12:30:00	754009	1035524	1789533
2022-11-29 13:00:00	820956	1113104	1934060
2022-11-29 13:30:00	918289	1224618	2142907
2022-11-29 14:00:00	975273	1302308	2277581
2022-11-29 14:30:00	1042620	1398008	2440628
2022-11-29 15:00:00	1133920	1525882	2659802
2022-11-29 15:15:00	1169316	1579788	2749104
2022-11-28 09:00:00	115704	111049	226753
2022-11-28 09:30:00	175721	199582	375303
2022-11-28 10:00:00	242114	269270	511384
2022-11-28 10:30:00	278594	326020	604614
2022-11-28 11:00:00	313266	368355	681621
2022-11-28 11:30:00	398388	433641	832029
2022-11-28 12:00:00	441150	476293	917443
2022-11-28 12:30:00	461698	512299	973997
2022-11-28 13:00:00	501538	577450	1078988
2022-11-28 13:30:00	548289	638186	1186475
2022-11-28 14:00:00	582405	703206	1285611
2022-11-28 14:30:00	671171	820088	1491259
2022-11-28 15:00:00	747544	948727	1696271
2022-11-28 15:15:00	771490	1004689	1776179
2022-11-25 09:00:00	134021	171572	305593
2022-11-25 09:30:00	275533	261075	536608
2022-11-25 10:00:00	386699	374449	761148
2022-11-25 10:30:00	455026	486786	941812
2022-11-25 11:00:00	509630	560568	1070198
2022-11-25 11:30:00	563348	682247	1245595
2022-11-25 12:00:00	640947	811189	1452136
2022-11-25 12:30:00	658900	845311	1504211
2022-11-25 13:00:00	658900	845311	1504211
2022-11-25 13:30:00	658900	845311	1504211
2022-11-25 14:00:00	658900	845311	1504211
2022-11-25 14:30:00	658900	845311	1504211
2022-11-25 15:00:00	658900	845311	1504211
2022-11-25 15:15:00	658900	845311	1504211
2022-11-23 09:00:00	150261	164957	315218
2022-11-23 09:30:00	398779	286998	685777
2022-11-23 10:00:00	375986	243617	619603
2022-11-23 10:30:00	414483	309438	723921
2022-11-23 11:00:00	458812	388457	847269
2022-11-23 11:30:00	498113	447602	945715
2022-11-23 12:00:00	531827	549188	1081015
2022-11-23 12:30:00	560637	591887	1152524
2022-11-23 13:00:00	583198	632836	1216034
2022-11-23 13:30:00	689732	714421	1404153
2022-11-23 14:00:00	747175	830626	1577801
2022-11-23 14:30:00	812032	963222	1775254
2022-11-23 15:00:00	895958	1098517	1994475
2022-11-23 15:15:00	917479	1138816	2056295
2022-11-22 09:00:00	150216	223354	373570
2022-11-22 09:30:00	495017	351853	846870
2022-11-22 10:00:00	616919	483825	1100744
2022-11-22 10:30:00	681276	578521	1259797
2022-11-22 11:00:00	489863	465874	955737
2022-11-22 11:30:00	527107	495794	1022901
2022-11-22 12:00:00	551272	535440	1086712
2022-11-22 12:30:00	590885	570952	1161837
2022-11-22 13:00:00	641096	620467	1261563
2022-11-22 13:30:00	692665	658656	1351321
2022-11-22 14:00:00	720020	740144	1460164
2022-11-22 14:30:00	797874	798567	1596441
2022-11-22 15:00:00	895690	948680	1844370
2022-11-22 15:15:00	918410	1000300	1918710
2022-11-21 09:00:00	151221	161298	312519
2022-11-21 09:30:00	270975	282557	553532
2022-11-21 10:00:00	370286	365797	736083
2022-11-21 10:30:00	424055	448226	872281
2022-11-21 11:00:00	503211	541554	1044765
2022-11-21 11:30:00	549835	599839	1149674
2022-11-21 12:00:00	611864	669483	1281347
2022-11-21 12:30:00	693263	741739	1435002
2022-11-21 13:00:00	425377	469851	895228
2022-11-21 13:30:00	448599	512989	961588
2022-11-21 14:00:00	887165	966792	1853957
2022-11-21 14:30:00	502013	583400	1085413
2022-11-21 15:00:00	576822	679084	1255906
2022-11-21 15:15:00	633708	727209	1360917
2022-11-18 09:00:00	180891	220431	401322
2022-11-18 09:30:00	292675	379379	672054
2022-11-18 10:00:00	420575	471528	892103
2022-11-18 10:30:00	501377	584389	1085766
2022-11-18 11:00:00	567909	673994	1241903
2022-11-18 11:30:00	642737	774283	1417020
2022-11-18 12:00:00	690873	847990	1538863
2022-11-18 12:30:00	751312	925599	1676911
2022-11-18 13:00:00	811828	1011065	1822893
2022-11-18 13:30:00	904327	1075139	1979466
2022-11-18 14:00:00	952792	1142655	2095447
2022-11-18 14:30:00	1047625	1247316	2294941
2022-11-18 15:00:00	1184748	1450547	2635295
2022-11-18 15:15:00	1210154	1507767	2717921
2022-11-17 09:00:00	228518	250138	478656
2022-11-17 09:30:00	216422	224131	440553
2022-11-17 10:00:00	305318	286673	591991
2022-11-17 10:30:00	351948	347463	699411
2022-11-17 11:00:00	468063	440636	908699
2022-11-17 11:30:00	785111	816629	1601740
2022-11-17 12:00:00	576729	549273	1126002
2022-11-17 12:30:00	643205	612923	1256128
2022-11-17 13:00:00	682638	668098	1350736
2022-11-17 13:30:00	720952	717518	1438470
2022-11-17 14:00:00	753546	758491	1512037
2022-11-17 14:30:00	834648	846410	1681058
2022-11-17 15:00:00	903835	991857	1895692
2022-11-17 15:15:00	947918	1058264	2006182
2022-11-16 09:00:00	203941	230971	434912
2022-11-16 09:30:00	391053	364906	755959
2022-11-16 10:00:00	519750	490138	1009888
2022-11-16 10:30:00	622750	583114	1205864
2022-11-16 11:00:00	757891	655274	1413165
2022-11-16 11:30:00	834937	759350	1594287
2022-11-16 12:00:00	930989	849574	1780563
2022-11-16 12:30:00	1000176	921236	1921412
2022-11-16 13:00:00	1066629	999026	2065655
2022-11-16 13:30:00	1135796	1072521	2208317
2022-11-16 14:00:00	1214124	1165136	2379260
2022-11-16 14:30:00	1303464	1275044	2578508
2022-11-16 15:00:00	1418053	1470377	2888430
2022-11-16 15:15:00	1443480	1538263	2981743
2022-11-14 09:00:00	83502	96070	179572
2022-11-14 09:30:00	201713	227377	429090
2022-11-14 10:00:00	271093	295714	566807
2022-11-14 10:30:00	331782	417451	749233
2022-11-14 11:00:00	391750	496015	887765
2022-11-14 11:30:00	778978	851980	1630958
2022-11-14 12:00:00	518883	679810	1198693
2022-11-14 12:30:00	563546	785187	1348733
2022-11-14 13:00:00	625163	818651	1443814
2022-11-14 13:30:00	684884	872749	1557633
2022-11-14 14:00:00	758426	938254	1696680
2022-11-14 14:30:00	934274	1024724	1958998
2022-11-14 15:00:00	1252156	1163487	2415643
2022-11-14 15:15:00	1289979	1235765	2525744
2022-11-11 09:00:00	293321	248458	541779
2022-11-11 09:30:00	464910	433548	898458
2022-11-11 10:00:00	605912	572037	1177949
2022-11-11 10:30:00	829145	718775	1547920
2022-11-11 11:00:00	923517	859985	1783502
2022-11-11 11:30:00	998519	978379	1976898
2022-11-11 12:00:00	1067005	1072116	2139121
2022-11-11 12:30:00	1211906	1185657	2397563
2022-11-11 13:00:00	1317739	1291642	2609381
2022-11-11 13:30:00	1483351	1408150	2891501
2022-11-11 14:00:00	1839116	1551380	3390496
2022-11-11 14:30:00	1955966	1719770	3675736
2022-11-11 15:00:00	2125971	1925760	4051731
2022-11-11 15:15:00	2171955	1997135	4169090
2022-11-10 09:00:00	238119	231637	469756
2022-11-10 09:30:00	367924	393632	761556
2022-11-10 10:00:00	505784	513332	1019116
2022-11-10 10:30:00	577017	637854	1214871
2022-11-10 11:00:00	677934	727990	1405924
2022-11-10 11:30:00	731358	771827	1503185
2022-11-10 12:00:00	790384	901639	1692023
2022-11-10 12:30:00	833336	953029	1786365
2022-11-10 13:00:00	870326	1006507	1876833
2022-11-10 13:30:00	938012	1065431	2003443
2022-11-10 14:00:00	1038237	1129861	2168098
2022-11-10 14:30:00	1117524	1241086	2358610
2022-11-10 15:00:00	1246783	1393631	2640414
2022-11-10 15:15:00	1326154	1481658	2807812
2022-11-08 09:00:00	66275	85677	151952
2022-11-08 09:30:00	147368	161587	308955
2022-11-08 10:00:00	205806	233561	439367
2022-11-08 10:30:00	307305	298969	606274
2022-11-08 11:00:00	392838	381015	773853
2022-11-08 11:30:00	436071	443313	879384
2022-11-08 12:00:00	468265	529744	998009
2022-11-08 12:30:00	523087	587262	1110349
2022-11-08 13:00:00	576361	666919	1243280
2022-11-08 13:30:00	648358	733542	1381900
2022-11-08 14:00:00	739311	806935	1546246
2022-11-08 14:30:00	810567	881813	1692380
2022-11-08 15:00:00	916233	1042801	1959034
2022-11-08 15:15:00	980907	1115491	2096398
2022-11-04 09:00:00	220300	263456	483756
2022-11-04 09:30:00	424314	481962	906276
2022-11-04 10:00:00	552164	644860	1197024
2022-11-04 10:30:00	689351	796507	1485858
2022-11-04 11:00:00	831806	968978	1800784
2022-11-04 11:30:00	936911	1118065	2054976
2022-11-04 12:00:00	989251	1212116	2201367
2022-11-04 12:30:00	1044611	1323650	2368261
2022-11-04 13:00:00	1131984	1406665	2538649
2022-11-04 13:30:00	1232562	1536896	2769458
2022-11-04 14:00:00	1334051	1667715	3001766
2022-11-04 14:30:00	1447067	1809316	3256383
2022-11-04 15:00:00	1590714	2082839	3673553
2022-11-04 15:15:00	1628604	2163403	3792007
2022-11-03 09:00:00	118159	151188	269347
2022-11-03 09:30:00	201581	291206	492787
2022-11-03 10:00:00	275366	388166	663532
2022-11-03 10:30:00	393819	472177	865996
2022-11-03 11:00:00	508242	542164	1050406
2022-11-03 11:30:00	602429	668896	1271325
2022-11-03 12:00:00	665824	725904	1391728
2022-11-03 12:30:00	708643	770339	1478982
2022-11-03 13:00:00	750811	844956	1595767
2022-11-03 13:30:00	780258	930794	1711052
2022-11-03 14:00:00	831280	998024	1829304
2022-11-03 14:30:00	863705	1051013	1914718
2022-11-03 15:00:00	921928	1175483	2097411
2022-11-03 15:15:00	953446	1264645	2218091
2022-11-02 09:00:00	41714	116958	158672
2022-11-02 09:30:00	78873	186567	265440
2022-11-02 10:00:00	116116	249570	365686
2022-11-02 10:30:00	175754	306496	482250
2022-11-02 11:00:00	259850	353918	613768
2022-11-02 11:30:00	302008	408279	710287
2022-11-02 12:00:00	341421	456367	797788
2022-11-02 12:30:00	395248	485668	880916
2022-11-02 13:00:00	446231	529883	976114
2022-11-02 13:30:00	527095	595651	1122746
2022-11-02 14:00:00	584995	703245	1288240
2022-11-02 14:30:00	671855	834041	1505896
2022-11-02 15:00:00	782215	1015123	1797338
2022-11-02 15:15:00	837098	1087590	1924688
2022-11-01 09:00:00	78163	92677	170840
2022-11-01 09:30:00	151927	216688	368615
2022-11-01 10:00:00	198263	297931	496194
2022-11-01 10:30:00	247055	363129	610184
2022-11-01 11:00:00	284349	402696	687045
2022-11-01 11:30:00	348826	444163	792989
2022-11-01 12:00:00	374282	489960	864242
2022-11-01 12:30:00	402473	523470	925943
2022-11-01 13:00:00	421776	547431	969207
2022-11-01 13:30:00	451200	592841	1044041
2022-11-01 14:00:00	482344	657005	1139349
2022-11-01 14:30:00	608867	727006	1335873
2022-11-01 15:00:00	692167	867631	1559798
2022-11-01 15:15:00	778336	969771	1748107
2022-10-31 09:00:00	152758	94520	247278
2022-10-31 09:30:00	235473	162728	398201
2022-10-31 10:00:00	286028	236871	522899
2022-10-31 10:30:00	368159	286521	654680
2022-10-31 11:00:00	411763	369669	781432
2022-10-31 11:30:00	499770	453750	953520
2022-10-31 12:00:00	519886	477458	997344
2022-10-31 12:30:00	560307	529674	1089981
2022-10-31 13:00:00	588482	556429	1144911
2022-10-31 13:30:00	623015	621840	1244855
2022-10-31 14:00:00	723605	741386	1464991
2022-10-31 14:30:00	769690	831354	1601044
2022-10-31 15:00:00	855339	959325	1814664
2022-10-31 15:15:00	922639	1089133	2011772
2022-10-28 09:00:00	186037	186664	372701
2022-10-28 09:30:00	364536	385617	750153
2022-10-28 10:00:00	527665	521078	1048743
2022-10-28 10:30:00	625879	639433	1265312
2022-10-28 11:00:00	703490	749644	1453134
2022-10-28 11:30:00	790516	860537	1651053
2022-10-28 12:00:00	865796	973827	1839623
2022-10-28 12:30:00	939846	1076731	2016577
2022-10-28 13:00:00	1119400	1168945	2288345
2022-10-28 13:30:00	1205490	1270506	2475996
2022-10-28 14:00:00	1335474	1412503	2747977
2022-10-28 14:30:00	1448582	1549229	2997811
2022-10-28 15:00:00	1703309	1796176	3499485
2022-10-28 15:15:00	1858833	1868695	3727528
2022-10-27 09:00:00	106570	161000	267570
2022-10-27 09:30:00	174887	247406	422293
2022-10-27 10:00:00	242930	300513	543443
2022-10-27 10:30:00	334848	370062	704910
2022-10-27 11:00:00	400808	421143	821951
2022-10-27 11:30:00	515091	523240	1038331
2022-10-27 12:00:00	530997	566380	1097377
2022-10-27 12:30:00	607822	621571	1229393
2022-10-27 13:00:00	631403	670782	1302185
2022-10-27 13:30:00	651583	727550	1379133
2022-10-27 14:00:00	693132	809638	1502770
2022-10-27 14:30:00	808052	898659	1706711
2022-10-27 15:00:00	879429	1012870	1892299
2022-10-27 15:15:00	923040	1110512	2033552
2022-10-26 09:00:00	136452	122736	259188
2022-10-26 09:30:00	253170	277629	530799
2022-10-26 10:00:00	338831	377023	715854
2022-10-26 10:30:00	485814	463875	949689
2022-10-26 11:00:00	577884	546183	1124067
2022-10-26 11:30:00	636396	612922	1249318
2022-10-26 12:00:00	699365	666021	1365386
2022-10-26 12:30:00	743743	749199	1492942
2022-10-26 13:00:00	777248	865845	1643093
2022-10-26 13:30:00	817807	936191	1753998
2022-10-26 14:00:00	864622	995191	1859813
2022-10-26 14:30:00	914641	1078617	1993258
2022-10-26 15:00:00	983765	1186285	2170050
2022-10-26 15:15:00	1022059	1265644	2287703
2022-10-25 09:00:00	83648	111210	194858
2022-10-25 09:30:00	262121	240293	502414
2022-10-25 10:00:00	379578	339975	719553
2022-10-25 10:30:00	444028	402399	846427
2022-10-25 11:00:00	493693	462972	956665
2022-10-25 11:30:00	613281	527691	1140972
2022-10-25 12:00:00	648252	588128	1236380
2022-10-25 12:30:00	676766	668177	1344943
2022-10-25 13:00:00	740782	734327	1475109
2022-10-25 13:30:00	782657	798698	1581355
2022-10-25 14:00:00	827421	853219	1680640
2022-10-25 14:30:00	877865	952082	1829947
2022-10-25 15:00:00	996473	1111088	2107561
2022-10-25 15:15:00	1018626	1180147	2198773
2022-10-24 09:00:00	68216	119199	187415
2022-10-24 09:30:00	131369	229473	360842
2022-10-24 10:00:00	175011	281301	456312
2022-10-24 10:30:00	248139	346755	594894
2022-10-24 11:00:00	284964	399205	684169
2022-10-24 11:30:00	376374	467343	843717
2022-10-24 12:00:00	426681	516684	943365
2022-10-24 12:30:00	467521	573611	1041132
2022-10-24 13:00:00	500953	647294	1148247
2022-10-24 13:30:00	526420	687331	1213751
2022-10-24 14:00:00	567643	820851	1388494
2022-10-24 14:30:00	636733	897674	1534407
2022-10-24 15:00:00	716486	1074164	1790650
2022-10-24 15:15:00	759068	1125782	1884850
2022-10-21 09:00:00	233935	225999	459934
2022-10-21 09:30:00	463562	424825	888387
2022-10-21 10:00:00	652771	568939	1221710
2022-10-21 10:30:00	745641	684411	1430052
2022-10-21 11:00:00	843432	796003	1639435
2022-10-21 11:30:00	946369	913378	1859747
2022-10-21 12:00:00	1045212	1092574	2137786
2022-10-21 12:30:00	1108073	1190367	2298440
2022-10-21 13:00:00	1182028	1282564	2464592
2022-10-21 13:30:00	1316447	1420056	2736503
2022-10-21 14:00:00	1411659	1517878	2929537
2022-10-21 14:30:00	1575750	1674195	3249945
2022-10-21 15:00:00	1727564	1940319	3667883
2022-10-21 15:15:00	1775573	2020831	3796404
2022-10-20 09:00:00	124766	133147	257913
2022-10-20 09:30:00	219920	353315	573235
2022-10-20 10:00:00	281150	455597	736747
2022-10-20 10:30:00	334506	509766	844272
2022-10-20 11:00:00	380753	580192	960945
2022-10-20 11:30:00	449303	665050	1114353
2022-10-20 12:00:00	491260	722181	1213441
2022-10-20 12:30:00	555096	784830	1339926
2022-10-20 13:00:00	606585	852603	1459188
2022-10-20 13:30:00	749008	994366	1743374
2022-10-20 14:00:00	803399	1074277	1877676
2022-10-20 14:30:00	846855	1137748	1984603
2022-10-20 15:00:00	915941	1272851	2188792
2022-10-20 15:15:00	968009	1338370	2306379
2022-10-19 09:00:00	235420	136013	371433
2022-10-19 09:30:00	311969	258081	570050
2022-10-19 10:00:00	376209	341257	717466
2022-10-19 10:30:00	439693	423942	863635
2022-10-19 11:00:00	484222	472622	956844
2022-10-19 11:30:00	590282	531021	1121303
2022-10-19 12:00:00	624841	663422	1288263
2022-10-19 12:30:00	665523	723943	1389466
2022-10-19 13:00:00	697302	773912	1471214
2022-10-19 13:30:00	736252	845473	1581725
2022-10-19 14:00:00	766007	886544	1652551
2022-10-19 14:30:00	815809	948917	1764726
2022-10-19 15:00:00	929449	1084947	2014396
2022-10-19 15:15:00	969165	1159891	2129056
2022-10-18 09:00:00	131987	167827	299814
2022-10-18 09:30:00	309772	259228	569000
2022-10-18 10:00:00	391772	403029	794801
2022-10-18 10:30:00	502502	520360	1022862
2022-10-18 11:00:00	711098	617896	1328994
2022-10-18 11:30:00	765405	690718	1456123
2022-10-18 12:00:00	821884	729747	1551631
2022-10-18 12:30:00	853032	856334	1709366
2022-10-18 13:00:00	914142	917739	1831881
2022-10-18 13:30:00	978069	987775	1965844
2022-10-18 14:00:00	1047744	1058307	2106051
2022-10-18 14:30:00	1114283	1135066	2249349
2022-10-18 15:00:00	1200584	1248606	2449190
2022-10-18 15:15:00	1245357	1332361	2577718
2022-10-17 09:00:00	96964	174294	271258
2022-10-17 09:30:00	265606	288960	554566
2022-10-17 10:00:00	361853	436424	798277
2022-10-17 10:30:00	420634	477595	898229
2022-10-17 11:00:00	503577	557176	1060753
2022-10-17 11:30:00	559929	607409	1167338
2022-10-17 12:00:00	589561	667164	1256725
2022-10-17 12:30:00	628706	769471	1398177
2022-10-17 13:00:00	667660	846111	1513771
2022-10-17 13:30:00	714603	911678	1626281
2022-10-17 14:00:00	770469	996373	1766842
2022-10-17 14:30:00	936177	1087920	2024097
2022-10-17 15:00:00	1009719	1228591	2238310
2022-10-17 15:15:00	1047830	1284637	2332467
2022-10-14 09:00:00	255359	238260	493619
2022-10-14 09:30:00	410657	423398	834055
2022-10-14 10:00:00	515291	588799	1104090
2022-10-14 10:30:00	610012	728695	1338707
2022-10-14 11:00:00	1065365	823414	1888779
2022-10-14 11:30:00	1164583	932436	2097019
2022-10-14 12:00:00	1331819	1033585	2365404
2022-10-14 12:30:00	1429349	1114091	2543440
2022-10-14 13:00:00	1567813	1188546	2756359
2022-10-14 13:30:00	1639862	1294437	2934299
2022-10-14 14:00:00	1714943	1523521	3238464
2022-10-14 14:30:00	1826641	1661445	3488086
2022-10-14 15:00:00	1950854	1886142	3836996
2022-10-14 15:15:00	2008977	1975990	3984967
2022-10-13 09:00:00	184875	182738	367613
2022-10-13 09:30:00	357102	366266	723368
2022-10-13 10:00:00	512778	473144	985922
2022-10-13 10:30:00	632537	584944	1217481
2022-10-13 11:00:00	744154	679931	1424085
2022-10-13 11:30:00	834350	752479	1586829
2022-10-13 12:00:00	906999	820664	1727663
2022-10-13 12:30:00	1085352	894781	1980133
2022-10-13 13:00:00	1151764	942188	2093952
2022-10-13 13:30:00	1214817	1017787	2232604
2022-10-13 14:00:00	1299709	1096336	2396045
2022-10-13 14:30:00	1361778	1204494	2566272
2022-10-13 15:00:00	1495580	1370121	2865701
2022-10-13 15:15:00	1531458	1460209	2991667
2022-10-12 09:00:00	116112	114069	230181
2022-10-12 09:30:00	172899	185898	358797
2022-10-12 10:00:00	225004	237922	462926
2022-10-12 10:30:00	279754	308667	588421
2022-10-12 11:00:00	322910	370216	693126
2022-10-12 11:30:00	441243	423940	865183
2022-10-12 12:00:00	445095	469889	914984
2022-10-12 12:30:00	476991	510596	987587
2022-10-12 13:00:00	510169	551263	1061432
2022-10-12 13:30:00	544477	609956	1154433
2022-10-12 14:00:00	591909	687639	1279548
2022-10-12 14:30:00	651227	780804	1432031
2022-10-12 15:00:00	767828	954405	1722233
2022-10-12 15:15:00	816494	1018460	1834954
2022-10-11 09:00:00	174563	139003	313566
2022-10-11 09:30:00	327213	281169	608382
2022-10-11 10:00:00	482127	364586	846713
2022-10-11 10:30:00	522804	418001	940805
2022-10-11 11:00:00	645304	496095	1141399
2022-10-11 11:30:00	678567	537924	1216491
2022-10-11 12:00:00	732581	585791	1318372
2022-10-11 12:30:00	777786	620452	1398238
2022-10-11 13:00:00	834317	650117	1484434
2022-10-11 13:30:00	869899	693976	1563875
2022-10-11 14:00:00	950429	775799	1726228
2022-10-11 14:30:00	1047614	876177	1923791
2022-10-11 15:00:00	1153790	1023356	2177146
2022-10-11 15:15:00	1188471	1081383	2269854
2022-10-10 09:00:00	110774	92433	203207
2022-10-10 09:30:00	302962	162495	465457
2022-10-10 10:00:00	382742	338924	721666
2022-10-10 10:30:00	539820	417571	957391
2022-10-10 11:00:00	574858	488189	1063047
2022-10-10 11:30:00	649570	547261	1196831
2022-10-10 12:00:00	688453	635294	1323747
2022-10-10 12:30:00	751211	708887	1460098
2022-10-10 13:00:00	800769	757159	1557928
2022-10-10 13:30:00	829687	802850	1632537
2022-10-10 14:00:00	874591	861605	1736196
2022-10-10 14:30:00	912534	920174	1832708
2022-10-10 15:00:00	969924	1081735	2051659
2022-10-10 15:15:00	1004269	1165821	2170090
2022-10-07 09:00:00	262505	269934	532439
2022-10-07 09:30:00	453434	463019	916453
2022-10-07 10:00:00	644533	595128	1239661
2022-10-07 10:30:00	717987	718285	1436272
2022-10-07 11:00:00	794190	799731	1593921
2022-10-07 11:30:00	870532	870449	1740981
2022-10-07 12:00:00	1074950	1000825	2075775
2022-10-07 12:30:00	1153518	1083667	2237185
2022-10-07 13:00:00	1221501	1174929	2396430
2022-10-07 13:30:00	1317119	1299464	2616583
2022-10-07 14:00:00	1472775	1423606	2896381
2022-10-07 14:30:00	1575336	1569700	3145036
2022-10-07 15:00:00	1800646	1902262	3702908
2022-10-07 15:15:00	1848193	2002349	3850542
2022-10-06 09:00:00	88167	158483	246650
2022-10-06 09:30:00	179156	237063	416219
2022-10-06 10:00:00	226739	297272	524011
2022-10-06 10:30:00	403163	347908	751071
2022-10-06 11:00:00	434828	385192	820020
2022-10-06 11:30:00	461429	444078	905507
2022-10-06 12:00:00	557961	479583	1037544
2022-10-06 12:30:00	576500	522934	1099434
2022-10-06 13:00:00	604867	549372	1154239
2022-10-06 13:30:00	651101	605401	1256502
2022-10-06 14:00:00	686675	697649	1384324
2022-10-06 14:30:00	801269	757918	1559187
2022-10-06 15:00:00	915496	851296	1766792
2022-10-06 15:15:00	955642	907455	1863097
2022-10-05 09:00:00	74094	91897	165991
2022-10-05 09:30:00	147345	190879	338224
2022-10-05 10:00:00	196040	249542	445582
2022-10-05 10:30:00	229694	287324	517018
2022-10-05 11:00:00	321719	328970	650689
2022-10-05 11:30:00	445302	379879	825181
2022-10-05 12:00:00	561777	425695	987472
2022-10-05 12:30:00	616268	473061	1089329
2022-10-05 13:00:00	653703	517831	1171534
2022-10-05 13:30:00	764557	562526	1327083
2022-10-05 14:00:00	818834	604667	1423501
2022-10-05 14:30:00	920277	690540	1610817
2022-10-05 15:00:00	1027057	803194	1830251
2022-10-05 15:15:00	1063377	853374	1916751
2022-10-04 09:00:00	237611	211704	449315
2022-10-04 09:30:00	349478	292138	641616
2022-10-04 10:00:00	428018	414105	842123
2022-10-04 10:30:00	503022	538676	1041698
2022-10-04 11:00:00	569800	673828	1243628
2022-10-04 11:30:00	639797	725662	1365459
2022-10-04 12:00:00	701102	770535	1471637
2022-10-04 12:30:00	750821	856632	1607453
2022-10-04 13:00:00	792399	917973	1710372
2022-10-04 13:30:00	828381	946357	1774738
2022-10-04 14:00:00	861702	1008840	1870542
2022-10-04 14:30:00	919479	1066142	1985621
2022-10-04 15:00:00	988114	1220386	2208500
2022-10-04 15:15:00	1021032	1318113	2339145
2022-10-03 09:00:00	93595	108212	201807
2022-10-03 09:30:00	284027	198160	482187
2022-10-03 10:00:00	332663	253687	586350
2022-10-03 10:30:00	367741	301677	669418
2022-10-03 11:00:00	415935	372555	788490
2022-10-03 11:30:00	458591	415794	874385
2022-10-03 12:00:00	503289	443870	947159
2022-10-03 12:30:00	549949	491007	1040956
2022-10-03 13:00:00	584740	536938	1121678
2022-10-03 13:30:00	643074	594312	1237386
2022-10-03 14:00:00	703690	673128	1376818
2022-10-03 14:30:00	786447	780484	1566931
2022-10-03 15:00:00	883003	907833	1790836
2022-10-03 15:15:00	955832	967341	1923173
2022-09-30 09:00:00	213888	211327	425215
2022-09-30 09:30:00	352936	436394	789330
2022-09-30 10:00:00	454662	577503	1032165
2022-09-30 10:30:00	550180	697746	1247926
2022-09-30 11:00:00	663159	849995	1513154
2022-09-30 11:30:00	744241	941073	1685314
2022-09-30 12:00:00	796542	1016456	1812998
2022-09-30 12:30:00	864357	1089423	1953780
2022-09-30 13:00:00	943933	1186870	2130803
2022-09-30 13:30:00	1004669	1270451	2275120
2022-09-30 14:00:00	1164343	1488903	2653246
2022-09-30 14:30:00	1294773	1628152	2922925
2022-09-30 15:00:00	1454744	1868857	3323601
2022-09-30 15:15:00	1592235	2140838	3733073
2022-09-29 09:00:00	128523	156744	285267
2022-09-29 09:30:00	317855	268564	586419
2022-09-29 10:00:00	405511	357368	762879
2022-09-29 10:30:00	475926	439328	915254
2022-09-29 11:00:00	540339	512684	1053023
2022-09-29 11:30:00	577332	569070	1146402
2022-09-29 12:00:00	608581	603696	1212277
2022-09-29 12:30:00	647890	657204	1305094
2022-09-29 13:00:00	694727	711513	1406240
2022-09-29 13:30:00	764484	810752	1575236
2022-09-29 14:00:00	810055	872691	1682746
2022-09-29 14:30:00	856290	930337	1786627
2022-09-29 15:00:00	946356	1133229	2079585
2022-09-29 15:15:00	993826	1196964	2190790
2022-09-28 09:00:00	142685	178268	320953
2022-09-28 09:30:00	234820	343110	577930
2022-09-28 10:00:00	309696	449700	759396
2022-09-28 10:30:00	362051	535247	897298
2022-09-28 11:00:00	427023	658711	1085734
2022-09-28 11:30:00	489783	743590	1233373
2022-09-28 12:00:00	558405	798988	1357393
2022-09-28 12:30:00	610786	846449	1457235
2022-09-28 13:00:00	647697	899384	1547081
2022-09-28 13:30:00	683747	968885	1652632
2022-09-28 14:00:00	738248	1049856	1788104
2022-09-28 14:30:00	792257	1135617	1927874
2022-09-28 15:00:00	918722	1283047	2201769
2022-09-28 15:15:00	967715	1359509	2327224
2022-09-27 09:00:00	176591	127749	304340
2022-09-27 09:30:00	251781	211625	463406
2022-09-27 10:00:00	315567	358701	674268
2022-09-27 10:30:00	402336	431907	834243
2022-09-27 11:00:00	439769	578064	1017833
2022-09-27 11:30:00	513126	677206	1190332
2022-09-27 12:00:00	584407	778609	1363016
2022-09-27 12:30:00	669447	867109	1536556
2022-09-27 13:00:00	710084	924552	1634636
2022-09-27 13:30:00	761115	1025012	1786127
2022-09-27 14:00:00	854021	1110307	1964328
2022-09-27 14:30:00	925856	1230814	2156670
2022-09-27 15:00:00	991822	1377749	2369571
2022-09-27 15:15:00	1025923	1476643	2502566
2022-09-26 09:00:00	188951	155414	344365
2022-09-26 09:30:00	283797	283385	567182
2022-09-26 10:00:00	340969	379359	720328
2022-09-26 10:30:00	419975	470455	890430
2022-09-26 11:00:00	463426	524710	988136
2022-09-26 11:30:00	512222	592858	1105080
2022-09-26 12:00:00	579983	678060	1258043
2022-09-26 12:30:00	630424	741189	1371613
2022-09-26 13:00:00	696308	831903	1528211
2022-09-26 13:30:00	724859	920281	1645140
2022-09-26 14:00:00	798852	1007303	1806155
2022-09-26 14:30:00	826449	1080482	1906931
2022-09-26 15:00:00	1558901	1197587	2756488
2022-09-26 15:15:00	1613537	1307992	2921529
2022-09-23 09:00:00	234829	342432	577261
2022-09-23 09:30:00	447155	612754	1059909
2022-09-23 10:00:00	568879	773985	1342864
2022-09-23 10:30:00	724912	943359	1668271
2022-09-23 11:00:00	835956	1108054	1944010
2022-09-23 11:30:00	990767	1292784	2283551
2022-09-23 12:00:00	1109895	1480168	2590063
2022-09-23 12:30:00	1222372	1674545	2896917
2022-09-23 13:00:00	1317225	1781795	3099020
2022-09-23 13:30:00	1458355	2030903	3489258
2022-09-23 14:00:00	1590968	2220307	3811275
2022-09-23 14:30:00	1762362	2474977	4237339
2022-09-23 15:00:00	1932466	2770257	4702723
2022-09-23 15:15:00	1992476	2857725	4850201
2022-09-22 09:00:00	106949	187974	294923
2022-09-22 09:30:00	217659	386904	604563
2022-09-22 10:00:00	327970	583354	911324
2022-09-22 10:30:00	437111	710353	1147464
2022-09-22 11:00:00	489525	795913	1285438
2022-09-22 11:30:00	540311	840594	1380905
2022-09-22 12:00:00	567655	880272	1447927
2022-09-22 12:30:00	592049	914391	1506440
2022-09-22 13:00:00	641909	985956	1627865
2022-09-22 13:30:00	722299	1048483	1770782
2022-09-22 14:00:00	775840	1135197	1911037
2022-09-22 14:30:00	847856	1264114	2111970
2022-09-22 15:00:00	923911	1382001	2305912
2022-09-22 15:15:00	978945	1473054	2451999
2022-09-21 09:00:00	87161	112331	199492
2022-09-21 09:30:00	138974	202260	341234
2022-09-21 10:00:00	180052	255303	435355
2022-09-21 10:30:00	212243	280317	492560
2022-09-21 11:00:00	233724	309978	543702
2022-09-21 11:30:00	259177	361896	621073
2022-09-21 12:00:00	285471	398550	684021
2022-09-21 12:30:00	313965	446990	760955
2022-09-21 13:00:00	350735	554969	905704
2022-09-21 13:30:00	413376	643833	1057209
2022-09-21 14:00:00	482664	736456	1219120
2022-09-21 14:30:00	554362	821134	1375496
2022-09-21 15:00:00	680296	973263	1653559
2022-09-21 15:15:00	740078	1078952	1819030
2022-09-20 09:00:00	122304	104772	227076
2022-09-20 09:30:00	202629	176422	379051
2022-09-20 10:00:00	267427	256558	523985
2022-09-20 10:30:00	316942	311183	628125
2022-09-20 11:00:00	386995	347566	734561
2022-09-20 11:30:00	447687	390990	838677
2022-09-20 12:00:00	493444	426360	919804
2022-09-20 12:30:00	539522	471092	1010614
2022-09-20 13:00:00	592785	537659	1130444
2022-09-20 13:30:00	646545	588457	1235002
2022-09-20 14:00:00	712310	678123	1390433
2022-09-20 14:30:00	772306	737706	1510012
2022-09-20 15:00:00	845709	830964	1676673
2022-09-20 15:15:00	904353	874481	1778834
2022-09-19 09:00:00	70344	107285	177629
2022-09-19 09:30:00	125014	188513	313527
2022-09-19 10:00:00	193285	256051	449336
2022-09-19 10:30:00	254921	304555	559476
2022-09-19 11:00:00	285404	363220	648624
2022-09-19 11:30:00	309337	409561	718898
2022-09-19 12:00:00	343443	450636	794079
2022-09-19 12:30:00	386526	546333	932859
2022-09-19 13:00:00	425169	597114	1022283
2022-09-19 13:30:00	647735	666543	1314278
2022-09-19 14:00:00	682112	710226	1392338
2022-09-19 14:30:00	752950	798162	1551112
2022-09-19 15:00:00	822204	923633	1745837
2022-09-19 15:15:00	866654	956306	1822960
2022-09-16 09:00:00	209825	320401	530226
2022-09-16 09:30:00	480668	482352	963020
2022-09-16 10:00:00	625229	652203	1277432
2022-09-16 10:30:00	750343	792142	1542485
2022-09-16 11:00:00	843540	899066	1742606
2022-09-16 11:30:00	922242	1023976	1946218
2022-09-16 12:00:00	1046665	1128055	2174720
2022-09-16 12:30:00	1112076	1197125	2309201
2022-09-16 13:00:00	1180076	1291253	2471329
2022-09-16 13:30:00	1257138	1390474	2647612
2022-09-16 14:00:00	1341438	1515134	2856572
2022-09-16 14:30:00	1459074	1649634	3108708
2022-09-16 15:00:00	1556095	1830638	3386733
2022-09-16 15:15:00	1581629	1913487	3495116
2022-09-15 09:00:00	82821	118682	201503
2022-09-15 09:30:00	160573	217501	378074
2022-09-15 10:00:00	218572	300217	518789
2022-09-15 10:30:00	287878	391306	679184
2022-09-15 11:00:00	363547	448909	812456
2022-09-15 11:30:00	394799	508829	903628
2022-09-15 12:00:00	421265	555449	976714
2022-09-15 12:30:00	479680	634742	1114422
2022-09-15 13:00:00	523577	685142	1208719
2022-09-15 13:30:00	558727	730503	1289230
2022-09-15 14:00:00	608385	791635	1400020
2022-09-15 14:30:00	676848	896743	1573591
2022-09-15 15:00:00	773250	1057479	1830729
2022-09-15 15:15:00	816421	1137594	1954015
2022-09-14 09:00:00	99572	161212	260784
2022-09-14 09:30:00	169673	288163	457836
2022-09-14 10:00:00	240376	391991	632367
2022-09-14 10:30:00	340660	461215	801875
2022-09-14 11:00:00	488288	495122	983410
2022-09-14 11:30:00	541645	555831	1097476
2022-09-14 12:00:00	586339	604760	1191099
2022-09-14 12:30:00	610562	640664	1251226
2022-09-14 13:00:00	682318	680545	1362863
2022-09-14 13:30:00	739436	759902	1499338
2022-09-14 14:00:00	794193	802874	1597067
2022-09-14 14:30:00	864096	916668	1780764
2022-09-14 15:00:00	949144	1051965	2001109
2022-09-14 15:15:00	995255	1112643	2107898
2022-09-13 09:00:00	119972	161216	281188
2022-09-13 09:30:00	208537	306446	514983
2022-09-13 10:00:00	283353	427340	710693
2022-09-13 10:30:00	346149	495457	841606
2022-09-13 11:00:00	434428	548850	983278
2022-09-13 11:30:00	459021	623270	1082291
2022-09-13 12:00:00	490833	680465	1171298
2022-09-13 12:30:00	524084	734780	1258864
2022-09-13 13:00:00	557710	773980	1331690
2022-09-13 13:30:00	597704	859589	1457293
2022-09-13 14:00:00	710679	968017	1678696
2022-09-13 14:30:00	780734	1080714	1861448
2022-09-13 15:00:00	952936	1312656	2265592
2022-09-13 15:15:00	1018546	1385526	2404072
2022-09-12 09:00:00	86229	106264	192493
2022-09-12 09:30:00	201373	258071	459444
2022-09-12 10:00:00	295793	338305	634098
2022-09-12 10:30:00	339560	416444	756004
2022-09-12 11:00:00	392211	520326	912537
2022-09-12 11:30:00	446646	585992	1032638
2022-09-12 12:00:00	476073	671490	1147563
2022-09-12 12:30:00	517440	769994	1287434
2022-09-12 13:00:00	551182	827097	1378279
2022-09-12 13:30:00	572735	911854	1484589
2022-09-12 14:00:00	606829	973570	1580399
2022-09-12 14:30:00	642404	1037910	1680314
2022-09-12 15:00:00	736166	1185746	1921912
2022-09-12 15:15:00	764786	1252328	2017114
2022-09-09 09:00:00	168613	193258	361871
2022-09-09 09:30:00	328656	376508	705164
2022-09-09 10:00:00	487546	529319	1016865
2022-09-09 10:30:00	610234	628670	1238904
2022-09-09 11:00:00	704090	720405	1424495
2022-09-09 11:30:00	786274	844289	1630563
2022-09-09 12:00:00	850216	915076	1765292
2022-09-09 12:30:00	936142	1003316	1939458
2022-09-09 13:00:00	1004423	1082556	2086979
2022-09-09 13:30:00	1064419	1164671	2229090
2022-09-09 14:00:00	1135840	1253020	2388860
2022-09-09 14:30:00	1225060	1348961	2574021
2022-09-09 15:00:00	1343587	1512049	2855636
2022-09-09 15:15:00	1382357	1625156	3007513
2022-09-08 09:00:00	89396	96921	186317
2022-09-08 09:30:00	135224	138084	273308
2022-09-08 10:00:00	247282	221799	469081
2022-09-08 10:30:00	318023	312294	630317
2022-09-08 11:00:00	368634	371311	739945
2022-09-08 11:30:00	434308	432414	866722
2022-09-08 12:00:00	477708	464942	942650
2022-09-08 12:30:00	527261	510361	1037622
2022-09-08 13:00:00	566460	569819	1136279
2022-09-08 13:30:00	588761	601441	1190202
2022-09-08 14:00:00	617232	648346	1265578
2022-09-08 14:30:00	652810	709677	1362487
2022-09-08 15:00:00	708742	782291	1491033
2022-09-08 15:15:00	751085	841927	1593012
2022-09-07 09:00:00	62999	67738	130737
2022-09-07 09:30:00	107509	135509	243018
2022-09-07 10:00:00	148358	206002	354360
2022-09-07 10:30:00	257377	253449	510826
2022-09-07 11:00:00	300646	304057	604703
2022-09-07 11:30:00	339989	349368	689357
2022-09-07 12:00:00	373761	400179	773940
2022-09-07 12:30:00	401868	458090	859958
2022-09-07 13:00:00	468019	512121	980140
2022-09-07 13:30:00	537733	577129	1114862
2022-09-07 14:00:00	592401	639364	1231765
2022-09-07 14:30:00	645371	717113	1362484
2022-09-07 15:00:00	745768	823148	1568916
2022-09-07 15:15:00	779495	873176	1652671
2022-09-06 09:00:00	81564	87987	169551
2022-09-06 09:30:00	167827	245731	413558
2022-09-06 10:00:00	228830	320887	549717
2022-09-06 10:30:00	279854	387942	667796
2022-09-06 11:00:00	348840	434957	783797
2022-09-06 11:30:00	385019	476961	861980
2022-09-06 12:00:00	435643	510271	945914
2022-09-06 12:30:00	486714	560126	1046840
2022-09-06 13:00:00	524363	618992	1143355
2022-09-06 13:30:00	553983	675622	1229605
2022-09-06 14:00:00	580478	741226	1321704
2022-09-06 14:30:00	626951	821810	1448761
2022-09-06 15:00:00	687028	936134	1623162
2022-09-06 15:15:00	715688	989374	1705062
2022-09-02 09:00:00	180542	248686	429228
2022-09-02 09:30:00	330486	429404	759890
2022-09-02 10:00:00	500808	610986	1111794
2022-09-02 10:30:00	570584	686240	1256824
2022-09-02 11:00:00	626586	789978	1416564
2022-09-02 11:30:00	711052	890608	1601660
2022-09-02 12:00:00	821161	1032180	1853341
2022-09-02 12:30:00	953963	1209236	2163199
2022-09-02 13:00:00	1053376	1342155	2395531
2022-09-02 13:30:00	1125369	1443970	2569339
2022-09-02 14:00:00	1189450	1526068	2715518
2022-09-02 14:30:00	1267540	1629033	2896573
2022-09-02 15:00:00	1406581	1881763	3288344
2022-09-02 15:15:00	1434160	1939420	3373580
2022-09-01 09:00:00	136821	131647	268468
2022-09-01 09:30:00	241540	244617	486157
2022-09-01 10:00:00	297768	336441	634209
2022-09-01 10:30:00	379995	408663	788658
2022-09-01 11:00:00	430895	464892	895787
2022-09-01 11:30:00	477115	502850	979965
2022-09-01 12:00:00	498238	529072	1027310
2022-09-01 12:30:00	793931	584300	1378231
2022-09-01 13:00:00	830925	627790	1458715
2022-09-01 13:30:00	865885	736739	1602624
2022-09-01 14:00:00	908557	787890	1696447
2022-09-01 14:30:00	947638	843134	1790772
2022-09-01 15:00:00	1011609	943616	1955225
2022-09-01 15:15:00	1049180	996366	2045546
2022-08-31 09:00:00	59199	131310	190509
2022-08-31 09:30:00	122122	231800	353922
2022-08-31 10:00:00	162128	296687	458815
2022-08-31 10:30:00	207785	356018	563803
2022-08-31 11:00:00	243066	395310	638376
2022-08-31 11:30:00	263890	420123	684013
2022-08-31 12:00:00	319029	463475	782504
2022-08-31 12:30:00	341000	498342	839342
2022-08-31 13:00:00	373257	531226	904483
2022-08-31 13:30:00	401462	584537	985999
2022-08-31 14:00:00	464941	644958	1109899
2022-08-31 14:30:00	516282	728100	1244382
2022-08-31 15:00:00	586566	828115	1414681
2022-08-31 15:15:00	629832	909549	1539381
2022-08-30 09:00:00	58165	92008	150173
2022-08-30 09:30:00	117312	172362	289674
2022-08-30 10:00:00	237396	289548	526944
2022-08-30 10:30:00	303946	383858	687804
2022-08-30 11:00:00	348490	436731	785221
2022-08-30 11:30:00	409793	481318	891111
2022-08-30 12:00:00	436007	551157	987164
2022-08-30 12:30:00	474090	612366	1086456
2022-08-30 13:00:00	521405	705003	1226408
2022-08-30 13:30:00	564636	754618	1319254
2022-08-30 14:00:00	629024	804315	1433339
2022-08-30 14:30:00	696064	887587	1583651
2022-08-30 15:00:00	761079	1000100	1761179
2022-08-30 15:15:00	783391	1035070	1818461
2022-08-29 09:00:00	96028	173653	269681
2022-08-29 09:30:00	179238	294768	474006
2022-08-29 10:00:00	240535	450225	690760
2022-08-29 10:30:00	302259	522268	824527
2022-08-29 11:00:00	348521	610853	959374
2022-08-29 11:30:00	393716	821265	1214981
2022-08-29 12:00:00	431211	855252	1286463
2022-08-29 12:30:00	454913	889846	1344759
2022-08-29 13:00:00	482052	926838	1408890
2022-08-29 13:30:00	512010	971411	1483421
2022-08-29 14:00:00	540433	1004003	1544436
2022-08-29 14:30:00	567878	1060476	1628354
2022-08-29 15:00:00	623432	1145800	1769232
2022-08-29 15:15:00	648528	1179678	1828206
2022-08-26 09:00:00	119964	161804	281768
2022-08-26 09:30:00	286500	321984	608484
2022-08-26 10:00:00	420624	457899	878523
2022-08-26 10:30:00	555674	585882	1141556
2022-08-26 11:00:00	645029	711654	1356683
2022-08-26 11:30:00	732871	825610	1558481
2022-08-26 12:00:00	805963	901907	1707870
2022-08-26 12:30:00	859706	968423	1828129
2022-08-26 13:00:00	925914	1057092	1983006
2022-08-26 13:30:00	992130	1229476	2221606
2022-08-26 14:00:00	1061759	1364271	2426030
2022-08-26 14:30:00	1183914	1532507	2716421
2022-08-26 15:00:00	1321745	1790993	3112738
2022-08-26 15:15:00	1353409	1882161	3235570
2022-08-25 09:00:00	53097	81899	134996
2022-08-25 09:30:00	96369	137136	233505
2022-08-25 10:00:00	187698	194887	382585
2022-08-25 10:30:00	233838	246271	480109
2022-08-25 11:00:00	251122	287264	538386
2022-08-25 11:30:00	271686	346937	618623
2022-08-25 12:00:00	294843	378705	673548
2022-08-25 12:30:00	317045	403310	720355
2022-08-25 13:00:00	333190	424864	758054
2022-08-25 13:30:00	357860	454226	812086
2022-08-25 14:00:00	377344	479966	857310
2022-08-25 14:30:00	413341	529345	942686
2022-08-25 15:00:00	500831	635961	1136792
2022-08-25 15:15:00	529401	673758	1203159
2022-08-24 09:00:00	61649	55948	117597
2022-08-24 09:30:00	114980	148237	263217
2022-08-24 10:00:00	149461	191961	341422
2022-08-24 10:30:00	184515	237163	421678
2022-08-24 11:00:00	229837	273371	503208
2022-08-24 11:30:00	250037	296083	546120
2022-08-24 12:00:00	271801	348239	620040
2022-08-24 12:30:00	290012	372103	662115
2022-08-24 13:00:00	338930	407597	746527
2022-08-24 13:30:00	354945	437661	792606
2022-08-24 14:00:00	376308	463980	840288
2022-08-24 14:30:00	406406	502739	909145
2022-08-24 15:00:00	449136	597011	1046147
2022-08-24 15:15:00	463536	636592	1100128
2022-08-23 09:00:00	71124	77826	148950
2022-08-23 09:30:00	140626	170952	311578
2022-08-23 10:00:00	179087	210651	389738
2022-08-23 10:30:00	215862	256992	472854
2022-08-23 11:00:00	236946	283957	520903
2022-08-23 11:30:00	256635	322032	578667
2022-08-23 12:00:00	275581	341503	617084
2022-08-23 12:30:00	316060	374238	690298
2022-08-23 13:00:00	334844	422759	757603
2022-08-23 13:30:00	362405	443762	806167
2022-08-23 14:00:00	383871	474167	858038
2022-08-23 14:30:00	438698	518172	956870
2022-08-23 15:00:00	487608	590114	1077722
2022-08-23 15:15:00	507293	622002	1129295
2022-08-22 09:00:00	116168	104695	220863
2022-08-22 09:30:00	203018	208199	411217
2022-08-22 10:00:00	258393	298484	556877
2022-08-22 10:30:00	330243	350070	680313
2022-08-22 11:00:00	352465	427194	779659
2022-08-22 11:30:00	376442	492034	868476
2022-08-22 12:00:00	406139	521532	927671
2022-08-22 12:30:00	438641	596907	1035548
2022-08-22 13:00:00	471446	684537	1155983
2022-08-22 13:30:00	505529	745276	1250805
2022-08-22 14:00:00	544340	826986	1371326
2022-08-22 14:30:00	628019	932450	1560469
2022-08-22 15:00:00	696375	1079182	1775557
2022-08-22 15:15:00	735146	1146429	1881575
2022-08-19 09:00:00	180575	241697	422272
2022-08-19 09:30:00	343746	402527	746273
2022-08-19 10:00:00	420086	543489	963575
2022-08-19 10:30:00	528696	681982	1210678
2022-08-19 11:00:00	616118	800062	1416180
2022-08-19 11:30:00	676615	894863	1571478
2022-08-19 12:00:00	739941	949316	1689257
2022-08-19 12:30:00	787054	997876	1784930
2022-08-19 13:00:00	847953	1053873	1901826
2022-08-19 13:30:00	889730	1109944	1999674
2022-08-19 14:00:00	944673	1182436	2127109
2022-08-19 14:30:00	1017800	1286822	2304622
2022-08-19 15:00:00	1111650	1432571	2544221
2022-08-19 15:15:00	1134316	1472836	2607152
2022-08-18 09:00:00	84249	90655	174904
2022-08-18 09:30:00	190003	159633	349636
2022-08-18 10:00:00	262519	217863	480382
2022-08-18 10:30:00	332527	304614	637141
2022-08-18 11:00:00	376387	401211	777598
2022-08-18 11:30:00	409988	445775	855763
2022-08-18 12:00:00	452793	488619	941412
2022-08-18 12:30:00	486990	533463	1020453
2022-08-18 13:00:00	515016	580182	1095198
2022-08-18 13:30:00	555501	625356	1180857
2022-08-18 14:00:00	587316	695078	1282394
2022-08-18 14:30:00	648556	766702	1415258
2022-08-18 15:00:00	746127	890526	1636653
2022-08-18 15:15:00	794797	955796	1750593
2022-08-17 09:00:00	134986	154427	289413
2022-08-17 09:30:00	196188	228261	424449
2022-08-17 10:00:00	337282	330661	667943
2022-08-17 10:30:00	389575	379664	769239
2022-08-17 11:00:00	449294	454947	904241
2022-08-17 11:30:00	512207	507971	1020178
2022-08-17 12:00:00	574281	555571	1129852
2022-08-17 12:30:00	598546	592690	1191236
2022-08-17 13:00:00	684033	656533	1340566
2022-08-17 13:30:00	735046	737640	1472686
2022-08-17 14:00:00	809451	803362	1612813
2022-08-17 14:30:00	869778	900169	1769947
2022-08-17 15:00:00	943379	1009537	1952916
2022-08-17 15:15:00	991419	1094911	2086330
2022-08-16 09:00:00	66977	88825	155802
2022-08-16 09:30:00	154846	262758	417604
2022-08-16 10:00:00	260208	378246	638454
2022-08-16 10:30:00	311698	432215	743913
2022-08-16 11:00:00	403444	557313	960757
2022-08-16 11:30:00	462948	647455	1110403
2022-08-16 12:00:00	752812	699512	1452324
2022-08-16 12:30:00	783099	748159	1531258
2022-08-16 13:00:00	826713	817148	1643861
2022-08-16 13:30:00	889106	885540	1774646
2022-08-16 14:00:00	955420	967005	1922425
2022-08-16 14:30:00	1055056	1029917	2084973
2022-08-16 15:00:00	1135171	1121510	2256681
2022-08-16 15:15:00	1166820	1172159	2338979
2022-08-15 09:00:00	91889	129646	221535
2022-08-15 09:30:00	185465	237025	422490
2022-08-15 10:00:00	233188	320325	553513
2022-08-15 10:30:00	287780	373712	661492
2022-08-15 11:00:00	340122	440619	780741
2022-08-15 11:30:00	391472	484231	875703
2022-08-15 12:00:00	423671	523110	946781
2022-08-15 12:30:00	456190	562071	1018261
2022-08-15 13:00:00	502547	611387	1113934
2022-08-15 13:30:00	697642	805964	1503606
2022-08-15 14:00:00	755989	883551	1639540
2022-08-15 14:30:00	840812	949226	1790038
2022-08-15 15:00:00	910672	1075314	1985986
2022-08-15 15:15:00	942196	1134945	2077141
2022-08-12 09:00:00	136162	196219	332381
2022-08-12 09:30:00	244593	356658	601251
2022-08-12 10:00:00	343166	484267	827433
2022-08-12 10:30:00	472617	607434	1080051
2022-08-12 11:00:00	530640	718524	1249164
2022-08-12 11:30:00	581576	829035	1410611
2022-08-12 12:00:00	643014	899707	1542721
2022-08-12 12:30:00	705664	963319	1668983
2022-08-12 13:00:00	750100	1050771	1800871
2022-08-12 13:30:00	832168	1196745	2028913
2022-08-12 14:00:00	942411	1302309	2244720
2022-08-12 14:30:00	1061933	1417345	2479278
2022-08-12 15:00:00	1172429	1581565	2753994
2022-08-12 15:15:00	1226371	1637122	2863493
2022-08-11 09:00:00	130946	117736	248682
2022-08-11 09:30:00	217752	259222	476974
2022-08-11 10:00:00	368195	361464	729659
2022-08-11 10:30:00	428063	444721	872784
2022-08-11 11:00:00	475968	500316	976284
2022-08-11 11:30:00	523686	552195	1075881
2022-08-11 12:00:00	548942	574062	1123004
2022-08-11 12:30:00	570827	620210	1191037
2022-08-11 13:00:00	599024	674953	1273977
2022-08-11 13:30:00	635596	732892	1368488
2022-08-11 14:00:00	678847	818819	1497666
2022-08-11 14:30:00	727711	886123	1613834
2022-08-11 15:00:00	792461	990223	1782684
2022-08-11 15:15:00	830534	1041654	1872188
2022-08-10 09:00:00	118357	216775	335132
2022-08-10 09:30:00	246220	359884	606104
2022-08-10 10:00:00	319089	448299	767388
2022-08-10 10:30:00	391635	541862	933497
2022-08-10 11:00:00	474459	603532	1077991
2022-08-10 11:30:00	511714	656645	1168359
2022-08-10 12:00:00	552299	700138	1252437
2022-08-10 12:30:00	595650	760755	1356405
2022-08-10 13:00:00	626132	825719	1451851
2022-08-10 13:30:00	661015	880245	1541260
2022-08-10 14:00:00	704801	940440	1645241
2022-08-10 14:30:00	758306	1019107	1777413
2022-08-10 15:00:00	860195	1158006	2018201
2022-08-10 15:15:00	910715	1217788	2128503
2022-08-09 09:00:00	54873	98579	153452
2022-08-09 09:30:00	89233	151667	240900
2022-08-09 10:00:00	161130	186149	347279
2022-08-09 10:30:00	193633	225092	418725
2022-08-09 11:00:00	214770	252672	467442
2022-08-09 11:30:00	262665	276586	539251
2022-08-09 12:00:00	286141	297095	583236
2022-08-09 12:30:00	320288	340840	661128
2022-08-09 13:00:00	355901	371912	727813
2022-08-09 13:30:00	377940	414220	792160
2022-08-09 14:00:00	410819	461312	872131
2022-08-09 14:30:00	475959	525615	1001574
2022-08-09 15:00:00	530890	598437	1129327
2022-08-09 15:15:00	566662	634689	1201351
2022-08-08 09:00:00	72069	95814	167883
2022-08-08 09:30:00	151567	172084	323651
2022-08-08 10:00:00	197931	281993	479924
2022-08-08 10:30:00	243147	394970	638117
2022-08-08 11:00:00	354788	528398	883186
2022-08-08 11:30:00	384592	573830	958422
2022-08-08 12:00:00	417683	625276	1042959
2022-08-08 12:30:00	440787	689433	1130220
2022-08-08 13:00:00	502499	725429	1227928
2022-08-08 13:30:00	527318	761358	1288676
2022-08-08 14:00:00	564381	806560	1370941
2022-08-08 14:30:00	602570	867706	1470276
2022-08-08 15:00:00	653180	945694	1598874
2022-08-08 15:15:00	673439	984819	1658258
2022-08-05 09:00:00	156083	162132	318215
2022-08-05 09:30:00	283994	300368	584362
2022-08-05 10:00:00	388859	395897	784756
2022-08-05 10:30:00	492944	563136	1056080
2022-08-05 11:00:00	571859	707428	1279287
2022-08-05 11:30:00	627300	768693	1395993
2022-08-05 12:00:00	675686	815005	1490691
2022-08-05 12:30:00	735898	885061	1620959
2022-08-05 13:00:00	800582	955168	1755750
2022-08-05 13:30:00	853292	1010425	1863717
2022-08-05 14:00:00	900915	1074028	1974943
2022-08-05 14:30:00	1242495	1180195	2422690
2022-08-05 15:00:00	1346160	1359495	2705655
2022-08-05 15:15:00	1384034	1430249	2814283
2022-08-04 09:00:00	142818	208305	351123
2022-08-04 09:30:00	232154	308427	540581
2022-08-04 10:00:00	178094	244820	422914
2022-08-04 10:30:00	213041	280294	493335
2022-08-04 11:00:00	467639	529336	996975
2022-08-04 11:30:00	263289	356486	619775
2022-08-04 12:00:00	283687	378379	662066
2022-08-04 12:30:00	305453	405533	710986
2022-08-04 13:00:00	320622	443866	764488
2022-08-04 13:30:00	395146	472067	867213
2022-08-04 14:00:00	411258	500058	911316
2022-08-04 14:30:00	443386	540463	983849
2022-08-04 15:00:00	500601	660192	1160793
2022-08-04 15:15:00	531770	733164	1264934
2022-08-03 09:00:00	54789	83201	137990
2022-08-03 09:30:00	119382	152461	271843
2022-08-03 10:00:00	151454	221118	372572
2022-08-03 10:30:00	187614	262890	450504
2022-08-03 11:00:00	234326	315947	550273
2022-08-03 11:30:00	260686	355642	616328
2022-08-03 12:00:00	323486	401885	725371
2022-08-03 12:30:00	361580	439218	800798
2022-08-03 13:00:00	409241	482896	892137
2022-08-03 13:30:00	445587	533180	978767
2022-08-03 14:00:00	491673	574440	1066113
2022-08-03 14:30:00	559028	651073	1210101
2022-08-03 15:00:00	630545	761450	1391995
2022-08-03 15:15:00	679260	836719	1515979
2022-08-02 09:00:00	99834	78719	178553
2022-08-02 09:30:00	170354	228605	398959
2022-08-02 10:00:00	221712	320164	541876
2022-08-02 10:30:00	258184	372976	631160
2022-08-02 11:00:00	294354	417035	711389
2022-08-02 11:30:00	320096	462162	782258
2022-08-02 12:00:00	363991	527301	891292
2022-08-02 12:30:00	410319	578469	988788
2022-08-02 13:00:00	469586	648580	1118166
2022-08-02 13:30:00	502177	688155	1190332
2022-08-02 14:00:00	534891	724060	1258951
2022-08-02 14:30:00	584801	789613	1374414
2022-08-02 15:00:00	640485	886229	1526714
2022-08-02 15:15:00	680189	939720	1619909
2022-08-01 09:00:00	91593	91562	183155
2022-08-01 09:30:00	162996	215733	378729
2022-08-01 10:00:00	240052	293110	533162
2022-08-01 10:30:00	269700	339567	609267
2022-08-01 11:00:00	294691	399751	694442
2022-08-01 11:30:00	320240	442889	763129
2022-08-01 12:00:00	336131	490809	826940
2022-08-01 12:30:00	382113	537156	919269
2022-08-01 13:00:00	416233	591492	1007725
2022-08-01 13:30:00	433435	645425	1078860
2022-08-01 14:00:00	490863	691245	1182108
2022-08-01 14:30:00	528552	738898	1267450
2022-08-01 15:00:00	594009	862366	1456375
2022-08-01 15:15:00	637515	927070	1564585
2022-07-29 09:00:00	202285	213233	415518
2022-07-29 09:30:00	354123	453909	808032
2022-07-29 10:00:00	456110	585651	1041761
2022-07-29 10:30:00	591810	775133	1366943
2022-07-29 11:00:00	676817	863916	1540733
2022-07-29 11:30:00	720538	933087	1653625
2022-07-29 12:00:00	781968	1012869	1794837
2022-07-29 12:30:00	845754	1066707	1912461
2022-07-29 13:00:00	940610	1216901	2157511
2022-07-29 13:30:00	1055734	1310410	2366144
2022-07-29 14:00:00	1152590	1389214	2541804
2022-07-29 14:30:00	1266922	1506397	2773319
2022-07-29 15:00:00	1406318	1660638	3066956
2022-07-29 15:15:00	1443327	1750085	3193412
2022-07-28 09:00:00	72143	115126	187269
2022-07-28 09:30:00	135148	212789	347937
2022-07-28 10:00:00	187007	272831	459838
2022-07-28 10:30:00	246087	332291	578378
2022-07-28 11:00:00	307331	413314	720645
2022-07-28 11:30:00	389527	458608	848135
2022-07-28 12:00:00	417671	515049	932720
2022-07-28 12:30:00	465843	571797	1037640
2022-07-28 13:00:00	528696	652152	1180848
2022-07-28 13:30:00	573761	713574	1287335
2022-07-28 14:00:00	617150	796393	1413543
2022-07-28 14:30:00	675516	891202	1566718
2022-07-28 15:00:00	751834	1010012	1761846
2022-07-28 15:15:00	781254	1100496	1881750
2022-07-27 09:00:00	52437	86905	139342
2022-07-27 09:30:00	92851	158688	251539
2022-07-27 10:00:00	126723	214712	341435
2022-07-27 10:30:00	198107	272378	470485
2022-07-27 11:00:00	275270	334620	609890
2022-07-27 11:30:00	295707	368011	663718
2022-07-27 12:00:00	307439	405139	712578
2022-07-27 12:30:00	334863	443400	778263
2022-07-27 13:00:00	359230	480869	840099
2022-07-27 13:30:00	390928	525815	916743
2022-07-27 14:00:00	472241	611940	1084181
2022-07-27 14:30:00	558771	743583	1302354
2022-07-27 15:00:00	690029	913018	1603047
2022-07-27 15:15:00	722838	970186	1693024
2022-07-26 09:00:00	72513	75877	148390
2022-07-26 09:30:00	129208	132290	261498
2022-07-26 10:00:00	156440	175082	331522
2022-07-26 10:30:00	189352	218638	407990
2022-07-26 11:00:00	232816	294166	526982
2022-07-26 11:30:00	258734	366726	625460
2022-07-26 12:00:00	315929	439015	754944
2022-07-26 12:30:00	330545	466829	797374
2022-07-26 13:00:00	341749	479583	821332
2022-07-26 13:30:00	372497	517466	889963
2022-07-26 14:00:00	421360	557092	978452
2022-07-26 14:30:00	482295	587995	1070290
2022-07-26 15:00:00	526243	669318	1195561
2022-07-26 15:15:00	545724	713450	1259174
2022-07-25 09:00:00	68248	68008	136256
2022-07-25 09:30:00	109285	150648	259933
2022-07-25 10:00:00	148541	200159	348700
2022-07-25 10:30:00	239622	249047	488669
2022-07-25 11:00:00	267474	286977	554451
2022-07-25 11:30:00	286749	310399	597148
2022-07-25 12:00:00	310300	335344	645644
2022-07-25 12:30:00	336112	367214	703326
2022-07-25 13:00:00	357574	431317	788891
2022-07-25 13:30:00	390745	476020	866765
2022-07-25 14:00:00	419493	503635	923128
2022-07-25 14:30:00	441893	541818	983711
2022-07-25 15:00:00	491054	644308	1135362
2022-07-25 15:15:00	529179	706170	1235349
2022-07-22 09:00:00	173950	221348	395298
2022-07-22 09:30:00	309755	353478	663233
2022-07-22 10:00:00	375372	436300	811672
2022-07-22 10:30:00	450101	526083	976184
2022-07-22 11:00:00	571927	682477	1254404
2022-07-22 11:30:00	626761	773083	1399844
2022-07-22 12:00:00	679983	829288	1509271
2022-07-22 12:30:00	756786	913681	1670467
2022-07-22 13:00:00	816211	1007506	1823717
2022-07-22 13:30:00	880753	1093269	1974022
2022-07-22 14:00:00	933388	1163241	2096629
2022-07-22 14:30:00	993160	1244545	2237705
2022-07-22 15:00:00	1075500	1389829	2465329
2022-07-22 15:15:00	1102770	1466086	2568856
2022-07-21 09:00:00	94308	86616	180924
2022-07-21 09:30:00	154003	181977	335980
2022-07-21 10:00:00	185300	263124	448424
2022-07-21 10:30:00	230918	296459	527377
2022-07-21 11:00:00	263743	332806	596549
2022-07-21 11:30:00	321801	378727	700528
2022-07-21 12:00:00	358264	434948	793212
2022-07-21 12:30:00	382604	495828	878432
2022-07-21 13:00:00	415142	535435	950577
2022-07-21 13:30:00	441252	572816	1014068
2022-07-21 14:00:00	464176	611796	1075972
2022-07-21 14:30:00	499241	661515	1160756
2022-07-21 15:00:00	568116	775930	1344046
2022-07-21 15:15:00	594664	835445	1430109
2022-07-20 09:00:00	66371	163330	229701
2022-07-20 09:30:00	129159	224312	353471
2022-07-20 10:00:00	264542	413680	678222
2022-07-20 10:30:00	322448	470237	792685
2022-07-20 11:00:00	415385	554331	969716
2022-07-20 11:30:00	454241	631151	1085392
2022-07-20 12:00:00	490452	680781	1171233
2022-07-20 12:30:00	520761	725653	1246414
2022-07-20 13:00:00	551741	769679	1321420
2022-07-20 13:30:00	576695	807136	1383831
2022-07-20 14:00:00	610343	861159	1471502
2022-07-20 14:30:00	678631	929465	1608096
2022-07-20 15:00:00	732107	1023136	1755243
2022-07-20 15:15:00	761484	1080445	1841929
2022-07-19 09:00:00	63249	104515	167764
2022-07-19 09:30:00	149199	186760	335959
2022-07-19 10:00:00	216634	286007	502641
2022-07-19 10:30:00	269333	368991	638324
2022-07-19 11:00:00	336486	425658	762144
2022-07-19 11:30:00	383987	514371	898358
2022-07-19 12:00:00	452692	566418	1019110
2022-07-19 12:30:00	481084	602705	1083789
2022-07-19 13:00:00	512492	636609	1149101
2022-07-19 13:30:00	571405	703287	1274692
2022-07-19 14:00:00	615013	776169	1391182
2022-07-19 14:30:00	662054	832579	1494633
2022-07-19 15:00:00	764367	942493	1706860
2022-07-19 15:15:00	790789	1002000	1792789
2022-07-18 09:00:00	76020	108438	184458
2022-07-18 09:30:00	228847	300738	529585
2022-07-18 10:00:00	274170	360562	634732
2022-07-18 10:30:00	300629	410513	711142
2022-07-18 11:00:00	353633	444799	798432
2022-07-18 11:30:00	375883	481379	857262
2022-07-18 12:00:00	391349	516686	908035
2022-07-18 12:30:00	425233	605471	1030704
2022-07-18 13:00:00	462132	693655	1155787
2022-07-18 13:30:00	511690	755111	1266801
2022-07-18 14:00:00	541980	820680	1362660
2022-07-18 14:30:00	579982	878012	1457994
2022-07-18 15:00:00	644194	983561	1627755
2022-07-18 15:15:00	665730	1043985	1709715
2022-07-15 09:00:00	172469	241001	413470
2022-07-15 09:30:00	327548	389004	716552
2022-07-15 10:00:00	456791	514879	971670
2022-07-15 10:30:00	572837	608787	1181624
2022-07-15 11:00:00	632051	675592	1307643
2022-07-15 11:30:00	701273	758817	1460090
2022-07-15 12:00:00	790229	824892	1615121
2022-07-15 12:30:00	886828	893817	1780645
2022-07-15 13:00:00	940269	950017	1890286
2022-07-15 13:30:00	989724	999313	1989037
2022-07-15 14:00:00	1150117	1056784	2206901
2022-07-15 14:30:00	1216399	1129772	2346171
2022-07-15 15:00:00	1316956	1309543	2626499
2022-07-15 15:15:00	1350295	1375436	2725731
2022-07-14 09:00:00	122354	153925	276279
2022-07-14 09:30:00	257691	248389	506080
2022-07-14 10:00:00	577869	355074	932943
2022-07-14 10:30:00	663924	451591	1115515
2022-07-14 11:00:00	791900	543511	1335411
2022-07-14 11:30:00	857646	662768	1520414
2022-07-14 12:00:00	893804	712272	1606076
2022-07-14 12:30:00	974547	778697	1753244
2022-07-14 13:00:00	997591	823643	1821234
2022-07-14 13:30:00	1036157	884338	1920495
2022-07-14 14:00:00	1098931	943870	2042801
2022-07-14 14:30:00	1177268	1014484	2191752
2022-07-14 15:00:00	1263240	1116227	2379467
2022-07-14 15:15:00	1296603	1178706	2475309
2022-07-13 09:00:00	126305	115187	241492
2022-07-13 09:30:00	227094	199472	426566
2022-07-13 10:00:00	326218	277258	603476
2022-07-13 10:30:00	368331	359455	727786
2022-07-13 11:00:00	414511	422251	836762
2022-07-13 11:30:00	434335	471736	906071
2022-07-13 12:00:00	476762	516675	993437
2022-07-13 12:30:00	511600	577077	1088677
2022-07-13 13:00:00	549305	620541	1169846
2022-07-13 13:30:00	622517	694499	1317016
2022-07-13 14:00:00	740264	754057	1494321
2022-07-13 14:30:00	783642	820224	1603866
2022-07-13 15:00:00	855524	945524	1801048
2022-07-13 15:15:00	912276	1006028	1918304
2022-07-12 09:00:00	87375	67222	154597
2022-07-12 09:30:00	211699	152841	364540
2022-07-12 10:00:00	284680	242544	527224
2022-07-12 10:30:00	333409	295160	628569
2022-07-12 11:00:00	352389	330614	683003
2022-07-12 11:30:00	378687	362893	741580
2022-07-12 12:00:00	396390	382514	778904
2022-07-12 12:30:00	430246	417593	847839
2022-07-12 13:00:00	451483	464319	915802
2022-07-12 13:30:00	485925	500020	985945
2022-07-12 14:00:00	529915	542695	1072610
2022-07-12 14:30:00	592996	613755	1206751
2022-07-12 15:00:00	679789	755471	1435260
2022-07-12 15:15:00	705001	803523	1508524
2022-07-11 09:00:00	64020	72633	136653
2022-07-11 09:30:00	100310	130574	230884
2022-07-11 10:00:00	254883	210074	464957
2022-07-11 10:30:00	292948	260377	553325
2022-07-11 11:00:00	347970	302208	650178
2022-07-11 11:30:00	360578	341851	702429
2022-07-11 12:00:00	379613	371418	751031
2022-07-11 12:30:00	400765	431150	831915
2022-07-11 13:00:00	433996	476662	910658
2022-07-11 13:30:00	451120	513162	964282
2022-07-11 14:00:00	470414	541454	1011868
2022-07-11 14:30:00	515833	598582	1114415
2022-07-11 15:00:00	569953	698182	1268135
2022-07-11 15:15:00	611935	743003	1354938
2022-07-08 09:00:00	153161	158795	311956
2022-07-08 09:30:00	237102	305132	542234
2022-07-08 10:00:00	329428	450914	780342
2022-07-08 10:30:00	444082	551194	995276
2022-07-08 11:00:00	512077	635511	1147588
2022-07-08 11:30:00	572448	703976	1276424
2022-07-08 12:00:00	653862	779273	1433135
2022-07-08 12:30:00	702099	841658	1543757
2022-07-08 13:00:00	744435	906786	1651221
2022-07-08 13:30:00	804957	982251	1787208
2022-07-08 14:00:00	856646	1050823	1907469
2022-07-08 14:30:00	914179	1141099	2055278
2022-07-08 15:00:00	1048108	1319528	2367636
2022-07-08 15:15:00	1073896	1367617	2441513
2022-07-07 09:00:00	103287	90460	193747
2022-07-07 09:30:00	171375	150808	322183
2022-07-07 10:00:00	213860	220809	434669
2022-07-07 10:30:00	245553	277795	523348
2022-07-07 11:00:00	345006	345978	690984
2022-07-07 11:30:00	509440	400895	910335
2022-07-07 12:00:00	560320	447322	1007642
2022-07-07 12:30:00	593372	474998	1068370
2022-07-07 13:00:00	612857	508165	1121022
2022-07-07 13:30:00	652659	561385	1214044
2022-07-07 14:00:00	748526	606505	1355031
2022-07-07 14:30:00	807533	694324	1501857
2022-07-07 15:00:00	909797	783470	1693267
2022-07-07 15:15:00	969088	878154	1847242
2022-07-06 09:00:00	53595	79302	132897
2022-07-06 09:30:00	342514	139486	482000
2022-07-06 10:00:00	377191	184211	561402
2022-07-06 10:30:00	398861	223262	622123
2022-07-06 11:00:00	455687	264831	720518
2022-07-06 11:30:00	472846	288984	761830
2022-07-06 12:00:00	492298	309170	801468
2022-07-06 12:30:00	517156	353173	870329
2022-07-06 13:00:00	536173	388629	924802
2022-07-06 13:30:00	556283	426274	982557
2022-07-06 14:00:00	603929	478791	1082720
2022-07-06 14:30:00	680970	584719	1265689
2022-07-06 15:00:00	762525	695390	1457915
2022-07-06 15:15:00	792551	751304	1543855
2022-07-05 09:00:00	84976	94679	179655
2022-07-05 09:30:00	178456	215850	394306
2022-07-05 10:00:00	234372	313735	548107
2022-07-05 10:30:00	271685	353715	625400
2022-07-05 11:00:00	391892	408902	800794
2022-07-05 11:30:00	430103	453132	883235
2022-07-05 12:00:00	448740	508582	957322
2022-07-05 12:30:00	499761	561981	1061742
2022-07-05 13:00:00	521633	595542	1117175
2022-07-05 13:30:00	552881	623802	1176683
2022-07-05 14:00:00	609685	718029	1327714
2022-07-05 14:30:00	662207	789411	1451618
2022-07-05 15:00:00	740724	871709	1612433
2022-07-05 15:15:00	766199	925052	1691251
2022-07-01 09:00:00	145273	173088	318361
2022-07-01 09:30:00	251139	324367	575506
2022-07-01 10:00:00	396887	444734	841621
2022-07-01 10:30:00	466874	535596	1002470
2022-07-01 11:00:00	506558	630836	1137394
2022-07-01 11:30:00	569084	688425	1257509
2022-07-01 12:00:00	609671	756577	1366248
2022-07-01 12:30:00	646716	806150	1452866
2022-07-01 13:00:00	701608	862940	1564548
2022-07-01 13:30:00	760114	939682	1699796
2022-07-01 14:00:00	844445	1026934	1871379
2022-07-01 14:30:00	913396	1096520	2009916
2022-07-01 15:00:00	1031427	1253459	2284886
2022-07-01 15:15:00	1067367	1327253	2394620
2022-06-30 09:00:00	158089	189308	347397
2022-06-30 09:30:00	288892	263429	552321
2022-06-30 10:00:00	361635	339224	700859
2022-06-30 10:30:00	426143	438060	864203
2022-06-30 11:00:00	783893	501598	1285491
2022-06-30 11:30:00	812712	542811	1355523
2022-06-30 12:00:00	841426	591211	1432637
2022-06-30 12:30:00	874805	631649	1506454
2022-06-30 13:00:00	911295	685872	1597167
2022-06-30 13:30:00	936795	714563	1651358
2022-06-30 14:00:00	957277	747533	1704810
2022-06-30 14:30:00	1076285	901512	1977797
2022-06-30 15:00:00	1168880	1009486	2178366
2022-06-30 15:15:00	1200971	1079286	2280257
2022-06-29 09:00:00	79265	97273	176538
2022-06-29 09:30:00	144231	177000	321231
2022-06-29 10:00:00	199560	272422	471982
2022-06-29 10:30:00	221104	319653	540757
2022-06-29 11:00:00	237661	381444	619105
2022-06-29 11:30:00	270992	409014	680006
2022-06-29 12:00:00	300853	440341	741194
2022-06-29 12:30:00	336926	493331	830257
2022-06-29 13:00:00	363912	530695	894607
2022-06-29 13:30:00	404505	603348	1007853
2022-06-29 14:00:00	443950	659093	1103043
2022-06-29 14:30:00	503891	706407	1210298
2022-06-29 15:00:00	612802	790492	1403294
2022-06-29 15:15:00	648638	854086	1502724
2022-06-28 09:00:00	94208	108003	202211
2022-06-28 09:30:00	151841	186244	338085
2022-06-28 10:00:00	191372	276274	467646
2022-06-28 10:30:00	240161	319563	559724
2022-06-28 11:00:00	308414	383084	691498
2022-06-28 11:30:00	378784	442505	821289
2022-06-28 12:00:00	396255	484960	881215
2022-06-28 12:30:00	448266	539289	987555
2022-06-28 13:00:00	478773	580311	1059084
2022-06-28 13:30:00	514856	633321	1148177
2022-06-28 14:00:00	556222	686949	1243171
2022-06-28 14:30:00	598503	734666	1333169
2022-06-28 15:00:00	675669	839714	1515383
2022-06-28 15:15:00	724212	887662	1611874
2022-06-27 09:00:00	75377	92723	168100
2022-06-27 09:30:00	171793	197249	369042
2022-06-27 10:00:00	222383	256749	479132
2022-06-27 10:30:00	271388	327531	598919
2022-06-27 11:00:00	318628	403429	722057
2022-06-27 11:30:00	341868	434694	776562
2022-06-27 12:00:00	368618	464597	833215
2022-06-27 12:30:00	398894	497235	896129
2022-06-27 13:00:00	426319	577570	1003889
2022-06-27 13:30:00	459260	612914	1072174
2022-06-27 14:00:00	495938	647475	1143413
2022-06-27 14:30:00	533518	708145	1241663
2022-06-27 15:00:00	583110	798602	1381712
2022-06-27 15:15:00	612974	845651	1458625
2022-05-31 09:00:00	89297	99620	188917
2022-05-31 09:30:00	143323	187854	331177
2022-05-31 10:00:00	201699	261369	463068
2022-05-31 10:30:00	278874	382196	661070
2022-05-31 11:00:00	332836	461258	794094
2022-05-31 11:30:00	437500	561155	998655
2022-05-31 12:00:00	465279	596057	1061336
2022-05-31 12:30:00	550776	637238	1188014
2022-05-31 13:00:00	580820	680378	1261198
2022-05-31 13:30:00	616161	731008	1347169
2022-05-31 14:00:00	652240	808827	1461067
2022-05-31 14:30:00	698177	868297	1566474
2022-05-31 15:00:00	755222	1013019	1768241
2022-05-31 15:15:00	796925	1066481	1863406
2022-05-27 09:00:00	182929	194488	377417
2022-05-27 09:30:00	362087	406628	768715
2022-05-27 10:00:00	482348	608849	1091197
2022-05-27 10:30:00	771953	706917	1478870
2022-05-27 11:00:00	839157	835101	1674258
2022-05-27 11:30:00	943321	916900	1860221
2022-05-27 12:00:00	987811	997227	1985038
2022-05-27 12:30:00	1025463	1085906	2111369
2022-05-27 13:00:00	1069461	1173825	2243286
2022-05-27 13:30:00	1115237	1238227	2353464
2022-05-27 14:00:00	1181503	1331751	2513254
2022-05-27 14:30:00	1299754	1450197	2749951
2022-05-27 15:00:00	1441562	1655033	3096595
2022-05-27 15:15:00	1486826	1775949	3262775
2022-05-26 09:00:00	84426	113770	198196
2022-05-26 09:30:00	160530	227789	388319
2022-05-26 10:00:00	209698	288635	498333
2022-05-26 10:30:00	251785	367038	618823
2022-05-26 11:00:00	333236	417062	750298
2022-05-26 11:30:00	403060	506610	909670
2022-05-26 12:00:00	440313	612328	1052641
2022-05-26 12:30:00	532249	792786	1325035
2022-05-26 13:00:00	640055	834430	1474485
2022-05-26 13:30:00	671404	898941	1570345
2022-05-26 14:00:00	750429	931864	1682293
2022-05-26 14:30:00	805001	986656	1791657
2022-05-26 15:00:00	871067	1077918	1948985
2022-05-26 15:15:00	904898	1134773	2039671
2022-05-25 09:00:00	37644	66326	103970
2022-05-25 09:30:00	80687	131875	212562
2022-05-25 10:00:00	124476	200403	324879
2022-05-25 10:30:00	160658	247251	407909
2022-05-25 11:00:00	184621	306589	491210
2022-05-25 11:30:00	219846	344285	564131
2022-05-25 12:00:00	243076	376642	619718
2022-05-25 12:30:00	278013	404384	682397
2022-05-25 13:00:00	308050	441067	749117
2022-05-25 13:30:00	399025	495347	894372
2022-05-25 14:00:00	450110	551851	1001961
2022-05-25 14:30:00	520740	627967	1148707
2022-05-25 15:00:00	592036	760169	1352205
2022-05-25 15:15:00	638392	813220	1451612
2022-05-24 09:00:00	60309	65374	125683
2022-05-24 09:30:00	122566	160994	283560
2022-05-24 10:00:00	179554	237432	416986
2022-05-24 10:30:00	230564	291932	522496
2022-05-24 11:00:00	258106	341957	600063
2022-05-24 11:30:00	279933	368028	647961
2022-05-24 12:00:00	308250	399712	707962
2022-05-24 12:30:00	330725	427501	758226
2022-05-24 13:00:00	366984	463509	830493
2022-05-24 13:30:00	420177	507611	927788
2022-05-24 14:00:00	462119	556909	1019028
2022-05-24 14:30:00	530960	629019	1159979
2022-05-24 15:00:00	601805	716688	1318493
2022-05-24 15:15:00	629661	776233	1405894
2022-05-23 09:00:00	77453	99680	177133
2022-05-23 09:30:00	122785	184702	307487
2022-05-23 10:00:00	176900	293589	470489
2022-05-23 10:30:00	324795	436421	761216
2022-05-23 11:00:00	375939	493056	868995
2022-05-23 11:30:00	427883	545216	973099
2022-05-23 12:00:00	464582	578079	1042661
2022-05-23 12:30:00	480774	610917	1091691
2022-05-23 13:00:00	517997	671580	1189577
2022-05-23 13:30:00	544453	728917	1273370
2022-05-23 14:00:00	580520	777164	1357684
2022-05-23 14:30:00	616433	843738	1460171
2022-05-23 15:00:00	676577	979321	1655898
2022-05-23 15:15:00	705076	1025039	1730115
2022-05-20 09:00:00	130251	181458	311709
2022-05-20 09:30:00	247681	363054	610735
2022-05-20 10:00:00	355359	553500	908859
2022-05-20 10:30:00	444461	716923	1161384
2022-05-20 11:00:00	579481	822212	1401693
2022-05-20 11:30:00	650379	956532	1606911
2022-05-20 12:00:00	749016	1115335	1864351
2022-05-20 12:30:00	818501	1238229	2056730
2022-05-20 13:00:00	902819	1448286	2351105
2022-05-20 13:30:00	1011963	1559146	2571109
2022-05-20 14:00:00	1085909	1691626	2777535
2022-05-20 14:30:00	1180544	1819038	2999582
2022-05-20 15:00:00	1378543	2021444	3399987
2022-05-20 15:15:00	1408170	2084152	3492322
2022-05-19 09:00:00	140512	160450	300962
2022-05-19 09:30:00	220819	264496	485315
2022-05-19 10:00:00	279585	344575	624160
2022-05-19 10:30:00	332474	466300	798774
2022-05-19 11:00:00	439716	634737	1074453
2022-05-19 11:30:00	488578	707568	1196146
2022-05-19 12:00:00	538908	810682	1349590
2022-05-19 12:30:00	582192	897248	1479440
2022-05-19 13:00:00	648669	1028247	1676916
2022-05-19 13:30:00	688571	1166954	1855525
2022-05-19 14:00:00	750058	1249762	1999820
2022-05-19 14:30:00	809181	1308857	2118038
2022-05-19 15:00:00	920452	1458513	2378965
2022-05-19 15:15:00	957938	1520101	2478039
2022-05-18 09:00:00	105406	182095	287501
2022-05-18 09:30:00	153402	259935	413337
2022-05-18 10:00:00	211756	395805	607561
2022-05-18 10:30:00	312359	491728	804087
2022-05-18 11:00:00	388350	586004	974354
2022-05-18 11:30:00	459748	693473	1153221
2022-05-18 12:00:00	652250	782088	1434338
2022-05-18 12:30:00	686349	852877	1539226
2022-05-18 13:00:00	732584	914776	1647360
2022-05-18 13:30:00	782077	985574	1767651
2022-05-18 14:00:00	869629	1052054	1921683
2022-05-18 14:30:00	947954	1156118	2104072
2022-05-18 15:00:00	1033511	1375181	2408692
2022-05-18 15:15:00	1059280	1464775	2524055
2022-05-17 09:00:00	84953	141980	226933
2022-05-17 09:30:00	167985	238110	406095
2022-05-17 10:00:00	252512	348628	601140
2022-05-17 10:30:00	305479	403305	708784
2022-05-17 11:00:00	355274	458124	813398
2022-05-17 11:30:00	466900	525357	992257
2022-05-17 12:00:00	508316	586237	1094553
2022-05-17 12:30:00	554503	685916	1240419
2022-05-17 13:00:00	593323	734344	1327667
2022-05-17 13:30:00	629707	828029	1457736
2022-05-17 14:00:00	682762	890236	1572998
2022-05-17 14:30:00	751696	953178	1704874
2022-05-17 15:00:00	870503	1068767	1939270
2022-05-17 15:15:00	905150	1124481	2029631
2022-05-16 09:00:00	64896	106750	171646
2022-05-16 09:30:00	132045	205065	337110
2022-05-16 10:00:00	229576	284643	514219
2022-05-16 10:30:00	295563	338846	634409
2022-05-16 11:00:00	355461	420431	775892
2022-05-16 11:30:00	383195	475784	858979
2022-05-16 12:00:00	413872	537430	951302
2022-05-16 12:30:00	435405	574657	1010062
2022-05-16 13:00:00	463470	633771	1097241
2022-05-16 13:30:00	553562	706855	1260417
2022-05-16 14:00:00	600689	771920	1372609
2022-05-16 14:30:00	695112	938632	1633744
2022-05-16 15:00:00	762909	1079374	1842283
2022-05-16 15:15:00	934089	1134349	2068438
2022-05-13 09:00:00	160281	246155	406436
2022-05-13 09:30:00	267670	386574	654244
2022-05-13 10:00:00	370508	505089	875597
2022-05-13 10:30:00	575697	630149	1205846
2022-05-13 11:00:00	639069	705226	1344295
2022-05-13 11:30:00	718584	799245	1517829
2022-05-13 12:00:00	772944	913283	1686227
2022-05-13 12:30:00	874780	984941	1859721
2022-05-13 13:00:00	989005	1065793	2054798
2022-05-13 13:30:00	1072443	1182082	2254525
2022-05-13 14:00:00	1148407	1273451	2421858
2022-05-13 14:30:00	1248280	1391803	2640083
2022-05-13 15:00:00	1378110	1573352	2951462
2022-05-13 15:15:00	1415361	1655655	3071016
2022-05-12 09:00:00	146094	220407	366501
2022-05-12 09:30:00	279330	397584	676914
2022-05-12 12:30:00	714553	996822	1711375
2022-05-12 13:00:00	752627	1087091	1839718
2022-05-12 13:30:00	798022	1178250	1976272
2022-05-12 14:00:00	869136	1307750	2176886
2022-05-12 14:30:00	934033	1436456	2370489
2022-05-12 15:00:00	1062955	1614588	2677543
2022-05-12 15:15:00	1100460	1671499	2771959
2022-05-11 09:00:00	106320	114543	220863
2022-05-11 09:30:00	206739	203347	410086
2022-05-11 10:00:00	248743	284419	533162
2022-05-11 10:30:00	264598	329714	594312
2022-05-11 11:00:00	294293	379847	674140
2022-05-11 11:30:00	324504	426252	750756
2022-05-11 12:00:00	362196	472321	834517
2022-05-11 12:30:00	480499	534189	1014688
2022-05-11 13:00:00	551942	612779	1164721
2022-05-11 13:30:00	591517	705105	1296622
2022-05-11 14:00:00	637999	774075	1412074
2022-05-11 14:30:00	685951	871431	1557382
2022-05-11 15:00:00	770682	1003421	1774103
2022-05-11 15:15:00	807734	1106802	1914536
2022-05-10 09:00:00	63706	109372	173078
2022-05-10 09:30:00	174739	201332	376071
2022-05-10 10:00:00	226437	330447	556884
2022-05-10 10:30:00	264901	416975	681876
2022-05-10 11:00:00	302719	499847	802566
2022-05-10 11:30:00	376619	555786	932405
2022-05-10 12:00:00	434216	627655	1061871
2022-05-10 12:30:00	490513	685993	1176506
2022-05-10 13:00:00	545691	767016	1312707
2022-05-10 13:30:00	585755	834333	1420088
2022-05-10 14:00:00	626120	872965	1499085
2022-05-10 14:30:00	725579	948300	1673879
2022-05-10 15:00:00	803821	1059027	1862848
2022-05-10 15:15:00	843271	1123931	1967202
2022-05-09 09:00:00	89150	102985	192135
2022-05-09 09:30:00	159530	212819	372349
2022-05-09 10:00:00	221226	333065	554291
2022-05-09 10:30:00	295335	462430	757765
2022-05-09 11:00:00	400616	554706	955322
2022-05-09 11:30:00	490632	635477	1126109
2022-05-09 12:00:00	528407	691319	1219726
2022-05-09 12:30:00	554487	959935	1514422
2022-05-09 13:00:00	597252	1042436	1639688
2022-05-09 13:30:00	619264	1091361	1710625
2022-05-09 14:00:00	644609	1155628	1800237
2022-05-09 14:30:00	693709	1251763	1945472
2022-05-09 15:00:00	796541	1483112	2279653
2022-05-09 15:15:00	828186	1550884	2379070
2022-05-06 09:00:00	113690	119038	232728
2022-05-06 09:30:00	225873	284612	510485
2022-05-06 10:00:00	273220	369900	643120
2022-05-06 10:30:00	335378	437782	773160
2022-05-06 11:00:00	368922	501979	870901
2022-05-06 11:30:00	400273	547626	947899
2022-05-06 12:00:00	423432	598122	1021554
2022-05-06 12:30:00	446138	674123	1120261
2022-05-06 13:00:00	470987	722331	1193318
2022-05-06 13:30:00	496321	774498	1270819
2022-05-06 14:00:00	530972	850209	1381181
2022-05-06 14:30:00	578235	936041	1514276
2022-05-06 15:00:00	651429	1090013	1741442
2022-05-06 15:15:00	681137	1148579	1829716
