TIME	CALLS	PUTS	TOTAL	P/C RATIO
2023-08-31 09:00:00	406961	302355	709316	0.74
2023-08-31 09:30:00	793475	569635	1363110	0.72
2023-08-31 10:00:00	1278420	768698	2047118	0.6
2023-08-31 10:30:00	1469359	984559	2453918	0.67
2023-08-31 11:00:00	1644976	1122990	2767966	0.68
2023-08-31 11:30:00	1824961	1257669	3082630	0.69
2023-08-31 12:00:00	2008968	1393285	3402253	0.69
2023-08-31 12:30:00	2126575	1515999	3642574	0.71
2023-08-31 13:00:00	2277165	1635717	3912882	0.72
2023-08-31 13:30:00	2416012	1790419	4206431	0.74
2023-08-31 14:00:00	2586476	1967541	4554017	0.76
2023-08-31 14:30:00	2724648	2419551	5144199	0.89
2023-08-31 15:00:00	3012195	2723551	5735746	0.9
2023-08-31 15:15:00	3049017	2802664	5851681	0.92
2023-08-30 09:00:00	459801	367000	826801	0.8
2023-08-30 09:30:00	908362	677613	1585975	0.75
2023-08-30 10:00:00	1108716	852450	1961166	0.77
2023-08-30 10:30:00	1280953	998092	2279045	0.78
2023-08-30 11:00:00	1476487	1189707	2666194	0.81
2023-08-30 11:30:00	1639654	1324061	2963715	0.81
2023-08-30 12:00:00	1805889	1518419	3324308	0.84
2023-08-30 12:30:00	1943376	1655387	3598763	0.85
2023-08-30 13:00:00	2071093	1772847	3843940	0.86
2023-08-30 13:30:00	2224309	1929919	4154228	0.87
2023-08-30 14:00:00	2352459	2040187	4392646	0.87
2023-08-30 14:30:00	2511699	2843336	5355035	1.13
2023-08-30 15:00:00	2740161	3137987	5878148	1.15
2023-08-30 15:15:00	2819554	3216546	6036100	1.14
2023-08-29 09:00:00	344731	279778	624509	0.81
2023-08-29 09:30:00	730401	653689	1384090	0.89
2023-08-29 10:00:00	1065168	958729	2023897	0.9
2023-08-29 10:30:00	1287469	1135057	2422526	0.88
2023-08-29 11:00:00	1694791	1347792	3042583	0.8
2023-08-29 11:30:00	1894600	1529102	3423702	0.81
2023-08-29 12:00:00	2081106	1662101	3743207	0.8
2023-08-29 12:30:00	2224516	1792797	4017313	0.81
2023-08-29 13:00:00	2367337	1964311	4331648	0.83
2023-08-29 13:30:00	2499005	2086369	4585374	0.83
2023-08-29 14:00:00	2681334	2249736	4931070	0.84
2023-08-29 14:30:00	2921086	2658477	5579563	0.91
2023-08-29 15:00:00	3217747	2970338	6188085	0.92
2023-08-29 15:15:00	3275967	3059237	6335204	0.93
2023-08-28 09:00:00	400265	351321	751586	0.88
2023-08-28 09:30:00	633953	548942	1182895	0.87
2023-08-28 10:00:00	805643	698661	1504304	0.87
2023-08-28 10:30:00	1013511	862815	1876326	0.85
2023-08-28 11:00:00	1132823	978423	2111246	0.86
2023-08-28 11:30:00	1243358	1077282	2320640	0.87
2023-08-28 12:00:00	1357439	1260570	2618009	0.93
2023-08-28 12:30:00	1533585	1395810	2929395	0.91
2023-08-28 13:00:00	1670043	1508213	3178256	0.9
2023-08-28 13:30:00	1753113	1595814	3348927	0.91
2023-08-28 14:00:00	1884834	1716884	3601718	0.91
2023-08-28 14:30:00	2010444	2125892	4136336	1.06
2023-08-28 15:00:00	2234224	2368131	4602355	1.06
2023-08-28 15:15:00	2286880	2435289	4722169	1.06
2023-08-25 09:00:00	425878	408023	833901	0.96
2023-08-25 09:30:00	865388	863042	1728430	1.0
2023-08-25 10:00:00	1208891	1277953	2486844	1.06
2023-08-25 10:30:00	1585537	1628324	3213861	1.03
2023-08-25 11:00:00	1854279	1925195	3779474	1.04
2023-08-25 11:30:00	2065399	2124927	4190326	1.03
2023-08-25 12:00:00	2297616	2327078	4624694	1.01
2023-08-25 12:30:00	2502617	2533237	5035854	1.01
2023-08-25 13:00:00	2641556	2782153	5423709	1.05
2023-08-25 13:30:00	2988849	3176708	6165557	1.06
2023-08-25 14:00:00	3267615	3435315	6702930	1.05
2023-08-25 14:30:00	3646383	3733219	7379602	1.02
2023-08-25 15:00:00	4007485	4417824	8425309	1.1
2023-08-25 15:15:00	4048669	4489609	8538278	1.11
2023-08-24 09:00:00	407790	360348	768138	0.88
2023-08-24 09:30:00	691494	632060	1323554	0.91
2023-08-24 10:00:00	903107	864468	1767575	0.96
2023-08-24 10:30:00	1094763	1095900	2190663	1.0
2023-08-24 11:00:00	1295004	1260746	2555750	0.97
2023-08-24 11:30:00	1470713	1413445	2884158	0.96
2023-08-24 12:00:00	1624743	1529042	3153785	0.94
2023-08-24 12:30:00	1748637	1634579	3383216	0.93
2023-08-24 13:00:00	1849922	1735522	3585444	0.94
2023-08-24 13:30:00	1944698	1831508	3776206	0.94
2023-08-24 14:00:00	2077762	2135778	4213540	1.03
2023-08-24 14:30:00	2205721	2303990	4509711	1.04
2023-08-24 15:00:00	2479692	2630086	5109778	1.06
2023-08-24 15:15:00	2545829	2742821	5288650	1.08
2023-08-23 09:00:00	421914	322235	744149	0.76
2023-08-23 09:30:00	705326	627635	1332961	0.89
2023-08-23 10:00:00	953248	848718	1801966	0.89
2023-08-23 10:30:00	1137738	1006358	2144096	0.88
2023-08-23 11:00:00	1303501	1188543	2492044	0.91
2023-08-23 11:30:00	1425410	1326686	2752096	0.93
2023-08-23 12:00:00	1569970	1441093	3011063	0.92
2023-08-23 12:30:00	1695143	1557856	3252999	0.92
2023-08-23 13:00:00	1841283	1748117	3589400	0.95
2023-08-23 13:30:00	1986219	1987600	3973819	1.0
2023-08-23 14:00:00	2104683	2484102	4588785	1.18
2023-08-23 14:30:00	2276329	2637313	4913642	1.16
2023-08-23 15:00:00	2548016	2961693	5509709	1.16
2023-08-23 15:15:00	2601069	3044402	5645471	1.17
2023-08-22 09:00:00	365132	328935	694067	0.9
2023-08-22 09:30:00	630801	594753	1225554	0.94
2023-08-22 10:00:00	811638	748826	1560464	0.92
2023-08-22 10:30:00	972458	882509	1854967	0.91
2023-08-22 11:00:00	1088731	1000978	2089709	0.92
2023-08-22 11:30:00	1236399	1125448	2361847	0.91
2023-08-22 12:00:00	1368593	1310169	2678762	0.96
2023-08-22 12:30:00	1503448	1423917	2927365	0.95
2023-08-22 13:00:00	1617851	1535343	3153194	0.95
2023-08-22 13:30:00	1868519	1688364	3556883	0.9
2023-08-22 14:00:00	1979795	1789417	3769212	0.9
2023-08-22 14:30:00	2150284	1938959	4089243	0.9
2023-08-22 15:00:00	2404675	2183475	4588150	0.91
2023-08-22 15:15:00	2450884	2263401	4714285	0.92
2023-08-21 09:00:00	393526	337016	730542	0.86
2023-08-21 09:30:00	685197	560983	1246180	0.82
2023-08-21 10:00:00	896556	799341	1695897	0.89
2023-08-21 10:30:00	1090798	945824	2036622	0.87
2023-08-21 11:00:00	1243000	1095415	2338415	0.88
2023-08-21 11:30:00	1415753	1220849	2636602	0.86
2023-08-21 12:00:00	1578434	1332881	2911315	0.84
2023-08-21 12:30:00	1711764	1446101	3157865	0.84
2023-08-21 13:00:00	1939859	1566139	3505998	0.81
2023-08-21 13:30:00	2077095	1745884	3822979	0.84
2023-08-21 14:00:00	2230728	1876487	4107215	0.84
2023-08-21 14:30:00	2395785	2045842	4441627	0.85
2023-08-21 15:00:00	2665039	2326422	4991461	0.87
2023-08-21 15:15:00	2693116	2459818	5152934	0.91
2023-08-18 09:00:00	704064	685852	1389916	0.97
2023-08-18 09:30:00	1114355	1216311	2330666	1.09
2023-08-18 10:00:00	1408538	1581251	2989789	1.12
2023-08-18 10:30:00	1789891	2095127	3885018	1.17
2023-08-18 11:00:00	2072191	2415687	4487878	1.17
2023-08-18 11:30:00	2288529	2662049	4950578	1.16
2023-08-18 12:00:00	2503671	2884853	5388524	1.15
2023-08-18 12:30:00	2734515	3131077	5865592	1.15
2023-08-18 13:00:00	2921636	3342992	6264628	1.14
2023-08-18 13:30:00	3123077	3610074	6733151	1.16
2023-08-18 14:00:00	3374440	3984344	7358784	1.18
2023-08-18 14:30:00	3632770	4303809	7936579	1.18
2023-08-18 15:00:00	4093130	4815724	8908854	1.18
2023-08-18 15:15:00	4171107	4912237	9083344	1.18
2023-08-17 09:00:00	481612	409289	890901	0.85
2023-08-17 09:30:00	826763	735876	1562639	0.89
2023-08-17 10:00:00	1111165	1063599	2174764	0.96
2023-08-17 10:30:00	1316443	1289674	2606117	0.98
2023-08-17 11:00:00	1513958	1452191	2966149	0.96
2023-08-17 11:30:00	1902564	1661351	3563915	0.87
2023-08-17 12:00:00	2021802	1807423	3829225	0.89
2023-08-17 12:30:00	2184217	1958118	4142335	0.9
2023-08-17 13:00:00	2338283	2143451	4481734	0.92
2023-08-17 13:30:00	2518027	2333756	4851783	0.93
2023-08-17 14:00:00	2736426	2586457	5322883	0.95
2023-08-17 14:30:00	3079661	3442929	6522590	1.12
2023-08-17 15:00:00	3466845	3873189	7340034	1.12
2023-08-17 15:15:00	3583265	4015126	7598391	1.12
2023-08-16 09:00:00	383286	434386	817672	1.13
2023-08-16 09:30:00	658356	730211	1388567	1.11
2023-08-16 10:00:00	884478	1011079	1895557	1.14
2023-08-16 10:30:00	1082483	1151579	2234062	1.06
2023-08-16 11:00:00	1263781	1303975	2567756	1.03
2023-08-16 11:30:00	1432506	1481467	2913973	1.03
2023-08-16 12:00:00	1574263	1597371	3171634	1.01
2023-08-16 12:30:00	1797246	1745543	3542789	0.97
2023-08-16 13:00:00	2005403	1903360	3908763	0.95
2023-08-16 13:30:00	2183401	2079408	4262809	0.95
2023-08-16 14:00:00	2328400	2245770	4574170	0.96
2023-08-16 14:30:00	2568312	2491241	5059553	0.97
2023-08-16 15:00:00	2859094	3872347	6731441	1.35
2023-08-16 15:15:00	2922001	3984170	6906171	1.36
2023-08-15 09:00:00	421011	441182	862193	1.05
2023-08-15 09:30:00	834830	790395	1625225	0.95
2023-08-15 10:00:00	1117291	1070910	2188201	0.96
2023-08-15 10:30:00	1323392	1272002	2595394	0.96
2023-08-15 11:00:00	1497437	1416514	2913951	0.95
2023-08-15 11:30:00	1620247	1531667	3151914	0.95
2023-08-15 12:00:00	1763696	1654791	3418487	0.94
2023-08-15 12:30:00	1915009	1797004	3712013	0.94
2023-08-15 13:00:00	2040458	2054431	4094889	1.01
2023-08-15 13:30:00	2167704	2182194	4349898	1.01
2023-08-15 14:00:00	2323617	2381575	4705192	1.02
2023-08-15 14:30:00	2533268	2615913	5149181	1.03
2023-08-15 15:00:00	2845571	2982617	5828188	1.05
2023-08-15 15:15:00	2907641	3054077	5961718	1.05
2023-08-14 09:00:00	521983	474265	996248	0.91
2023-08-14 09:30:00	910033	865903	1775936	0.95
2023-08-14 10:00:00	1299561	1287003	2586564	0.99
2023-08-14 10:30:00	1521386	1522057	3043443	1.0
2023-08-14 11:00:00	1834318	1774587	3608905	0.97
2023-08-14 11:30:00	2087087	1979885	4066972	0.95
2023-08-14 12:00:00	2310244	2143809	4454053	0.93
2023-08-14 12:30:00	2470767	2355521	4826288	0.95
2023-08-14 13:00:00	2648944	2536923	5185867	0.96
2023-08-14 13:30:00	2830784	2737003	5567787	0.97
2023-08-14 14:00:00	3107036	3012368	6119404	0.97
2023-08-14 14:30:00	3358743	3254017	6612760	0.97
2023-08-14 15:00:00	3764937	3598030	7362967	0.96
2023-08-14 15:15:00	3788278	3706363	7494641	0.98
2023-08-11 09:00:00	630701	558825	1189526	0.89
2023-08-11 09:30:00	1093697	988371	2082068	0.9
2023-08-11 10:00:00	1410479	1259915	2670394	0.89
2023-08-11 10:30:00	1658476	1521770	3180246	0.92
2023-08-11 11:00:00	1902342	1748839	3651181	0.92
2023-08-11 11:30:00	2166577	1971361	4137938	0.91
2023-08-11 12:00:00	2356434	2151073	4507507	0.91
2023-08-11 12:30:00	2571178	2363896	4935074	0.92
2023-08-11 13:00:00	2849408	2586539	5435947	0.91
2023-08-11 13:30:00	3043178	2819957	5863135	0.93
2023-08-11 14:00:00	3252330	3154003	6406333	0.97
2023-08-11 14:30:00	3480861	3470831	6951692	1.0
2023-08-11 15:00:00	3839937	3872998	7712935	1.01
2023-08-11 15:15:00	3903459	3990438	7893897	1.02
2023-08-10 09:00:00	439737	407784	847521	0.93
2023-08-10 09:30:00	839965	790399	1630364	0.94
2023-08-10 10:00:00	1129408	1162070	2291478	1.03
2023-08-10 10:30:00	1368324	1371539	2739863	1.0
2023-08-10 11:00:00	1616166	1583595	3199761	0.98
2023-08-10 11:30:00	1781842	1789253	3571095	1.0
2023-08-10 12:00:00	1935798	1917775	3853573	0.99
2023-08-10 12:30:00	2060204	2057125	4117329	1.0
2023-08-10 13:00:00	2250400	2297502	4547902	1.02
2023-08-10 13:30:00	2415522	2560184	4975706	1.06
2023-08-10 14:00:00	2563471	2691143	5254614	1.05
2023-08-10 14:30:00	2742013	2839299	5581312	1.04
2023-08-10 15:00:00	2998941	3075427	6074368	1.03
2023-08-10 15:15:00	3082772	3181750	6264522	1.03
2023-08-09 09:00:00	396050	287904	683954	0.73
2023-08-09 09:30:00	682439	484616	1167055	0.71
2023-08-09 10:00:00	997700	676582	1674282	0.68
2023-08-09 10:30:00	1285691	872847	2158538	0.68
2023-08-09 11:00:00	1535895	1037596	2573491	0.68
2023-08-09 11:30:00	1738700	1242936	2981636	0.71
2023-08-09 12:00:00	1872967	1378923	3251890	0.74
2023-08-09 12:30:00	2005520	1500926	3506446	0.75
2023-08-09 13:00:00	2143282	1624600	3767882	0.76
2023-08-09 13:30:00	2276899	1774571	4051470	0.78
2023-08-09 14:00:00	2425661	1921593	4347254	0.79
2023-08-09 14:30:00	2617877	2285606	4903483	0.87
2023-08-09 15:00:00	2881541	2682344	5563885	0.93
2023-08-09 15:15:00	2992550	2785177	5777727	0.93
2023-08-08 09:00:00	454703	447382	902085	0.98
2023-08-08 09:30:00	856153	779105	1635258	0.91
2023-08-08 10:00:00	1129714	1099029	2228743	0.97
2023-08-08 10:30:00	1339082	1291279	2630361	0.96
2023-08-08 11:00:00	1505942	1521921	3027863	1.01
2023-08-08 11:30:00	1666909	1645047	3311956	0.99
2023-08-08 12:00:00	1811921	1767215	3579136	0.98
2023-08-08 12:30:00	1947562	1906900	3854462	0.98
2023-08-08 13:00:00	2053798	2106498	4160296	1.03
2023-08-08 13:30:00	2211349	2225631	4436980	1.01
2023-08-08 14:00:00	2347681	2352687	4700368	1.0
2023-08-08 14:30:00	2499540	2492164	4991704	1.0
2023-08-08 15:00:00	2842376	2764743	5607119	0.97
2023-08-08 15:15:00	2886276	2827864	5714140	0.98
2023-08-07 09:00:00	435311	359286	794597	0.83
2023-08-07 09:30:00	708878	584296	1293174	0.82
2023-08-07 10:00:00	936595	754807	1691402	0.81
2023-08-07 10:30:00	1169457	946126	2115583	0.81
2023-08-07 11:00:00	1348459	1130211	2478670	0.84
2023-08-07 11:30:00	1491648	1257377	2749025	0.84
2023-08-07 12:00:00	1639497	1399560	3039057	0.85
2023-08-07 12:30:00	1744123	1508841	3252964	0.87
2023-08-07 13:00:00	1859972	1669759	3529731	0.9
2023-08-07 13:30:00	2015516	1802383	3817899	0.89
2023-08-07 14:00:00	2132541	1995829	4128370	0.94
2023-08-07 14:30:00	2270054	2129480	4399534	0.94
2023-08-07 15:00:00	2558077	2407369	4965446	0.94
2023-08-07 15:15:00	2595096	2490946	5086042	0.96
2023-08-04 09:00:00	763196	688466	1451662	0.9
2023-08-04 09:30:00	1270725	1100582	2371307	0.87
2023-08-04 10:00:00	1605481	1389781	2995262	0.87
2023-08-04 10:30:00	1862722	1609828	3472550	0.86
2023-08-04 11:00:00	2124289	1859093	3983382	0.88
2023-08-04 11:30:00	2367358	2113396	4480754	0.89
2023-08-04 12:00:00	2621102	2379957	5001059	0.91
2023-08-04 12:30:00	2866960	2659801	5526761	0.93
2023-08-04 13:00:00	3084432	2896789	5981221	0.94
2023-08-04 13:30:00	3497161	3358370	6855531	0.96
2023-08-04 14:00:00	3858086	3756682	7614768	0.97
2023-08-04 14:30:00	4208368	4166830	8375198	0.99
2023-08-04 15:00:00	4625187	4702869	9328056	1.02
2023-08-04 15:15:00	4676747	4794946	9471693	1.03
2023-08-03 09:00:00	590425	469868	1060293	0.8
2023-08-03 09:30:00	904322	735212	1639534	0.81
2023-08-03 10:00:00	1376943	967999	2344942	0.7
2023-08-03 10:30:00	1595970	1217939	2813909	0.76
2023-08-03 11:00:00	1886576	1378291	3264867	0.73
2023-08-03 11:30:00	2051224	1520515	3571739	0.74
2023-08-03 12:00:00	2307785	1682008	3989793	0.73
2023-08-03 12:30:00	2467480	1802597	4270077	0.73
2023-08-03 13:00:00	2616129	1938401	4554530	0.74
2023-08-03 13:30:00	2798057	2091443	4889500	0.75
2023-08-03 14:00:00	2944270	2249763	5194033	0.76
2023-08-03 14:30:00	3130286	2499393	5629679	0.8
2023-08-03 15:00:00	3470003	2767452	6237455	0.8
2023-08-03 15:15:00	3509633	2827661	6337294	0.81
2023-08-02 09:00:00	593720	540489	1134209	0.91
2023-08-02 09:30:00	1049606	878110	1927716	0.84
2023-08-02 10:00:00	1411722	1201151	2612873	0.85
2023-08-02 10:30:00	1841206	1505221	3346427	0.82
2023-08-02 11:00:00	2099121	1775704	3874825	0.85
2023-08-02 11:30:00	2355079	2111543	4466622	0.9
2023-08-02 12:00:00	2617119	2302862	4919981	0.88
2023-08-02 12:30:00	2768235	2434824	5203059	0.88
2023-08-02 13:00:00	2958856	2570089	5528945	0.87
2023-08-02 13:30:00	3105153	2697743	5802896	0.87
2023-08-02 14:00:00	3264733	2814872	6079605	0.86
2023-08-02 14:30:00	3516897	3039848	6556745	0.86
2023-08-02 15:00:00	3820436	3516459	7336895	0.92
2023-08-02 15:15:00	3868759	3610463	7479222	0.93
2023-08-01 09:00:00	482523	285097	767620	0.59
2023-08-01 09:30:00	763020	520057	1283077	0.68
2023-08-01 10:00:00	1040467	710997	1751464	0.68
2023-08-01 10:30:00	1222899	890409	2113308	0.73
2023-08-01 11:00:00	1358986	1032810	2391796	0.76
2023-08-01 11:30:00	1734200	1127242	2861442	0.65
2023-08-01 12:00:00	1893681	1265078	3158759	0.67
2023-08-01 12:30:00	2068700	1425414	3494114	0.69
2023-08-01 13:00:00	2190353	1567681	3758034	0.72
2023-08-01 13:30:00	2313885	1704773	4018658	0.74
2023-08-01 14:00:00	2442816	1815257	4258073	0.74
2023-08-01 14:30:00	2593704	1960703	4554407	0.76
2023-08-01 15:00:00	2842532	2175745	5018277	0.77
2023-08-01 15:15:00	2888502	2233487	5121989	0.77
2023-07-31 09:00:00	438297	317952	756249	0.73
2023-07-31 09:30:00	754478	555146	1309624	0.74
2023-07-31 10:00:00	969389	795549	1764938	0.82
2023-07-31 10:30:00	1354291	987094	2341385	0.73
2023-07-31 11:00:00	1502466	1164631	2667097	0.78
2023-07-31 11:30:00	1637987	1293526	2931513	0.79
2023-07-31 12:00:00	1785708	1401311	3187019	0.78
2023-07-31 12:30:00	1913055	1496235	3409290	0.78
2023-07-31 13:00:00	2063267	1642500	3705767	0.8
2023-07-31 13:30:00	2188742	1775181	3963923	0.81
2023-07-31 14:00:00	2335375	1878709	4214084	0.8
2023-07-31 14:30:00	2487634	2070785	4558419	0.83
2023-07-31 15:00:00	2747284	2328802	5076086	0.85
2023-07-31 15:15:00	2821440	2455996	5277436	0.87
2023-07-28 09:00:00	706245	547382	1253627	0.78
2023-07-28 09:30:00	1106378	895476	2001854	0.81
2023-07-28 10:00:00	1536330	1191920	2728250	0.78
2023-07-28 10:30:00	1875333	1487174	3362507	0.79
2023-07-28 11:00:00	2198196	1742612	3940808	0.79
2023-07-28 11:30:00	2485775	1968437	4454212	0.79
2023-07-28 12:00:00	2687781	2139042	4826823	0.8
2023-07-28 12:30:00	3100107	2573485	5673592	0.83
2023-07-28 13:00:00	3433525	2911218	6344743	0.85
2023-07-28 13:30:00	3672852	3204269	6877121	0.87
2023-07-28 14:00:00	3948619	3452721	7401340	0.87
2023-07-28 14:30:00	4239501	3706875	7946376	0.87
2023-07-28 15:00:00	4669771	4087090	8756861	0.88
2023-07-28 15:15:00	4725959	4148458	8874417	0.88
2023-07-27 09:00:00	650557	518453	1169010	0.8
2023-07-27 09:30:00	1081570	893410	1974980	0.83
2023-07-27 10:00:00	1361473	1105350	2466823	0.81
2023-07-27 10:30:00	1577081	1255073	2832154	0.8
2023-07-27 11:00:00	1747249	1425147	3172396	0.82
2023-07-27 11:30:00	1942320	1590886	3533206	0.82
2023-07-27 12:00:00	2144374	1770505	3914879	0.83
2023-07-27 12:30:00	2356106	1981639	4337745	0.84
2023-07-27 13:00:00	2541481	2209362	4750843	0.87
2023-07-27 13:30:00	2815328	2449426	5264754	0.87
2023-07-27 14:00:00	3133410	2807454	5940864	0.9
2023-07-27 14:30:00	3378167	3084822	6462989	0.91
2023-07-27 15:00:00	3757022	3455432	7212454	0.92
2023-07-27 15:15:00	3809112	3543647	7352759	0.93
2023-07-26 09:00:00	481541	346271	827812	0.72
2023-07-26 09:30:00	747568	545319	1292887	0.73
2023-07-26 10:00:00	940542	756773	1697315	0.8
2023-07-26 10:30:00	1109013	911000	2020013	0.82
2023-07-26 11:00:00	1314412	1055761	2370173	0.8
2023-07-26 11:30:00	1451134	1196911	2648045	0.82
2023-07-26 12:00:00	1586094	1330181	2916275	0.84
2023-07-26 12:30:00	1713507	1476210	3189717	0.86
2023-07-26 13:00:00	1805054	1559431	3364485	0.86
2023-07-26 13:30:00	1961507	1663763	3625270	0.85
2023-07-26 14:00:00	2203345	1891298	4094643	0.86
2023-07-26 14:30:00	2451456	2312985	4764441	0.94
2023-07-26 15:00:00	2760059	2601308	5361367	0.94
2023-07-26 15:15:00	2835882	2683985	5519867	0.95
2023-07-25 09:00:00	425004	259412	684416	0.61
2023-07-25 09:30:00	691470	475486	1166956	0.69
2023-07-25 10:00:00	925445	681241	1606686	0.74
2023-07-25 10:30:00	1108109	817445	1925554	0.74
2023-07-25 11:00:00	1261299	964334	2225633	0.76
2023-07-25 11:30:00	1419896	1087435	2507331	0.77
2023-07-25 12:00:00	1554505	1220268	2774773	0.78
2023-07-25 12:30:00	1704046	1332068	3036114	0.78
2023-07-25 13:00:00	1819030	1440891	3259921	0.79
2023-07-25 13:30:00	1957980	1539061	3497041	0.79
2023-07-25 14:00:00	2176845	1718762	3895607	0.79
2023-07-25 14:30:00	2366098	1869507	4235605	0.79
2023-07-25 15:00:00	2717026	2140263	4857289	0.79
2023-07-25 15:15:00	2752921	2185933	4938854	0.79
2023-07-24 09:00:00	555792	307245	863037	0.55
2023-07-24 09:30:00	855320	541867	1397187	0.63
2023-07-24 10:00:00	1078009	674134	1752143	0.63
2023-07-24 10:30:00	1313328	861355	2174683	0.66
2023-07-24 11:00:00	1559530	1139547	2699077	0.73
2023-07-24 11:30:00	1738621	1264537	3003158	0.73
2023-07-24 12:00:00	1856739	1360176	3216915	0.73
2023-07-24 12:30:00	2056107	1471242	3527349	0.72
2023-07-24 13:00:00	2218198	1587064	3805262	0.72
2023-07-24 13:30:00	2381785	1701511	4083296	0.71
2023-07-24 14:00:00	2504153	1833441	4337594	0.73
2023-07-24 14:30:00	2672463	2034361	4706824	0.76
2023-07-24 15:00:00	2952983	2266649	5219632	0.77
2023-07-24 15:15:00	2989253	2334052	5323305	0.78
2023-07-21 09:00:00	736297	476588	1212885	0.65
2023-07-21 09:30:00	1219362	907634	2126996	0.74
2023-07-21 10:00:00	1561636	1165925	2727561	0.75
2023-07-21 10:30:00	1847971	1419385	3267356	0.77
2023-07-21 11:00:00	2107890	1686515	3794405	0.8
2023-07-21 11:30:00	2321682	1883129	4204811	0.81
2023-07-21 12:00:00	2545248	2087942	4633190	0.82
2023-07-21 12:30:00	2759248	2270698	5029946	0.82
2023-07-21 13:00:00	3001613	2470931	5472544	0.82
2023-07-21 13:30:00	3206817	2722940	5929757	0.85
2023-07-21 14:00:00	3462335	2941612	6403947	0.85
2023-07-21 14:30:00	3771291	3256687	7027978	0.86
2023-07-21 15:00:00	4159890	3648923	7808813	0.88
2023-07-21 15:15:00	4200036	3733204	7933240	0.89
2023-07-20 09:00:00	555951	385786	941737	0.69
2023-07-20 09:30:00	977561	694449	1672010	0.71
2023-07-20 10:00:00	1485802	1066835	2552637	0.72
2023-07-20 10:30:00	1911055	1284542	3195597	0.67
2023-07-20 11:00:00	2155338	1469981	3625319	0.68
2023-07-20 11:30:00	2342919	1667910	4010829	0.71
2023-07-20 12:00:00	2543410	1852327	4395737	0.73
2023-07-20 12:30:00	2702510	1975330	4677840	0.73
2023-07-20 13:00:00	2866079	2114668	4980747	0.74
2023-07-20 13:30:00	3071024	2336608	5407632	0.76
2023-07-20 14:00:00	3261378	2547028	5808406	0.78
2023-07-20 14:30:00	3527769	2774579	6302348	0.79
2023-07-20 15:00:00	3892470	3163176	7055646	0.81
2023-07-20 15:15:00	3942210	3230224	7172434	0.82
2023-07-19 09:00:00	583859	502918	1086777	0.86
2023-07-19 09:30:00	1002730	910451	1913181	0.91
2023-07-19 10:00:00	1386864	1195285	2582149	0.86
2023-07-19 10:30:00	1648922	1409702	3058624	0.85
2023-07-19 11:00:00	2083614	1634847	3718461	0.78
2023-07-19 11:30:00	2400821	1837511	4238332	0.77
2023-07-19 12:00:00	2624950	1988823	4613773	0.76
2023-07-19 12:30:00	2833020	2225073	5058093	0.79
2023-07-19 13:00:00	3020580	2356355	5376935	0.78
2023-07-19 13:30:00	3228667	2540526	5769193	0.79
2023-07-19 14:00:00	3404352	2653033	6057385	0.78
2023-07-19 14:30:00	3681692	2947517	6629209	0.8
2023-07-19 15:00:00	4052740	3318540	7371280	0.82
2023-07-19 15:15:00	4124300	3398708	7523008	0.82
2023-07-18 09:00:00	554404	357878	912282	0.65
2023-07-18 09:30:00	961538	596474	1558012	0.62
2023-07-18 10:00:00	1226084	898819	2124903	0.73
2023-07-18 10:30:00	1493144	1094170	2587314	0.73
2023-07-18 11:00:00	1769594	1297035	3066629	0.73
2023-07-18 11:30:00	2030630	1480685	3511315	0.73
2023-07-18 12:00:00	2241522	1632681	3874203	0.73
2023-07-18 12:30:00	2445126	1760617	4205743	0.72
2023-07-18 13:00:00	2629327	1886526	4515853	0.72
2023-07-18 13:30:00	2977458	2068954	5046412	0.69
2023-07-18 14:00:00	3229999	2266625	5496624	0.7
2023-07-18 14:30:00	3507368	2553975	6061343	0.73
2023-07-18 15:00:00	3924696	2913615	6838311	0.74
2023-07-18 15:15:00	3966628	2987390	6954018	0.75
2023-07-17 09:00:00	565279	308684	873963	0.55
2023-07-17 09:30:00	921528	521341	1442869	0.57
2023-07-17 10:00:00	1171931	743675	1915606	0.63
2023-07-17 10:30:00	1400696	911689	2312385	0.65
2023-07-17 11:00:00	1620939	1097794	2718733	0.68
2023-07-17 11:30:00	1815597	1264450	3080047	0.7
2023-07-17 12:00:00	1974031	1377702	3351733	0.7
2023-07-17 12:30:00	2145379	1539980	3685359	0.72
2023-07-17 13:00:00	2294889	1647700	3942589	0.72
2023-07-17 13:30:00	2440200	1761351	4201551	0.72
2023-07-17 14:00:00	2592272	1920664	4512936	0.74
2023-07-17 14:30:00	2846128	2168598	5014726	0.76
2023-07-17 15:00:00	3126108	2509046	5635154	0.8
2023-07-17 15:15:00	3201216	2593713	5794929	0.81
2023-07-14 09:00:00	800159	598853	1399012	0.75
2023-07-14 09:30:00	1361625	1051346	2412971	0.77
2023-07-14 10:00:00	1836090	1448217	3284307	0.79
2023-07-14 10:30:00	2137376	1674930	3812306	0.78
2023-07-14 11:00:00	2508307	1947054	4455361	0.78
2023-07-14 11:30:00	2765771	2142039	4907810	0.77
2023-07-14 12:00:00	3002055	2327984	5330039	0.78
2023-07-14 12:30:00	3301551	2556840	5858391	0.77
2023-07-14 13:00:00	3488586	2714786	6203372	0.78
2023-07-14 13:30:00	3714906	2911344	6626250	0.78
2023-07-14 14:00:00	4002432	3167122	7169554	0.79
2023-07-14 14:30:00	4348948	3617131	7966079	0.83
2023-07-14 15:00:00	4745080	4054561	8799641	0.85
2023-07-14 15:15:00	4795701	4155788	8951489	0.87
2023-07-13 09:00:00	682352	422435	1104787	0.62
2023-07-13 09:30:00	1058428	744481	1802909	0.7
2023-07-13 10:00:00	1395075	940977	2336052	0.67
2023-07-13 10:30:00	1674563	1180873	2855436	0.71
2023-07-13 11:00:00	1939165	1354058	3293223	0.7
2023-07-13 11:30:00	2151329	1517787	3669116	0.71
2023-07-13 12:00:00	2344211	1678517	4022728	0.72
2023-07-13 12:30:00	2516766	1828970	4345736	0.73
2023-07-13 13:00:00	2716165	1964401	4680566	0.72
2023-07-13 13:30:00	2935993	2125828	5061821	0.72
2023-07-13 14:00:00	3151782	2300798	5452580	0.73
2023-07-13 14:30:00	3425043	2556379	5981422	0.75
2023-07-13 15:00:00	3837969	2983844	6821813	0.78
2023-07-13 15:15:00	3891998	3078823	6970821	0.79
2023-07-12 09:00:00	807810	495587	1303397	0.61
2023-07-12 09:30:00	1190496	756446	1946942	0.64
2023-07-12 10:00:00	1474612	1027167	2501779	0.7
2023-07-12 10:30:00	1747239	1222185	2969424	0.7
2023-07-12 11:00:00	2010199	1428422	3438621	0.71
2023-07-12 11:30:00	2238538	1596717	3835255	0.71
2023-07-12 12:00:00	2405719	1723194	4128913	0.72
2023-07-12 12:30:00	2636965	1903869	4540834	0.72
2023-07-12 13:00:00	2795377	2013351	4808728	0.72
2023-07-12 13:30:00	3062909	2136839	5199748	0.7
2023-07-12 14:00:00	3232304	2306557	5538861	0.71
2023-07-12 14:30:00	3442114	2479119	5921233	0.72
2023-07-12 15:00:00	3728337	3117430	6845767	0.84
2023-07-12 15:15:00	3836302	3231644	7067946	0.84
2023-07-11 09:00:00	439508	266215	705723	0.61
2023-07-11 09:30:00	721105	541260	1262365	0.75
2023-07-11 10:00:00	1019491	765158	1784649	0.75
2023-07-11 10:30:00	1296095	900377	2196472	0.69
2023-07-11 11:00:00	1503231	1015220	2518451	0.68
2023-07-11 11:30:00	1710037	1148697	2858734	0.67
2023-07-11 12:00:00	1889025	1235714	3124739	0.65
2023-07-11 12:30:00	2145046	1336972	3482018	0.62
2023-07-11 13:00:00	2531669	1438156	3969825	0.57
2023-07-11 13:30:00	2664179	1593937	4258116	0.6
2023-07-11 14:00:00	2823696	1721139	4544835	0.61
2023-07-11 14:30:00	3055728	1889485	4945213	0.62
2023-07-11 15:00:00	3376699	2273726	5650425	0.67
2023-07-11 15:15:00	3450286	2341965	5792251	0.68
2023-07-10 09:00:00	467295	286000	753295	0.61
2023-07-10 09:30:00	743548	482862	1226410	0.65
2023-07-10 10:00:00	984235	730097	1714332	0.74
2023-07-10 10:30:00	1164989	858113	2023102	0.74
2023-07-10 11:00:00	1318751	968532	2287283	0.73
2023-07-10 11:30:00	1500483	1132184	2632667	0.75
2023-07-10 12:00:00	1620330	1253670	2874000	0.77
2023-07-10 12:30:00	1725415	1321705	3047120	0.77
2023-07-10 13:00:00	1843388	1429368	3272756	0.78
2023-07-10 13:30:00	1979133	1523486	3502619	0.77
2023-07-10 14:00:00	2119103	1663177	3782280	0.78
2023-07-10 14:30:00	2261696	1792045	4053741	0.79
2023-07-10 15:00:00	2473244	2119391	4592635	0.86
2023-07-10 15:15:00	2510698	2171702	4682400	0.86
2023-07-07 09:00:00	691903	416243	1108146	0.6
2023-07-07 09:30:00	1105118	706196	1811314	0.64
2023-07-07 10:00:00	1434840	1027157	2461997	0.72
2023-07-07 10:30:00	1709459	1257553	2967012	0.74
2023-07-07 11:00:00	1957695	1457428	3415123	0.74
2023-07-07 11:30:00	2224061	1650398	3874459	0.74
2023-07-07 12:00:00	2560754	1874723	4435477	0.73
2023-07-07 12:30:00	2805986	2092494	4898480	0.75
2023-07-07 13:00:00	3081432	2322161	5403593	0.75
2023-07-07 13:30:00	3272759	2493079	5765838	0.76
2023-07-07 14:00:00	3595751	2720147	6315898	0.76
2023-07-07 14:30:00	3872506	2971028	6843534	0.77
2023-07-07 15:00:00	4332207	3559988	7892195	0.82
2023-07-07 15:15:00	4383976	3686296	8070272	0.84
2023-07-06 09:00:00	668186	497797	1165983	0.74
2023-07-06 09:30:00	1117916	879383	1997299	0.79
2023-07-06 10:00:00	1424054	1163923	2587977	0.82
2023-07-06 10:30:00	1664812	1425452	3090264	0.86
2023-07-06 11:00:00	1967428	1719293	3686721	0.87
2023-07-06 11:30:00	2199557	1926489	4126046	0.88
2023-07-06 12:00:00	2357721	2076096	4433817	0.88
2023-07-06 12:30:00	2494406	2181761	4676167	0.87
2023-07-06 13:00:00	2642618	2318734	4961352	0.88
2023-07-06 13:30:00	2767583	2444417	5212000	0.88
2023-07-06 14:00:00	2897484	2576712	5474196	0.89
2023-07-06 14:30:00	3042829	2727697	5770526	0.9
2023-07-06 15:00:00	3323390	3070218	6393608	0.92
2023-07-06 15:15:00	3358372	3141992	6500364	0.94
2023-07-05 09:00:00	454666	355853	810519	0.78
2023-07-05 09:30:00	792968	604323	1397291	0.76
2023-07-05 10:00:00	1024598	767144	1791742	0.75
2023-07-05 10:30:00	1200471	914577	2115048	0.76
2023-07-05 11:00:00	1436566	1039386	2475952	0.72
2023-07-05 11:30:00	1555874	1156493	2712367	0.74
2023-07-05 12:00:00	1715349	1299726	3015075	0.76
2023-07-05 12:30:00	1816002	1383259	3199261	0.76
2023-07-05 13:00:00	1922407	1479927	3402334	0.77
2023-07-05 13:30:00	2069074	1620292	3689366	0.78
2023-07-05 14:00:00	2222061	1815561	4037622	0.82
2023-07-05 14:30:00	2346507	1973151	4319658	0.84
2023-07-05 15:00:00	2614699	2390703	5005402	0.91
2023-07-05 15:15:00	2645466	2463844	5109310	0.93
2023-07-03 09:00:00	451913	274245	726158	0.61
2023-07-03 09:30:00	721074	476263	1197337	0.66
2023-07-03 10:00:00	959764	669054	1628818	0.7
2023-07-03 10:30:00	1119862	819380	1939242	0.73
2023-07-03 11:00:00	1287087	933446	2220533	0.73
2023-07-03 11:30:00	1462555	1130663	2593218	0.77
2023-07-03 12:00:00	1684312	1384407	3068719	0.82
2023-07-03 12:30:00	1715965	1446035	3162000	0.84
2023-07-03 13:00:00	1715951	1446025	3161976	0.84
2023-07-03 13:30:00	1715951	1446025	3161976	0.84
2023-07-03 14:00:00	1715951	1446025	3161976	0.84
2023-07-03 14:30:00	1715951	1446025	3161976	0.84
2023-07-03 15:00:00	1715951	1446025	3161976	0.84
2023-07-03 15:15:00	1715951	1446025	3161976	0.84
2023-06-30 09:00:00	773150	522098	1295248	0.68
2023-06-30 09:30:00	1365771	1007374	2373145	0.74
2023-06-30 10:00:00	1951670	1436424	3388094	0.74
2023-06-30 10:30:00	2211063	1661577	3872640	0.75
2023-06-30 11:00:00	2486113	1946588	4432701	0.78
2023-06-30 11:30:00	2705980	2141318	4847298	0.79
2023-06-30 12:00:00	2956201	2351865	5308066	0.8
2023-06-30 12:30:00	3207198	2529054	5736252	0.79
2023-06-30 13:00:00	3465509	2725745	6191254	0.79
2023-06-30 13:30:00	3741762	3035804	6777566	0.81
2023-06-30 14:00:00	4038215	3353591	7391806	0.83
2023-06-30 14:30:00	4358841	3628179	7987020	0.83
2023-06-30 15:00:00	4839852	4166387	9006239	0.86
2023-06-30 15:15:00	5010123	4507524	9517647	0.9
2023-06-29 09:00:00	472571	276314	748885	0.58
2023-06-29 09:30:00	780101	455530	1235631	0.58
2023-06-29 10:00:00	1000714	624493	1625207	0.62
2023-06-29 10:30:00	1216000	770753	1986753	0.63
2023-06-29 11:00:00	1375324	906468	2281792	0.66
2023-06-29 11:30:00	1531555	1046201	2577756	0.68
2023-06-29 12:00:00	1679805	1159049	2838854	0.69
2023-06-29 12:30:00	1817141	1271045	3088186	0.7
2023-06-29 13:00:00	1941040	1360943	3301983	0.7
2023-06-29 13:30:00	2103793	1509493	3613286	0.72
2023-06-29 14:00:00	2232746	1612211	3844957	0.72
2023-06-29 14:30:00	2357563	1760998	4118561	0.75
2023-06-29 15:00:00	2602779	2183444	4786223	0.84
2023-06-29 15:15:00	2648466	2242711	4891177	0.85
2023-06-28 09:00:00	374578	254238	628816	0.68
2023-06-28 09:30:00	678017	452937	1130954	0.67
2023-06-28 10:00:00	962273	647945	1610218	0.67
2023-06-28 10:30:00	1199868	787595	1987463	0.66
2023-06-28 11:00:00	1377718	890546	2268264	0.65
2023-06-28 11:30:00	1631618	1038136	2669754	0.64
2023-06-28 12:00:00	1892693	1180001	3072694	0.62
2023-06-28 12:30:00	2047740	1278582	3326322	0.62
2023-06-28 13:00:00	2194870	1368823	3563693	0.62
2023-06-28 13:30:00	2304888	1457748	3762636	0.63
2023-06-28 14:00:00	2411499	1541826	3953325	0.64
2023-06-28 14:30:00	2557277	1688378	4245655	0.66
2023-06-28 15:00:00	2790117	2197812	4987929	0.79
2023-06-28 15:15:00	2829733	2288906	5118639	0.81
2023-06-27 09:00:00	409373	262415	671788	0.64
2023-06-27 09:30:00	663824	442322	1106146	0.67
2023-06-27 10:00:00	924827	622503	1547330	0.67
2023-06-27 10:30:00	1093703	761570	1855273	0.7
2023-06-27 11:00:00	1318124	908952	2227076	0.69
2023-06-27 11:30:00	1482221	1044604	2526825	0.7
2023-06-27 12:00:00	1693608	1220439	2914047	0.72
2023-06-27 12:30:00	1825691	1369617	3195308	0.75
2023-06-27 13:00:00	1994266	1510426	3504692	0.76
2023-06-27 13:30:00	2172898	1800084	3972982	0.83
2023-06-27 14:00:00	2297875	1927134	4225009	0.84
2023-06-27 14:30:00	2452981	2054728	4507709	0.84
2023-06-27 15:00:00	2696935	2342064	5038999	0.87
2023-06-27 15:15:00	2755093	2490030	5245123	0.9
2023-06-26 09:00:00	400988	267828	668816	0.67
2023-06-26 09:30:00	635330	426572	1061902	0.67
2023-06-26 10:00:00	896209	640077	1536286	0.71
2023-06-26 10:30:00	1101496	807219	1908715	0.73
2023-06-26 11:00:00	1250161	938142	2188303	0.75
2023-06-26 11:30:00	1439813	1100528	2540341	0.76
2023-06-26 12:00:00	1591968	1249284	2841252	0.78
2023-06-26 12:30:00	1702855	1370452	3073307	0.8
2023-06-26 13:00:00	1802928	1473973	3276901	0.82
2023-06-26 13:30:00	1913457	1556288	3469745	0.81
2023-06-26 14:00:00	2043820	1682881	3726701	0.82
2023-06-26 14:30:00	2267402	1847211	4114613	0.81
2023-06-26 15:00:00	2543732	2146303	4690035	0.84
2023-06-26 15:15:00	2619410	2229180	4848590	0.85
2023-06-23 09:00:00	658720	582753	1241473	0.88
2023-06-23 09:30:00	1064640	903069	1967709	0.85
2023-06-23 10:00:00	1405760	1167775	2573535	0.83
2023-06-23 10:30:00	1638805	1363086	3001891	0.83
2023-06-23 11:00:00	1891263	1599282	3490545	0.85
2023-06-23 11:30:00	2131887	1798051	3929938	0.84
2023-06-23 12:00:00	2339266	1963289	4302555	0.84
2023-06-23 12:30:00	2620507	2134173	4754680	0.81
2023-06-23 13:00:00	2807789	2335073	5142862	0.83
2023-06-23 13:30:00	3001238	2526525	5527763	0.84
2023-06-23 14:00:00	3265189	2796889	6062078	0.86
2023-06-23 14:30:00	3598535	3073100	6671635	0.85
2023-06-23 15:00:00	3960556	3444522	7405078	0.87
2023-06-23 15:15:00	4012517	3517480	7529997	0.88
2023-06-22 09:00:00	542634	370234	912868	0.68
2023-06-22 09:30:00	830918	662472	1493390	0.8
2023-06-22 10:00:00	1194611	965942	2160553	0.81
2023-06-22 10:30:00	1416510	1093710	2510220	0.77
2023-06-22 11:00:00	1640573	1268507	2909080	0.77
2023-06-22 11:30:00	1827068	1367942	3195010	0.75
2023-06-22 12:00:00	2024693	1474816	3499509	0.73
2023-06-22 12:30:00	2212128	1609060	3821188	0.73
2023-06-22 13:00:00	2340298	1713647	4053945	0.73
2023-06-22 13:30:00	2469463	1817906	4287369	0.74
2023-06-22 14:00:00	2635824	1943041	4578865	0.74
2023-06-22 14:30:00	2801748	2074353	4876101	0.74
2023-06-22 15:00:00	3115325	2394773	5510098	0.77
2023-06-22 15:15:00	3160116	2455740	5615856	0.78
2023-06-21 09:00:00	532308	524747	1057055	0.99
2023-06-21 09:30:00	891330	797049	1688379	0.89
2023-06-21 10:00:00	1160801	1018046	2178847	0.88
2023-06-21 10:30:00	1432160	1231785	2663945	0.86
2023-06-21 11:00:00	1630692	1423499	3054191	0.87
2023-06-21 11:30:00	1803332	1551286	3354618	0.86
2023-06-21 12:00:00	1962693	1676260	3638953	0.85
2023-06-21 12:30:00	2095986	1825941	3921927	0.87
2023-06-21 13:00:00	2253106	1925748	4178854	0.85
2023-06-21 13:30:00	2428620	2045030	4473650	0.84
2023-06-21 14:00:00	2625800	2194539	4820339	0.84
2023-06-21 14:30:00	2773878	2347984	5121862	0.85
2023-06-21 15:00:00	3035454	2737511	5772965	0.9
2023-06-21 15:15:00	3089198	2817703	5906901	0.91
2023-06-20 09:00:00	610450	421219	1031669	0.69
2023-06-20 09:30:00	977477	768277	1745754	0.79
2023-06-20 10:00:00	1308876	1097116	2405992	0.84
2023-06-20 10:30:00	1588784	1304580	2893364	0.82
2023-06-20 11:00:00	1867411	1481932	3349343	0.79
2023-06-20 11:30:00	2161188	1636591	3797779	0.76
2023-06-20 12:00:00	2437794	1841418	4279212	0.76
2023-06-20 12:30:00	2612594	2021831	4634425	0.77
2023-06-20 13:00:00	2822936	2180844	5003780	0.77
2023-06-20 13:30:00	2977296	2333273	5310569	0.78
2023-06-20 14:00:00	3179527	2464568	5644095	0.78
2023-06-20 14:30:00	3354420	2642784	5997204	0.79
2023-06-20 15:00:00	3623862	2961026	6584888	0.82
2023-06-20 15:15:00	3677562	3044371	6721933	0.83
2023-06-16 09:00:00	846927	696959	1543886	0.82
2023-06-16 09:30:00	1391542	1049083	2440625	0.75
2023-06-16 10:00:00	1773836	1355296	3129132	0.76
2023-06-16 10:30:00	2189969	1663080	3853049	0.76
2023-06-16 11:00:00	2491593	1955269	4446862	0.78
2023-06-16 11:30:00	2724215	2191338	4915553	0.8
2023-06-16 12:00:00	3034438	2403073	5437511	0.79
2023-06-16 12:30:00	3293369	2583977	5877346	0.78
2023-06-16 13:00:00	3501517	2753295	6254812	0.79
2023-06-16 13:30:00	3777189	2979296	6756485	0.79
2023-06-16 14:00:00	4064829	3249275	7314104	0.8
2023-06-16 14:30:00	4414048	3621696	8035744	0.82
2023-06-16 15:00:00	4935380	4087359	9022739	0.83
2023-06-16 15:15:00	4996065	4211732	9207797	0.84
2023-06-15 09:00:00	507271	393962	901233	0.78
2023-06-15 09:30:00	980253	711433	1691686	0.73
2023-06-15 10:00:00	1332477	953885	2286362	0.72
2023-06-15 10:30:00	1696180	1251331	2947511	0.74
2023-06-15 11:00:00	1996659	1451483	3448142	0.73
2023-06-15 11:30:00	2287385	1623828	3911213	0.71
2023-06-15 12:00:00	2544430	1839517	4383947	0.72
2023-06-15 12:30:00	2730498	2008681	4739179	0.74
2023-06-15 13:00:00	2950842	2190173	5141015	0.74
2023-06-15 13:30:00	3159050	2359490	5518540	0.75
2023-06-15 14:00:00	3436634	2586826	6023460	0.75
2023-06-15 14:30:00	3744712	2844693	6589405	0.76
2023-06-15 15:00:00	4211679	3636565	7848244	0.86
2023-06-15 15:15:00	4272055	3754056	8026111	0.88
2023-06-14 09:00:00	504833	354179	859012	0.7
2023-06-14 09:30:00	793540	549737	1343277	0.69
2023-06-14 10:00:00	1034136	710842	1744978	0.69
2023-06-14 10:30:00	1332298	923024	2255322	0.69
2023-06-14 11:00:00	1534254	1083911	2618165	0.71
2023-06-14 11:30:00	1722732	1204634	2927366	0.7
2023-06-14 12:00:00	1884828	1336450	3221278	0.71
2023-06-14 12:30:00	2087062	1512285	3599347	0.72
2023-06-14 13:00:00	2260409	1633248	3893657	0.72
2023-06-14 13:30:00	2649879	1902122	4552001	0.72
2023-06-14 14:00:00	2891941	2366991	5258932	0.82
2023-06-14 14:30:00	3177796	3301784	6479580	1.04
2023-06-14 15:00:00	3550251	3655475	7205726	1.03
2023-06-14 15:15:00	3649331	3791969	7441300	1.04
2023-06-13 09:00:00	685932	477009	1162941	0.7
2023-06-13 09:30:00	1212759	786470	1999229	0.65
2023-06-13 10:00:00	1495953	967702	2463655	0.65
2023-06-13 10:30:00	1833833	1165058	2998891	0.64
2023-06-13 11:00:00	2096434	1361725	3458159	0.65
2023-06-13 11:30:00	2319408	1514767	3834175	0.65
2023-06-13 12:00:00	2528029	1668295	4196324	0.66
2023-06-13 12:30:00	2775022	1838689	4613711	0.66
2023-06-13 13:00:00	2940492	1949363	4889855	0.66
2023-06-13 13:30:00	3110203	2100000	5210203	0.68
2023-06-13 14:00:00	3319465	2247828	5567293	0.68
2023-06-13 14:30:00	3490519	2415064	5905583	0.69
2023-06-13 15:00:00	3738226	2844176	6582402	0.76
2023-06-13 15:15:00	3784639	2920884	6705523	0.77
2023-06-12 09:00:00	439605	324606	764211	0.74
2023-06-12 09:30:00	760667	544341	1305008	0.72
2023-06-12 10:00:00	1001953	733112	1735065	0.73
2023-06-12 10:30:00	1222087	928369	2150456	0.76
2023-06-12 11:00:00	1488111	1092412	2580523	0.73
2023-06-12 11:30:00	1651283	1215848	2867131	0.74
2023-06-12 12:00:00	1824894	1324541	3149435	0.73
2023-06-12 12:30:00	2004328	1450881	3455209	0.72
2023-06-12 13:00:00	2182513	1618393	3800906	0.74
2023-06-12 13:30:00	2315508	1760767	4076275	0.76
2023-06-12 14:00:00	2578405	1903364	4481769	0.74
2023-06-12 14:30:00	2864973	2215476	5080449	0.77
2023-06-12 15:00:00	3306627	2730591	6037218	0.83
2023-06-12 15:15:00	3405633	2963642	6369275	0.87
2023-06-09 09:00:00	798158	554434	1352592	0.69
2023-06-09 09:30:00	1373468	970939	2344407	0.71
2023-06-09 10:00:00	1915211	1436935	3352146	0.75
2023-06-09 10:30:00	2333185	1785562	4118747	0.77
2023-06-09 11:00:00	2679595	2067304	4746899	0.77
2023-06-09 11:30:00	3014535	2329236	5343771	0.77
2023-06-09 12:00:00	3267204	2490451	5757655	0.76
2023-06-09 12:30:00	3480801	2640339	6121140	0.76
2023-06-09 13:00:00	3699753	2834587	6534340	0.77
2023-06-09 13:30:00	3908180	3199038	7107218	0.82
2023-06-09 14:00:00	4151581	3470553	7622134	0.84
2023-06-09 14:30:00	4403192	3675767	8078959	0.83
2023-06-09 15:00:00	4748181	4027397	8775578	0.85
2023-06-09 15:15:00	4821927	4145490	8967417	0.86
2023-06-08 09:00:00	544118	295037	839155	0.54
2023-06-08 09:30:00	890783	501581	1392364	0.56
2023-06-08 10:00:00	1192632	756274	1948906	0.63
2023-06-08 10:30:00	1481617	1072112	2553729	0.72
2023-06-08 11:00:00	1786965	1291139	3078104	0.72
2023-06-08 11:30:00	2000609	1452538	3453147	0.73
2023-06-08 12:00:00	2230895	1602334	3833229	0.72
2023-06-08 12:30:00	2381078	1763942	4145020	0.74
2023-06-08 13:00:00	2579528	1907444	4486972	0.74
2023-06-08 13:30:00	2728990	2022499	4751489	0.74
2023-06-08 14:00:00	2911485	2168674	5080159	0.74
2023-06-08 14:30:00	3081252	2348240	5429492	0.76
2023-06-08 15:00:00	3410962	2822011	6232973	0.83
2023-06-08 15:15:00	3486435	2944969	6431404	0.84
2023-06-07 09:00:00	640176	363957	1004133	0.57
2023-06-07 09:30:00	1040109	691915	1732024	0.67
2023-06-07 10:00:00	1462113	985260	2447373	0.67
2023-06-07 10:30:00	1795128	1186719	2981847	0.66
2023-06-07 11:00:00	2037622	1425247	3462869	0.7
2023-06-07 11:30:00	2242397	1586751	3829148	0.71
2023-06-07 12:00:00	2402951	1735054	4138005	0.72
2023-06-07 12:30:00	2656851	1879604	4536455	0.71
2023-06-07 13:00:00	2833776	2016249	4850025	0.71
2023-06-07 13:30:00	2969700	2125075	5094775	0.72
2023-06-07 14:00:00	3151427	2270243	5421670	0.72
2023-06-07 14:30:00	3330229	2420986	5751215	0.73
2023-06-07 15:00:00	3659981	3175666	6835647	0.87
2023-06-07 15:15:00	3711804	3289944	7001748	0.89
2023-06-06 09:00:00	372250	302567	674817	0.81
2023-06-06 09:30:00	718023	571134	1289157	0.8
2023-06-06 10:00:00	1032268	861338	1893606	0.83
2023-06-06 10:30:00	1373237	1047821	2421058	0.76
2023-06-06 11:00:00	1581231	1231482	2812713	0.78
2023-06-06 11:30:00	1824654	1389101	3213755	0.76
2023-06-06 12:00:00	2012013	1564875	3576888	0.78
2023-06-06 12:30:00	2188356	1713636	3901992	0.78
2023-06-06 13:00:00	2309377	1847571	4156948	0.8
2023-06-06 13:30:00	2477683	1980130	4457813	0.8
2023-06-06 14:00:00	2629157	2111739	4740896	0.8
2023-06-06 14:30:00	2870293	2346353	5216646	0.82
2023-06-06 15:00:00	3218038	2838049	6056087	0.88
2023-06-06 15:15:00	3273022	2950605	6223627	0.9
2023-06-05 09:00:00	468243	310157	778400	0.66
2023-06-05 09:30:00	793084	561870	1354954	0.71
2023-06-05 10:00:00	1035966	781858	1817824	0.75
2023-06-05 10:30:00	1213426	951834	2165260	0.78
2023-06-05 11:00:00	1421258	1098522	2519780	0.77
2023-06-05 11:30:00	1594977	1211048	2806025	0.76
2023-06-05 12:00:00	1789315	1315116	3104431	0.73
2023-06-05 12:30:00	2002697	1430316	3433013	0.71
2023-06-05 13:00:00	2142540	1556342	3698882	0.73
2023-06-05 13:30:00	2271716	1690677	3962393	0.74
2023-06-05 14:00:00	2478024	1923616	4401640	0.78
2023-06-05 14:30:00	2635636	2082148	4717784	0.79
2023-06-05 15:00:00	2845084	2626713	5471797	0.92
2023-06-05 15:15:00	2886760	2778466	5665226	0.96
2023-06-02 09:00:00	855390	661116	1516506	0.77
2023-06-02 09:30:00	1617322	1045753	2663075	0.65
2023-06-02 10:00:00	2113311	1412454	3525765	0.67
2023-06-02 10:30:00	2590074	1801147	4391221	0.7
2023-06-02 11:00:00	3088422	2091882	5180304	0.68
2023-06-02 11:30:00	3527085	2371107	5898192	0.67
2023-06-02 12:00:00	3907813	2595413	6503226	0.66
2023-06-02 12:30:00	4220698	2808438	7029136	0.67
2023-06-02 13:00:00	4477895	3028921	7506816	0.68
2023-06-02 13:30:00	4736146	3249604	7985750	0.69
2023-06-02 14:00:00	5038943	3445710	8484653	0.68
2023-06-02 14:30:00	5418262	3903790	9322052	0.72
2023-06-02 15:00:00	5870871	4326377	10197248	0.74
2023-06-02 15:15:00	5949045	4504267	10453312	0.76
2023-06-01 09:00:00	439834	293290	733124	0.67
2023-06-01 09:30:00	879551	596154	1475705	0.68
2023-06-01 10:00:00	1235719	857365	2093084	0.69
2023-06-01 10:30:00	1507925	1122688	2630613	0.74
2023-06-01 11:00:00	1814085	1317229	3131314	0.73
2023-06-01 11:30:00	2073670	1579419	3653089	0.76
2023-06-01 12:00:00	2288693	1727467	4016160	0.75
2023-06-01 12:30:00	2471615	1853899	4325514	0.75
2023-06-01 13:00:00	2721345	2011031	4732376	0.74
2023-06-01 13:30:00	2949650	2181913	5131563	0.74
2023-06-01 14:00:00	3103766	2333913	5437679	0.75
2023-06-01 14:30:00	3326790	2575455	5902245	0.77
2023-06-01 15:00:00	3587885	3019862	6607747	0.84
2023-06-01 15:15:00	3644497	3087321	6731818	0.85
2023-05-31 09:00:00	346829	256651	603480	0.74
2023-05-31 09:30:00	624378	565874	1190252	0.91
2023-05-31 10:00:00	860477	826939	1687416	0.96
2023-05-31 10:30:00	1030231	960122	1990353	0.93
2023-05-31 11:00:00	1178140	1073188	2251328	0.91
2023-05-31 11:30:00	1302702	1157512	2460214	0.89
2023-05-31 12:00:00	1428178	1283225	2711403	0.9
2023-05-31 12:30:00	1531501	1388458	2919959	0.91
2023-05-31 13:00:00	1663860	1511117	3174977	0.91
2023-05-31 13:30:00	1789404	1619033	3408437	0.9
2023-05-31 14:00:00	1909810	1721340	3631150	0.9
2023-05-31 14:30:00	2047435	2150764	4198199	1.05
2023-05-31 15:00:00	2312747	2445982	4758729	1.06
2023-05-31 15:15:00	2387483	2536109	4923592	1.06
2023-05-30 09:00:00	733840	570226	1304066	0.78
2023-05-30 09:30:00	1232611	949214	2181825	0.77
2023-05-30 10:00:00	1483256	1184716	2667972	0.8
2023-05-30 10:30:00	1729515	1422641	3152156	0.82
2023-05-30 11:00:00	1953991	1582551	3536542	0.81
2023-05-30 11:30:00	2114882	1743796	3858678	0.82
2023-05-30 12:00:00	2316294	1904930	4221224	0.82
2023-05-30 12:30:00	2465862	2059488	4525350	0.84
2023-05-30 13:00:00	2661617	2258731	4920348	0.85
2023-05-30 13:30:00	2917172	2489745	5406917	0.85
2023-05-30 14:00:00	3168165	2730437	5898602	0.86
2023-05-30 14:30:00	3371945	2953333	6325278	0.88
2023-05-30 15:00:00	3674580	3237805	6912385	0.88
2023-05-30 15:15:00	3715308	3313123	7028431	0.89
2023-05-26 09:00:00	560532	402439	962971	0.72
2023-05-26 09:30:00	994736	824543	1819279	0.83
2023-05-26 10:00:00	1479339	1198928	2678267	0.81
2023-05-26 10:30:00	1784439	1491920	3276359	0.84
2023-05-26 11:00:00	2068710	1721401	3790111	0.83
2023-05-26 11:30:00	2288483	1902280	4190763	0.83
2023-05-26 12:00:00	2516638	2095296	4611934	0.83
2023-05-26 12:30:00	2741987	2252829	4994816	0.82
2023-05-26 13:00:00	2921010	2411913	5332923	0.83
2023-05-26 13:30:00	3128001	2591949	5719950	0.83
2023-05-26 14:00:00	3370641	2827622	6198263	0.84
2023-05-26 14:30:00	3704647	3098691	6803338	0.84
2023-05-26 15:00:00	4126943	3581103	7708046	0.87
2023-05-26 15:15:00	4186491	3693640	7880131	0.88
2023-05-25 09:00:00	490245	323267	813512	0.66
2023-05-25 09:30:00	764384	550835	1315219	0.72
2023-05-25 10:00:00	1001195	712326	1713521	0.71
2023-05-25 10:30:00	1198877	872653	2071530	0.73
2023-05-25 11:00:00	1383682	1007290	2390972	0.73
2023-05-25 11:30:00	1564339	1147692	2712031	0.73
2023-05-25 12:00:00	1716986	1267457	2984443	0.74
2023-05-25 12:30:00	1850596	1390994	3241590	0.75
2023-05-25 13:00:00	1953856	1567162	3521018	0.8
2023-05-25 13:30:00	2105127	1696421	3801548	0.81
2023-05-25 14:00:00	2248496	1804449	4052945	0.8
2023-05-25 14:30:00	2394392	1935892	4330284	0.81
2023-05-25 15:00:00	2622743	2253487	4876230	0.86
2023-05-25 15:15:00	2669260	2384199	5053459	0.89
2023-05-24 09:00:00	436146	387810	823956	0.89
2023-05-24 09:30:00	740766	753211	1493977	1.02
2023-05-24 10:00:00	1003828	930046	1933874	0.93
2023-05-24 10:30:00	1249785	1199623	2449408	0.96
2023-05-24 11:00:00	1370423	1335669	2706092	0.97
2023-05-24 11:30:00	1572758	1502847	3075605	0.96
2023-05-24 12:00:00	1693795	1607668	3301463	0.95
2023-05-24 12:30:00	1803886	1704827	3508713	0.95
2023-05-24 13:00:00	1929179	1842077	3771256	0.95
2023-05-24 13:30:00	2040342	1960587	4000929	0.96
2023-05-24 14:00:00	2147230	2069300	4216530	0.96
2023-05-24 14:30:00	2325334	2269461	4594795	0.98
2023-05-24 15:00:00	2576823	2662903	5239726	1.03
2023-05-24 15:15:00	2621683	2828892	5450575	1.08
2023-05-23 09:00:00	366574	269961	636535	0.74
2023-05-23 09:30:00	599065	459928	1058993	0.77
2023-05-23 10:00:00	835343	627421	1462764	0.75
2023-05-23 10:30:00	994391	740505	1734896	0.74
2023-05-23 11:00:00	1140236	881718	2021954	0.77
2023-05-23 11:30:00	1271863	988944	2260807	0.78
2023-05-23 12:00:00	1481088	1184956	2666044	0.8
2023-05-23 12:30:00	1612388	1308231	2920619	0.81
2023-05-23 13:00:00	1813700	1503476	3317176	0.83
2023-05-23 13:30:00	1995015	1685252	3680267	0.84
2023-05-23 14:00:00	2165101	1871591	4036692	0.86
2023-05-23 14:30:00	2382205	2032244	4414449	0.85
2023-05-23 15:00:00	2604338	2383842	4988180	0.92
2023-05-23 15:15:00	2666768	2517418	5184186	0.94
2023-05-22 09:00:00	374985	325966	700951	0.87
2023-05-22 09:30:00	971108	571547	1542655	0.59
2023-05-22 10:00:00	1190539	762676	1953215	0.64
2023-05-22 10:30:00	1386679	894005	2280684	0.64
2023-05-22 11:00:00	1564792	1029748	2594540	0.66
2023-05-22 11:30:00	1694266	1138877	2833143	0.67
2023-05-22 12:00:00	1891488	1259317	3150805	0.67
2023-05-22 12:30:00	2029421	1388945	3418366	0.68
2023-05-22 13:00:00	2146283	1510039	3656322	0.7
2023-05-22 13:30:00	2356168	1629655	3985823	0.69
2023-05-22 14:00:00	2552021	1817152	4369173	0.71
2023-05-22 14:30:00	2693516	2017885	4711401	0.75
2023-05-22 15:00:00	2939237	2305174	5244411	0.78
2023-05-22 15:15:00	2987051	2393224	5380275	0.8
2023-05-19 09:00:00	582793	414509	997302	0.71
2023-05-19 09:30:00	984880	736070	1720950	0.75
2023-05-19 10:00:00	1293566	1058355	2351921	0.82
2023-05-19 10:30:00	1652635	1403931	3056566	0.85
2023-05-19 11:00:00	2029321	1885442	3914763	0.93
2023-05-19 11:30:00	2497917	2161599	4659516	0.87
2023-05-19 12:00:00	2778141	2418019	5196160	0.87
2023-05-19 12:30:00	2958445	2574279	5532724	0.87
2023-05-19 13:00:00	3151647	2756994	5908641	0.87
2023-05-19 13:30:00	3372368	2970792	6343160	0.88
2023-05-19 14:00:00	3577044	3171855	6748899	0.89
2023-05-19 14:30:00	3818760	3444822	7263582	0.9
2023-05-19 15:00:00	4134269	3778339	7912608	0.91
2023-05-19 15:15:00	4184488	3901737	8086225	0.93
2023-05-18 09:00:00	455835	356063	811898	0.78
2023-05-18 09:30:00	1326539	666507	1993046	0.5
2023-05-18 10:00:00	1650308	1005153	2655461	0.61
2023-05-18 10:30:00	2034241	1242946	3277187	0.61
2023-05-18 11:00:00	2276044	1400850	3676894	0.62
2023-05-18 11:30:00	2461157	1581088	4042245	0.64
2023-05-18 12:00:00	2637438	1708799	4346237	0.65
2023-05-18 12:30:00	2812612	1884389	4697001	0.67
2023-05-18 13:00:00	2950053	2024131	4974184	0.69
2023-05-18 13:30:00	3074831	2157747	5232578	0.7
2023-05-18 14:00:00	3209871	2325150	5535021	0.72
2023-05-18 14:30:00	3452123	2650517	6102640	0.77
2023-05-18 15:00:00	3825154	3033284	6858438	0.79
2023-05-18 15:15:00	3915028	3136485	7051513	0.8
2023-05-17 09:00:00	410006	395956	805962	0.97
2023-05-17 09:30:00	662646	596517	1259163	0.9
2023-05-17 10:00:00	863653	770067	1633720	0.89
2023-05-17 10:30:00	1168279	939965	2108244	0.8
2023-05-17 11:00:00	1373363	1075923	2449286	0.78
2023-05-17 11:30:00	1473046	1212355	2685401	0.82
2023-05-17 12:00:00	1770743	1525749	3296492	0.86
2023-05-17 12:30:00	2026477	1757978	3784455	0.87
2023-05-17 13:00:00	2248120	1959025	4207145	0.87
2023-05-17 13:30:00	2425961	2113636	4539597	0.87
2023-05-17 14:00:00	2571513	2274164	4845677	0.88
2023-05-17 14:30:00	2799933	2505664	5305597	0.89
2023-05-17 15:00:00	3054364	2928601	5982965	0.96
2023-05-17 15:15:00	3102479	3080989	6183468	0.99
2023-05-16 09:00:00	367375	305366	672741	0.83
2023-05-16 09:30:00	623190	554341	1177531	0.89
2023-05-16 10:00:00	848812	754305	1603117	0.89
2023-05-16 10:30:00	1049797	905239	1955036	0.86
2023-05-16 11:00:00	1290877	1095111	2385988	0.85
2023-05-16 11:30:00	1458973	1227844	2686817	0.84
2023-05-16 12:00:00	1629975	1342583	2972558	0.82
2023-05-16 12:30:00	1747618	1427221	3174839	0.82
2023-05-16 13:00:00	2064140	1534471	3598611	0.74
2023-05-16 13:30:00	2185104	1701122	3886226	0.78
2023-05-16 14:00:00	2322037	1835449	4157486	0.79
2023-05-16 14:30:00	2487541	1986745	4474286	0.8
2023-05-16 15:00:00	2711322	2308401	5019723	0.85
2023-05-16 15:15:00	2780410	2442318	5222728	0.88
2023-05-15 09:00:00	361829	306102	667931	0.85
2023-05-15 09:30:00	606170	511894	1118064	0.84
2023-05-15 10:00:00	797599	685985	1483584	0.86
2023-05-15 10:30:00	977540	819072	1796612	0.84
2023-05-15 11:00:00	1119570	982011	2101581	0.88
2023-05-15 11:30:00	1265855	1142119	2407974	0.9
2023-05-15 12:00:00	1430718	1259575	2690293	0.88
2023-05-15 12:30:00	1675397	1420242	3095639	0.85
2023-05-15 13:00:00	1850586	1574671	3425257	0.85
2023-05-15 13:30:00	2026451	1682835	3709286	0.83
2023-05-15 14:00:00	2140647	1795011	3935658	0.84
2023-05-15 14:30:00	2272382	2006027	4278409	0.88
2023-05-15 15:00:00	2526587	2274784	4801371	0.9
2023-05-15 15:15:00	2578077	2348293	4926370	0.91
2023-05-12 09:00:00	477821	450325	928146	0.94
2023-05-12 09:30:00	882684	807341	1690025	0.91
2023-05-12 10:00:00	1243414	1073299	2316713	0.86
2023-05-12 10:30:00	1510419	1317461	2827880	0.87
2023-05-12 11:00:00	1763954	1576658	3340612	0.89
2023-05-12 11:30:00	2076533	1820240	3896773	0.88
2023-05-12 12:00:00	2323591	2067029	4390620	0.89
2023-05-12 12:30:00	2607355	2280249	4887604	0.87
2023-05-12 13:00:00	2860195	2508350	5368545	0.88
2023-05-12 13:30:00	3070649	2692033	5762682	0.88
2023-05-12 14:00:00	3264084	2877676	6141760	0.88
2023-05-12 14:30:00	3517768	3131553	6649321	0.89
2023-05-12 15:00:00	4009116	3625966	7635082	0.9
2023-05-12 15:15:00	4056018	3763806	7819824	0.93
2023-05-11 09:00:00	388136	348714	736850	0.9
2023-05-11 09:30:00	644080	580258	1224338	0.9
2023-05-11 10:00:00	872279	794253	1666532	0.91
2023-05-11 10:30:00	1091452	958661	2050113	0.88
2023-05-11 11:00:00	1277367	1099804	2377171	0.86
2023-05-11 11:30:00	1418714	1249497	2668211	0.88
2023-05-11 12:00:00	1658183	1347371	3005554	0.81
2023-05-11 12:30:00	1775830	1449947	3225777	0.82
2023-05-11 13:00:00	1898715	1581046	3479761	0.83
2023-05-11 13:30:00	2025039	1684482	3709521	0.83
2023-05-11 14:00:00	2225836	1854584	4080420	0.83
2023-05-11 14:30:00	2468200	2023685	4491885	0.82
2023-05-11 15:00:00	2801675	2378525	5180200	0.85
2023-05-11 15:15:00	2861065	2477147	5338212	0.87
2023-05-10 09:00:00	514302	443193	957495	0.86
2023-05-10 09:30:00	798342	698802	1497144	0.88
2023-05-10 10:00:00	1036733	906030	1942763	0.87
2023-05-10 10:30:00	1246493	1066254	2312747	0.86
2023-05-10 11:00:00	1480680	1213853	2694533	0.82
2023-05-10 11:30:00	1621980	1383563	3005543	0.85
2023-05-10 12:00:00	1752313	1495278	3247591	0.85
2023-05-10 12:30:00	1917648	1664939	3582587	0.87
2023-05-10 13:00:00	2122284	1879105	4001389	0.89
2023-05-10 13:30:00	2320622	2001817	4322439	0.86
2023-05-10 14:00:00	2470666	2143710	4614376	0.87
2023-05-10 14:30:00	2732737	2367130	5099867	0.87
2023-05-10 15:00:00	2974891	2791219	5766110	0.94
2023-05-10 15:15:00	3031612	2940971	5972583	0.97
2023-05-09 09:00:00	393046	281767	674813	0.72
2023-05-09 09:30:00	677454	458961	1136415	0.68
2023-05-09 10:00:00	843476	615023	1458499	0.73
2023-05-09 10:30:00	1011833	746777	1758610	0.74
2023-05-09 11:00:00	1105864	845376	1951240	0.76
2023-05-09 11:30:00	1206422	932671	2139093	0.77
2023-05-09 12:00:00	1307938	1029586	2337524	0.79
2023-05-09 12:30:00	1440545	1125193	2565738	0.78
2023-05-09 13:00:00	1558322	1252586	2810908	0.8
2023-05-09 13:30:00	1690668	1339422	3030090	0.79
2023-05-09 14:00:00	1804790	1465154	3269944	0.81
2023-05-09 14:30:00	1946192	1642893	3589085	0.84
2023-05-09 15:00:00	2171573	1905300	4076873	0.88
2023-05-09 15:15:00	2230662	2004883	4235545	0.9
2023-05-08 09:00:00	348440	297962	646402	0.86
2023-05-08 09:30:00	544864	495793	1040657	0.91
2023-05-08 10:00:00	727438	647539	1374977	0.89
2023-05-08 10:30:00	902605	841107	1743712	0.93
2023-05-08 11:00:00	1020667	977169	1997836	0.96
2023-05-08 11:30:00	1163209	1085026	2248235	0.93
2023-05-08 12:00:00	1289072	1170385	2459457	0.91
2023-05-08 12:30:00	1399390	1279730	2679120	0.91
2023-05-08 13:00:00	1525139	1391856	2916995	0.91
2023-05-08 13:30:00	1677298	1587267	3264565	0.95
2023-05-08 14:00:00	1796811	1724151	3520962	0.96
2023-05-08 14:30:00	1938264	1878975	3817239	0.97
2023-05-08 15:00:00	2168320	2199744	4368064	1.01
2023-05-08 15:15:00	2197148	2305508	4502656	1.05
2023-05-05 09:00:00	655543	551907	1207450	0.84
2023-05-05 09:30:00	1099996	1031554	2131550	0.94
2023-05-05 10:00:00	1413031	1348542	2761573	0.95
2023-05-05 10:30:00	1735008	1620520	3355528	0.93
2023-05-05 11:00:00	1957079	1795487	3752566	0.92
2023-05-05 11:30:00	2146876	1969866	4116742	0.92
2023-05-05 12:00:00	2353882	2162777	4516659	0.92
2023-05-05 12:30:00	2552972	2334685	4887657	0.91
2023-05-05 13:00:00	2795327	2544976	5340303	0.91
2023-05-05 13:30:00	3122571	2824835	5947406	0.9
2023-05-05 14:00:00	3490898	3103124	6594022	0.89
2023-05-05 14:30:00	3795577	3395793	7191370	0.89
2023-05-05 15:00:00	4194375	3898058	8092433	0.93
2023-05-05 15:15:00	4249049	4087934	8336983	0.96
2023-05-04 09:00:00	454526	436316	890842	0.96
2023-05-04 09:30:00	976238	787304	1763542	0.81
2023-05-04 10:00:00	1336685	1126568	2463253	0.84
2023-05-04 10:30:00	1980279	1335924	3316203	0.67
2023-05-04 11:00:00	2219733	1526685	3746418	0.69
2023-05-04 11:30:00	2448993	1776215	4225208	0.73
2023-05-04 12:00:00	2639326	1921494	4560820	0.73
2023-05-04 12:30:00	2799472	2113724	4913196	0.76
2023-05-04 13:00:00	2968077	2250271	5218348	0.76
2023-05-04 13:30:00	3127778	2367432	5495210	0.76
2023-05-04 14:00:00	3264829	2523243	5788072	0.77
2023-05-04 14:30:00	3461953	2736556	6198509	0.79
2023-05-04 15:00:00	3750335	3113438	6863773	0.83
2023-05-04 15:15:00	3791736	3235858	7027594	0.85
2023-05-03 09:00:00	297644	229003	526647	0.77
2023-05-03 09:30:00	517836	402791	920627	0.78
2023-05-03 10:00:00	667402	535847	1203249	0.8
2023-05-03 10:30:00	825737	699289	1525026	0.85
2023-05-03 11:00:00	944082	809360	1753442	0.86
2023-05-03 11:30:00	1065037	896335	1961372	0.84
2023-05-03 12:00:00	1158459	977431	2135890	0.84
2023-05-03 12:30:00	1261624	1106178	2367802	0.88
2023-05-03 13:00:00	1368075	1295378	2663453	0.95
2023-05-03 13:30:00	1516401	1444702	2961103	0.95
2023-05-03 14:00:00	1688556	1648812	3337368	0.98
2023-05-03 14:30:00	1918799	1920962	3839761	1.0
2023-05-03 15:00:00	2257446	2483906	4741352	1.1
2023-05-03 15:15:00	2310429	2685027	4995456	1.16
2023-05-02 09:00:00	414219	326532	740751	0.79
2023-05-02 09:30:00	788958	783453	1572411	0.99
2023-05-02 10:00:00	1147903	1147000	2294903	1.0
2023-05-02 10:30:00	1473455	1436789	2910244	0.98
2023-05-02 11:00:00	1732373	1678135	3410508	0.97
2023-05-02 11:30:00	1875466	1830768	3706234	0.98
2023-05-02 12:00:00	2060759	1954808	4015567	0.95
2023-05-02 12:30:00	2170683	2086832	4257515	0.96
2023-05-02 13:00:00	2308272	2185395	4493667	0.95
2023-05-02 13:30:00	2486565	2359288	4845853	0.95
2023-05-02 14:00:00	2613149	2544364	5157513	0.97
2023-05-02 14:30:00	2751493	2713032	5464525	0.99
2023-05-02 15:00:00	2950731	2961082	5911813	1.0
2023-05-02 15:15:00	2982057	3017103	5999160	1.01
2023-05-01 09:00:00	408167	309628	717795	0.76
2023-05-01 09:30:00	652243	573992	1226235	0.88
2023-05-01 10:00:00	911184	773495	1684679	0.85
2023-05-01 10:30:00	1143467	1015198	2158665	0.89
2023-05-01 11:00:00	1274142	1177722	2451864	0.92
2023-05-01 11:30:00	1401670	1283537	2685207	0.92
2023-05-01 12:00:00	1531531	1421482	2953013	0.93
2023-05-01 12:30:00	1677295	1507981	3185276	0.9
2023-05-01 13:00:00	1779550	1615007	3394557	0.91
2023-05-01 13:30:00	1903535	1717365	3620900	0.9
2023-05-01 14:00:00	2041480	1845189	3886669	0.9
2023-05-01 14:30:00	2160956	1968840	4129796	0.91
2023-05-01 15:00:00	2372511	2238761	4611272	0.94
2023-05-01 15:15:00	2409523	2342673	4752196	0.97
2023-04-28 09:00:00	499051	424477	923528	0.85
2023-04-28 09:30:00	1018140	874003	1892143	0.86
2023-04-28 10:00:00	1425511	1320653	2746164	0.93
2023-04-28 10:30:00	1688913	1561593	3250506	0.92
2023-04-28 11:00:00	1930309	1820946	3751255	0.94
2023-04-28 11:30:00	2231243	2057942	4289185	0.92
2023-04-28 12:00:00	2440974	2285342	4726316	0.94
2023-04-28 12:30:00	2621650	2469912	5091562	0.94
2023-04-28 13:00:00	2824642	2644744	5469386	0.94
2023-04-28 13:30:00	3011734	2836683	5848417	0.94
2023-04-28 14:00:00	3264509	3092715	6357224	0.95
2023-04-28 14:30:00	3575352	3407677	6983029	0.95
2023-04-28 15:00:00	3937784	3785711	7723495	0.96
2023-04-28 15:15:00	4057326	4001232	8058558	0.99
2023-04-27 09:00:00	394153	350459	744612	0.89
2023-04-27 09:30:00	661051	591792	1252843	0.9
2023-04-27 10:00:00	886700	845752	1732452	0.95
2023-04-27 10:30:00	1087057	1053612	2140669	0.97
2023-04-27 11:00:00	1272122	1193169	2465291	0.94
2023-04-27 11:30:00	1422229	1333811	2756040	0.94
2023-04-27 12:00:00	1597297	1459646	3056943	0.91
2023-04-27 12:30:00	1723963	1593566	3317529	0.92
2023-04-27 13:00:00	1910277	1755455	3665732	0.92
2023-04-27 13:30:00	2098240	1941705	4039945	0.93
2023-04-27 14:00:00	2308643	2180639	4489282	0.94
2023-04-27 14:30:00	2514219	2415103	4929322	0.96
2023-04-27 15:00:00	2862515	2752136	5614651	0.96
2023-04-27 15:15:00	2939594	2925117	5864711	1.0
2023-04-26 09:00:00	359016	331504	690520	0.92
2023-04-26 09:30:00	681913	624848	1306761	0.92
2023-04-26 10:00:00	904285	814783	1719068	0.9
2023-04-26 10:30:00	1090102	998167	2088269	0.92
2023-04-26 11:00:00	1243304	1166018	2409322	0.94
2023-04-26 11:30:00	1375738	1280742	2656480	0.93
2023-04-26 12:00:00	1479629	1390007	2869636	0.94
2023-04-26 12:30:00	1592505	1499023	3091528	0.94
2023-04-26 13:00:00	1755081	1626220	3381301	0.93
2023-04-26 13:30:00	1891992	1785994	3677986	0.94
2023-04-26 14:00:00	2047373	1940234	3987607	0.95
2023-04-26 14:30:00	2221738	2122042	4343780	0.96
2023-04-26 15:00:00	2480623	2448283	4928906	0.99
2023-04-26 15:15:00	2521583	2626238	5147821	1.04
2023-04-25 09:00:00	320807	317214	638021	0.99
2023-04-25 09:30:00	585786	586124	1171910	1.0
2023-04-25 10:00:00	815007	792710	1607717	0.97
2023-04-25 10:30:00	1052583	964088	2016671	0.92
2023-04-25 11:00:00	1199013	1112585	2311598	0.93
2023-04-25 11:30:00	1357999	1239569	2597568	0.91
2023-04-25 12:00:00	1511160	1412131	2923291	0.93
2023-04-25 12:30:00	1746638	1639660	3386298	0.94
2023-04-25 13:00:00	1916815	1844816	3761631	0.96
2023-04-25 13:30:00	2113997	2090147	4204144	0.99
2023-04-25 14:00:00	2343197	2245040	4588237	0.96
2023-04-25 14:30:00	2531208	2429339	4960547	0.96
2023-04-25 15:00:00	2810326	2771811	5582137	0.99
2023-04-25 15:15:00	2882308	2866910	5749218	0.99
2023-04-24 09:00:00	309597	261723	571320	0.85
2023-04-24 09:30:00	546411	428205	974616	0.78
2023-04-24 10:00:00	744629	656871	1401500	0.88
2023-04-24 10:30:00	908696	841023	1749719	0.93
2023-04-24 11:00:00	1038787	959745	1998532	0.92
2023-04-24 11:30:00	1160964	1123989	2284953	0.97
2023-04-24 12:00:00	1279343	1227594	2506937	0.96
2023-04-24 12:30:00	1447802	1340342	2788144	0.93
2023-04-24 13:00:00	1561031	1449172	3010203	0.93
2023-04-24 13:30:00	1676049	1550948	3226997	0.93
2023-04-24 14:00:00	1781855	1633917	3415772	0.92
2023-04-24 14:30:00	2024200	1793925	3818125	0.89
2023-04-24 15:00:00	2227459	2043783	4271242	0.92
2023-04-24 15:15:00	2279143	2120711	4399854	0.93
2023-04-21 09:00:00	458307	471303	929610	1.03
2023-04-21 09:30:00	874532	824797	1699329	0.94
2023-04-21 10:00:00	1238749	1137584	2376333	0.92
2023-04-21 10:30:00	1531649	1375986	2907635	0.9
2023-04-21 11:00:00	1727827	1563712	3291539	0.91
2023-04-21 11:30:00	2019605	1735139	3754744	0.86
2023-04-21 12:00:00	2160455	1881051	4041506	0.87
2023-04-21 12:30:00	2322229	2034946	4357175	0.88
2023-04-21 13:00:00	2538328	2232124	4770452	0.88
2023-04-21 13:30:00	2730930	2411489	5142419	0.88
2023-04-21 14:00:00	2909559	2609056	5518615	0.9
2023-04-21 14:30:00	3149650	2841972	5991622	0.9
2023-04-21 15:00:00	3474585	3172291	6646876	0.91
2023-04-21 15:15:00	3552598	3320518	6873116	0.93
2023-04-20 09:00:00	481685	411914	893599	0.86
2023-04-20 09:30:00	735086	695837	1430923	0.95
2023-04-20 10:00:00	937340	876859	1814199	0.94
2023-04-20 10:30:00	1110699	1035950	2146649	0.93
2023-04-20 11:00:00	1284994	1178327	2463321	0.92
2023-04-20 11:30:00	1584658	1328315	2912973	0.84
2023-04-20 12:00:00	1727664	1442508	3170172	0.83
2023-04-20 12:30:00	1869082	1691560	3560642	0.91
2023-04-20 13:00:00	1995372	1847483	3842855	0.93
2023-04-20 13:30:00	2123368	1988855	4112223	0.94
2023-04-20 14:00:00	2369373	2186371	4555744	0.92
2023-04-20 14:30:00	2679206	2523429	5202635	0.94
2023-04-20 15:00:00	2941357	2848005	5789362	0.97
2023-04-20 15:15:00	2991773	2968159	5959932	0.99
2023-04-19 09:00:00	481064	440506	921570	0.92
2023-04-19 09:30:00	682127	645853	1327980	0.95
2023-04-19 10:00:00	900968	822554	1723522	0.91
2023-04-19 10:30:00	1215714	1037203	2252917	0.85
2023-04-19 11:00:00	1386838	1262795	2649633	0.91
2023-04-19 11:30:00	1661261	1488137	3149398	0.9
2023-04-19 12:00:00	1834968	1647169	3482137	0.9
2023-04-19 12:30:00	1979255	1797313	3776568	0.91
2023-04-19 13:00:00	2103935	1937804	4041739	0.92
2023-04-19 13:30:00	2270311	2073095	4343406	0.91
2023-04-19 14:00:00	2373614	2234241	4607855	0.94
2023-04-19 14:30:00	2574445	2403431	4977876	0.93
2023-04-19 15:00:00	2913575	2825453	5739028	0.97
2023-04-19 15:15:00	2953838	3011234	5965072	1.02
2023-04-18 09:00:00	408519	329882	738401	0.81
2023-04-18 09:30:00	750931	645203	1396134	0.86
2023-04-18 10:00:00	968837	868149	1836986	0.9
2023-04-18 10:30:00	1158173	1021878	2180051	0.88
2023-04-18 11:00:00	1307632	1148016	2455648	0.88
2023-04-18 11:30:00	1467711	1283023	2750734	0.87
2023-04-18 12:00:00	1603433	1413852	3017285	0.88
2023-04-18 12:30:00	1726351	1530821	3257172	0.89
2023-04-18 13:00:00	1858705	1657124	3515829	0.89
2023-04-18 13:30:00	1972262	1777295	3749557	0.9
2023-04-18 14:00:00	2128981	1937020	4066001	0.91
2023-04-18 14:30:00	2361109	2099801	4460910	0.89
2023-04-18 15:00:00	2773308	2433512	5206820	0.88
2023-04-18 15:15:00	2818310	2557949	5376259	0.91
2023-04-17 09:00:00	367040	330213	697253	0.9
2023-04-17 09:30:00	585072	593335	1178407	1.01
2023-04-17 10:00:00	793826	809908	1603734	1.02
2023-04-17 10:30:00	940636	978539	1919175	1.04
2023-04-17 11:00:00	1082720	1112457	2195177	1.03
2023-04-17 11:30:00	1185922	1199161	2385083	1.01
2023-04-17 12:00:00	1309474	1329395	2638869	1.02
2023-04-17 12:30:00	1415381	1420100	2835481	1.0
2023-04-17 13:00:00	1504718	1548548	3053266	1.03
2023-04-17 13:30:00	1597678	1675996	3273674	1.05
2023-04-17 14:00:00	1730473	1833915	3564388	1.06
2023-04-17 14:30:00	1964221	1997165	3961386	1.02
2023-04-17 15:00:00	2243880	2329493	4573373	1.04
2023-04-17 15:15:00	2303433	2497933	4801366	1.08
2023-04-14 09:00:00	649982	500777	1150759	0.77
2023-04-14 09:30:00	1086358	906722	1993080	0.83
2023-04-14 10:00:00	1499165	1203755	2702920	0.8
2023-04-14 10:30:00	1739084	1413670	3152754	0.81
2023-04-14 11:00:00	1977991	1613666	3591657	0.82
2023-04-14 11:30:00	2232815	1810362	4043177	0.81
2023-04-14 12:00:00	2428804	2003845	4432649	0.83
2023-04-14 12:30:00	2622734	2195593	4818327	0.84
2023-04-14 13:00:00	2816565	2402644	5219209	0.85
2023-04-14 13:30:00	3021148	2596780	5617928	0.86
2023-04-14 14:00:00	3239134	2825725	6064859	0.87
2023-04-14 14:30:00	3517555	3118162	6635717	0.89
2023-04-14 15:00:00	3880743	3488380	7369123	0.9
2023-04-14 15:15:00	3981098	3666943	7648041	0.92
2023-04-13 09:00:00	375557	244361	619918	0.65
2023-04-13 09:30:00	876410	445930	1322340	0.51
2023-04-13 10:00:00	1114193	648203	1762396	0.58
2023-04-13 10:30:00	1328583	800697	2129280	0.6
2023-04-13 11:00:00	1480268	960656	2440924	0.65
2023-04-13 11:30:00	1619596	1098734	2718330	0.68
2023-04-13 12:00:00	1761195	1232381	2993576	0.7
2023-04-13 12:30:00	1887114	1346021	3233135	0.71
2023-04-13 13:00:00	2057876	1485416	3543292	0.72
2023-04-13 13:30:00	2252375	1680410	3932785	0.75
2023-04-13 14:00:00	2468413	1844067	4312480	0.75
2023-04-13 14:30:00	2688911	2047963	4736874	0.76
2023-04-13 15:00:00	2972772	2424628	5397400	0.82
2023-04-13 15:15:00	3016668	2626165	5642833	0.87
2023-04-12 09:00:00	385595	281582	667177	0.73
2023-04-12 09:30:00	639047	463334	1102381	0.73
2023-04-12 10:00:00	879704	696638	1576342	0.79
2023-04-12 10:30:00	1068307	910566	1978873	0.85
2023-04-12 11:00:00	1233175	1030568	2263743	0.84
2023-04-12 11:30:00	1337645	1138239	2475884	0.85
2023-04-12 12:00:00	1416696	1228982	2645678	0.87
2023-04-12 12:30:00	1516145	1309353	2825498	0.86
2023-04-12 13:00:00	1633276	1419892	3053168	0.87
2023-04-12 13:30:00	1771301	1570146	3341447	0.89
2023-04-12 14:00:00	1943654	1731024	3674678	0.89
2023-04-12 14:30:00	2176165	1902758	4078923	0.87
2023-04-12 15:00:00	2432141	2235301	4667442	0.92
2023-04-12 15:15:00	2481236	2415791	4897027	0.97
2023-04-11 09:00:00	308312	233995	542307	0.76
2023-04-11 09:30:00	553825	446170	999995	0.81
2023-04-11 10:00:00	718592	632257	1350849	0.88
2023-04-11 10:30:00	896651	754424	1651075	0.84
2023-04-11 11:00:00	1052533	845671	1898204	0.8
2023-04-11 11:30:00	1169065	969206	2138271	0.83
2023-04-11 12:00:00	1323976	1096656	2420632	0.83
2023-04-11 12:30:00	1457371	1300670	2758041	0.89
2023-04-11 13:00:00	1567559	1384548	2952107	0.88
2023-04-11 13:30:00	1684306	1505733	3190039	0.89
2023-04-11 14:00:00	1811033	1608178	3419211	0.89
2023-04-11 14:30:00	1938217	1878670	3816887	0.97
2023-04-11 15:00:00	2238523	2228689	4467212	1.0
2023-04-11 15:15:00	2282263	2342900	4625163	1.03
2023-04-10 09:00:00	373979	301363	675342	0.81
2023-04-10 09:30:00	591470	445657	1037127	0.75
2023-04-10 10:00:00	799984	587910	1387894	0.73
2023-04-10 10:30:00	918416	779618	1698034	0.85
2023-04-10 11:00:00	1043605	910098	1953703	0.87
2023-04-10 11:30:00	1143772	1027940	2171712	0.9
2023-04-10 12:00:00	1282153	1132071	2414224	0.88
2023-04-10 12:30:00	1388780	1265612	2654392	0.91
2023-04-10 13:00:00	1465282	1376227	2841509	0.94
2023-04-10 13:30:00	1570975	1460874	3031849	0.93
2023-04-10 14:00:00	1662912	1566908	3229820	0.94
2023-04-10 14:30:00	1768569	1743889	3512458	0.99
2023-04-10 15:00:00	1950690	2009770	3960460	1.03
2023-04-10 15:15:00	1984573	2169201	4153774	1.09
2023-04-06 09:00:00	388274	455516	843790	1.17
2023-04-06 09:30:00	735624	756273	1491897	1.03
2023-04-06 10:00:00	987650	975947	1963597	0.99
2023-04-06 10:30:00	1187505	1167288	2354793	0.98
2023-04-06 11:00:00	1421953	1418098	2840051	1.0
2023-04-06 11:30:00	1659202	1612427	3271629	0.97
2023-04-06 12:00:00	1977622	1846645	3824267	0.93
2023-04-06 12:30:00	2201323	2070783	4272106	0.94
2023-04-06 13:00:00	2356982	2214864	4571846	0.94
2023-04-06 13:30:00	2607646	2424866	5032512	0.93
2023-04-06 14:00:00	2790959	2604259	5395218	0.93
2023-04-06 14:30:00	2984952	2821024	5805976	0.95
2023-04-06 15:00:00	3272426	3259269	6531695	1.0
2023-04-06 15:15:00	3301145	3337732	6638877	1.01
2023-04-05 09:00:00	297208	270787	567995	0.91
2023-04-05 09:30:00	572928	510996	1083924	0.89
2023-04-05 10:00:00	786727	742699	1529426	0.94
2023-04-05 10:30:00	952742	899912	1852654	0.94
2023-04-05 11:00:00	1237422	1068587	2306009	0.86
2023-04-05 11:30:00	1376706	1192576	2569282	0.87
2023-04-05 12:00:00	1505703	1299553	2805256	0.86
2023-04-05 12:30:00	1623118	1388907	3012025	0.86
2023-04-05 13:00:00	1717010	1475878	3192888	0.86
2023-04-05 13:30:00	1812107	1582787	3394894	0.87
2023-04-05 14:00:00	1929654	1703162	3632816	0.88
2023-04-05 14:30:00	2066961	1840148	3907109	0.89
2023-04-05 15:00:00	2289288	2160901	4450189	0.94
2023-04-05 15:15:00	2331026	2229685	4560711	0.96
2023-04-04 09:00:00	353535	294836	648371	0.83
2023-04-04 09:30:00	611600	591109	1202709	0.97
2023-04-04 10:00:00	804580	835118	1639698	1.04
2023-04-04 10:30:00	1073553	1050739	2124292	0.98
2023-04-04 11:00:00	1256851	1208120	2464971	0.96
2023-04-04 11:30:00	1428975	1374000	2802975	0.96
2023-04-04 12:00:00	1546269	1498634	3044903	0.97
2023-04-04 12:30:00	1659889	1610750	3270639	0.97
2023-04-04 13:00:00	1748582	1719084	3467666	0.98
2023-04-04 13:30:00	1849837	1831826	3681663	0.99
2023-04-04 14:00:00	1993414	1940877	3934291	0.97
2023-04-04 14:30:00	2213015	2465120	4678135	1.11
2023-04-04 15:00:00	2404334	2683037	5087371	1.12
2023-04-04 15:15:00	2440341	2738072	5178413	1.12
2023-04-03 09:00:00	459777	352335	812112	0.77
2023-04-03 09:30:00	802588	564742	1367330	0.7
2023-04-03 10:00:00	1042939	853036	1895975	0.82
2023-04-03 10:30:00	1284039	1049155	2333194	0.82
2023-04-03 11:00:00	1460291	1231671	2691962	0.84
2023-04-03 11:30:00	1623223	1360190	2983413	0.84
2023-04-03 12:00:00	1718518	1480262	3198780	0.86
2023-04-03 12:30:00	1813826	1592718	3406544	0.88
2023-04-03 13:00:00	1997842	1730904	3728746	0.87
2023-04-03 13:30:00	2137400	1839994	3977394	0.86
2023-04-03 14:00:00	2287019	1979940	4266959	0.87
2023-04-03 14:30:00	2477108	2118563	4595671	0.86
2023-04-03 15:00:00	2711480	2438479	5149959	0.9
2023-04-03 15:15:00	2761751	2525120	5286871	0.91
2023-03-31 09:00:00	518743	472653	991396	0.91
2023-03-31 09:30:00	851780	788749	1640529	0.93
2023-03-31 10:00:00	1131034	1060822	2191856	0.94
2023-03-31 10:30:00	1423939	1435650	2859589	1.01
2023-03-31 11:00:00	1745266	1681674	3426940	0.96
2023-03-31 11:30:00	2006608	1946146	3952754	0.97
2023-03-31 12:00:00	2228629	2181157	4409786	0.98
2023-03-31 12:30:00	2434263	2390279	4824542	0.98
2023-03-31 13:00:00	2661009	2596695	5257704	0.98
2023-03-31 13:30:00	2895887	2840322	5736209	0.98
2023-03-31 14:00:00	3179002	3154943	6333945	0.99
2023-03-31 14:30:00	3600707	3529091	7129798	0.98
2023-03-31 15:00:00	4094131	4132839	8226970	1.01
2023-03-31 15:15:00	4275863	4438194	8714057	1.04
2023-03-30 09:00:00	449670	343432	793102	0.76
2023-03-30 09:30:00	778979	606212	1385191	0.78
2023-03-30 10:00:00	997621	817260	1814881	0.82
2023-03-30 10:30:00	1179294	1022363	2201657	0.87
2023-03-30 11:00:00	1320254	1178255	2498509	0.89
2023-03-30 11:30:00	1474198	1340039	2814237	0.91
2023-03-30 12:00:00	1625384	1480415	3105799	0.91
2023-03-30 12:30:00	1739454	1571933	3311387	0.9
2023-03-30 13:00:00	1886465	1704546	3591011	0.9
2023-03-30 13:30:00	2009153	1809460	3818613	0.9
2023-03-30 14:00:00	2145664	1948849	4094513	0.91
2023-03-30 14:30:00	2303634	2069229	4372863	0.9
2023-03-30 15:00:00	2630161	2354037	4984198	0.9
2023-03-30 15:15:00	2687835	2416451	5104286	0.9
2023-03-29 09:00:00	416315	375114	791429	0.9
2023-03-29 09:30:00	724079	659179	1383258	0.91
2023-03-29 10:00:00	918579	813223	1731802	0.89
2023-03-29 10:30:00	1094446	921550	2015996	0.84
2023-03-29 11:00:00	1250731	1041403	2292134	0.83
2023-03-29 11:30:00	1364809	1148651	2513460	0.84
2023-03-29 12:00:00	1479919	1291715	2771634	0.87
2023-03-29 12:30:00	1609847	1395512	3005359	0.87
2023-03-29 13:00:00	1721693	1512277	3233970	0.88
2023-03-29 13:30:00	1811820	1603250	3415070	0.88
2023-03-29 14:00:00	1971041	1731075	3702116	0.88
2023-03-29 14:30:00	2241275	2127561	4368836	0.95
2023-03-29 15:00:00	2488210	2378385	4866595	0.96
2023-03-29 15:15:00	2544691	2452976	4997667	0.96
2023-03-28 09:00:00	293877	254869	548746	0.87
2023-03-28 09:30:00	489889	425466	915355	0.87
2023-03-28 10:00:00	698305	600083	1298388	0.86
2023-03-28 10:30:00	838760	771043	1609803	0.92
2023-03-28 11:00:00	953078	918789	1871867	0.96
2023-03-28 11:30:00	1050134	1049623	2099757	1.0
2023-03-28 12:00:00	1167079	1157268	2324347	0.99
2023-03-28 12:30:00	1278666	1250076	2528742	0.98
2023-03-28 13:00:00	1435672	1399949	2835621	0.98
2023-03-28 13:30:00	1540091	1632545	3172636	1.06
2023-03-28 14:00:00	1648116	1780467	3428583	1.08
2023-03-28 14:30:00	1791721	1883462	3675183	1.05
2023-03-28 15:00:00	2020250	2116932	4137182	1.05
2023-03-28 15:15:00	2090173	2222109	4312282	1.06
2023-03-27 09:00:00	340679	297552	638231	0.87
2023-03-27 09:30:00	549905	495846	1045751	0.9
2023-03-27 10:00:00	732002	636748	1368750	0.87
2023-03-27 10:30:00	889348	789211	1678559	0.89
2023-03-27 11:00:00	1044599	916155	1960754	0.88
2023-03-27 11:30:00	1180750	1027084	2207834	0.87
2023-03-27 12:00:00	1291384	1138552	2429936	0.88
2023-03-27 12:30:00	1380455	1234314	2614769	0.89
2023-03-27 13:00:00	1581032	1336124	2917156	0.85
2023-03-27 13:30:00	1704505	1428701	3133206	0.84
2023-03-27 14:00:00	1855035	1575634	3430669	0.85
2023-03-27 14:30:00	2020653	1727686	3748339	0.86
2023-03-27 15:00:00	2237759	2001328	4239087	0.89
2023-03-27 15:15:00	2270727	2096257	4366984	0.92
2023-03-24 09:00:00	520250	554805	1075055	1.07
2023-03-24 09:30:00	856672	953569	1810241	1.11
2023-03-24 10:00:00	1105353	1211731	2317084	1.1
2023-03-24 10:30:00	1360457	1483270	2843727	1.09
2023-03-24 11:00:00	1617449	1727691	3345140	1.07
2023-03-24 11:30:00	1815829	1954550	3770379	1.08
2023-03-24 12:00:00	2007681	2149956	4157637	1.07
2023-03-24 12:30:00	2172710	2320895	4493605	1.07
2023-03-24 13:00:00	2344660	2512311	4856971	1.07
2023-03-24 13:30:00	2512404	2691085	5203489	1.07
2023-03-24 14:00:00	2708163	2904286	5612449	1.07
2023-03-24 14:30:00	2953900	3187217	6141117	1.08
2023-03-24 15:00:00	3284217	3578866	6863083	1.09
2023-03-24 15:15:00	3338654	3666314	7004968	1.1
2023-03-23 09:00:00	297846	271603	569449	0.91
2023-03-23 09:30:00	551301	520986	1072287	0.95
2023-03-23 10:00:00	752130	731680	1483810	0.97
2023-03-23 10:30:00	1008741	928905	1937646	0.92
2023-03-23 11:00:00	1224055	1103355	2327410	0.9
2023-03-23 11:30:00	1360861	1219415	2580276	0.9
2023-03-23 12:00:00	1492655	1409270	2901925	0.94
2023-03-23 12:30:00	1644146	1575974	3220120	0.96
2023-03-23 13:00:00	1798958	1710764	3509722	0.95
2023-03-23 13:30:00	1988681	1912653	3901334	0.96
2023-03-23 14:00:00	2268554	2195935	4464489	0.97
2023-03-23 14:30:00	2447278	2436748	4884026	1.0
2023-03-23 15:00:00	2674566	2722689	5397255	1.02
2023-03-23 15:15:00	2705989	2821613	5527602	1.04
2023-03-22 09:00:00	472164	354518	826682	0.75
2023-03-22 09:30:00	736720	552520	1289240	0.75
2023-03-22 10:00:00	989133	746350	1735483	0.75
2023-03-22 10:30:00	1156785	931326	2088111	0.81
2023-03-22 11:00:00	1339174	1024693	2363867	0.77
2023-03-22 11:30:00	1490677	1143453	2634130	0.77
2023-03-22 12:00:00	1640068	1245639	2885707	0.76
2023-03-22 12:30:00	1757003	1363983	3120986	0.78
2023-03-22 13:00:00	1892934	1459671	3352605	0.77
2023-03-22 13:30:00	2111696	1651038	3762734	0.78
2023-03-22 14:00:00	2378467	1928310	4306777	0.81
2023-03-22 14:30:00	2691486	2244803	4936289	0.83
2023-03-22 15:00:00	3018220	2594243	5612463	0.86
2023-03-22 15:15:00	3086973	2698623	5785596	0.87
2023-03-21 09:00:00	457193	433332	890525	0.95
2023-03-21 09:30:00	732236	706877	1439113	0.97
2023-03-21 10:00:00	953179	960952	1914131	1.01
2023-03-21 10:30:00	1145115	1161842	2306957	1.01
2023-03-21 11:00:00	1321517	1348888	2670405	1.02
2023-03-21 11:30:00	1473297	1455336	2928633	0.99
2023-03-21 12:00:00	1618180	1568112	3186292	0.97
2023-03-21 12:30:00	1769698	1768207	3537905	1.0
2023-03-21 13:00:00	1943048	1944026	3887074	1.0
2023-03-21 13:30:00	2142669	2085601	4228270	0.97
2023-03-21 14:00:00	2334522	2234413	4568935	0.96
2023-03-21 14:30:00	2523813	2494143	5017956	0.99
2023-03-21 15:00:00	2825830	2817750	5643580	1.0
2023-03-21 15:15:00	2884733	2924163	5808896	1.01
2023-03-20 09:00:00	506074	341818	847892	0.68
2023-03-20 09:30:00	811696	581449	1393145	0.72
2023-03-20 10:00:00	1131468	767214	1898682	0.68
2023-03-20 10:30:00	1371503	969775	2341278	0.71
2023-03-20 11:00:00	1528649	1104872	2633521	0.72
2023-03-20 11:30:00	1916263	1275440	3191703	0.67
2023-03-20 12:00:00	2060322	1375259	3435581	0.67
2023-03-20 12:30:00	2226583	1488166	3714749	0.67
2023-03-20 13:00:00	2376287	1610521	3986808	0.68
2023-03-20 13:30:00	2534310	1724813	4259123	0.68
2023-03-20 14:00:00	2654738	1867242	4521980	0.7
2023-03-20 14:30:00	2820917	2032564	4853481	0.72
2023-03-20 15:00:00	3038408	2279858	5318266	0.75
2023-03-20 15:15:00	3075796	2336784	5412580	0.76
2023-03-17 09:00:00	484301	501841	986142	1.04
2023-03-17 09:30:00	881880	880409	1762289	1.0
2023-03-17 10:00:00	1240507	1258210	2498717	1.01
2023-03-17 10:30:00	1539997	1571637	3111634	1.02
2023-03-17 11:00:00	1816850	1942207	3759057	1.07
2023-03-17 11:30:00	2047602	2153046	4200648	1.05
2023-03-17 12:00:00	2298170	2386428	4684598	1.04
2023-03-17 12:30:00	2515577	2563781	5079358	1.02
2023-03-17 13:00:00	2715733	2760136	5475869	1.02
2023-03-17 13:30:00	3030663	3033169	6063832	1.0
2023-03-17 14:00:00	3269167	3286895	6556062	1.01
2023-03-17 14:30:00	3544112	3568265	7112377	1.01
2023-03-17 15:00:00	3923331	3973437	7896768	1.01
2023-03-17 15:15:00	3980343	4051570	8031913	1.02
2023-03-16 09:00:00	358495	343803	702298	0.96
2023-03-16 09:30:00	624324	612952	1237276	0.98
2023-03-16 10:00:00	957170	902912	1860082	0.94
2023-03-16 10:30:00	1302259	1189346	2491605	0.91
2023-03-16 11:00:00	1632737	1427413	3060150	0.87
2023-03-16 11:30:00	1851178	1687619	3538797	0.91
2023-03-16 12:00:00	2046487	1886905	3933392	0.92
2023-03-16 12:30:00	2349999	2125618	4475617	0.9
2023-03-16 13:00:00	2523682	2295649	4819331	0.91
2023-03-16 13:30:00	2667646	2454878	5122524	0.92
2023-03-16 14:00:00	2822928	2645252	5468180	0.94
2023-03-16 14:30:00	3033514	2884522	5918036	0.95
2023-03-16 15:00:00	3374227	3261790	6636017	0.97
2023-03-16 15:15:00	3436125	3366885	6803010	0.98
2023-03-15 09:00:00	390696	413520	804216	1.06
2023-03-15 09:30:00	718675	683017	1401692	0.95
2023-03-15 10:00:00	995085	967951	1963036	0.97
2023-03-15 10:30:00	1329254	1189945	2519199	0.9
2023-03-15 11:00:00	1508106	1398148	2906254	0.93
2023-03-15 11:30:00	1737337	1668359	3405696	0.96
2023-03-15 12:00:00	1972653	1901910	3874563	0.96
2023-03-15 12:30:00	2156166	2095861	4252027	0.97
2023-03-15 13:00:00	2309596	2268951	4578547	0.98
2023-03-15 13:30:00	2503096	2481963	4985059	0.99
2023-03-15 14:00:00	2711001	2688292	5399293	0.99
2023-03-15 14:30:00	2938382	2871506	5809888	0.98
2023-03-15 15:00:00	3217121	3179705	6396826	0.99
2023-03-15 15:15:00	3288889	3295577	6584466	1.0
2023-03-14 09:00:00	496006	391089	887095	0.79
2023-03-14 09:30:00	744261	630916	1375177	0.85
2023-03-14 10:00:00	1072029	907218	1979247	0.85
2023-03-14 10:30:00	1312441	1156132	2468573	0.88
2023-03-14 11:00:00	1524787	1392230	2917017	0.91
2023-03-14 11:30:00	1694862	1606611	3301473	0.95
2023-03-14 12:00:00	1854866	1754211	3609077	0.95
2023-03-14 12:30:00	2015476	1963226	3978702	0.97
2023-03-14 13:00:00	2214938	2127640	4342578	0.96
2023-03-14 13:30:00	2351633	2305928	4657561	0.98
2023-03-14 14:00:00	2505618	2458950	4964568	0.98
2023-03-14 14:30:00	2718709	2702552	5421261	0.99
2023-03-14 15:00:00	2993845	3053677	6047522	1.02
2023-03-14 15:15:00	3044429	3116190	6160619	1.02
2023-03-13 09:00:00	511915	578079	1089994	1.13
2023-03-13 09:30:00	957395	909579	1866974	0.95
2023-03-13 10:00:00	1213670	1177836	2391506	0.97
2023-03-13 10:30:00	1496571	1551935	3048506	1.04
2023-03-13 11:00:00	1723829	1768621	3492450	1.03
2023-03-13 11:30:00	1882187	1989212	3871399	1.06
2023-03-13 12:00:00	2075632	2172114	4247746	1.05
2023-03-13 12:30:00	2269717	2323031	4592748	1.02
2023-03-13 13:00:00	2475724	2579738	5055462	1.04
2023-03-13 13:30:00	2652009	2749930	5401939	1.04
2023-03-13 14:00:00	2913143	2894488	5807631	0.99
2023-03-13 14:30:00	3100020	3106032	6206052	1.0
2023-03-13 15:00:00	3344992	3391412	6736404	1.01
2023-03-13 15:15:00	3402630	3485099	6887729	1.02
2023-03-10 09:00:00	621291	813520	1434811	1.31
2023-03-10 09:30:00	1204968	1324108	2529076	1.1
2023-03-10 10:00:00	1671379	1828305	3499684	1.09
2023-03-10 10:30:00	2000512	2195867	4196379	1.1
2023-03-10 11:00:00	2418063	2713892	5131955	1.12
2023-03-10 11:30:00	2679262	3012645	5691907	1.12
2023-03-10 12:00:00	2941512	3353809	6295321	1.14
2023-03-10 12:30:00	3297481	3820428	7117909	1.16
2023-03-10 13:00:00	3683873	4459161	8143034	1.21
2023-03-10 13:30:00	4126091	5015968	9142059	1.22
2023-03-10 14:00:00	4435876	5437234	9873110	1.23
2023-03-10 14:30:00	4708776	5751218	10459994	1.22
2023-03-10 15:00:00	5082097	6263192	11345289	1.23
2023-03-10 15:15:00	5187030	6464338	11651368	1.25
2023-03-09 09:00:00	382046	290209	672255	0.76
2023-03-09 09:30:00	609049	479549	1088598	0.79
2023-03-09 10:00:00	771080	643203	1414283	0.83
2023-03-09 10:30:00	922153	789484	1711637	0.86
2023-03-09 11:00:00	1072398	914442	1986840	0.85
2023-03-09 11:30:00	1224788	1105860	2330648	0.9
2023-03-09 12:00:00	1339907	1238657	2578564	0.92
2023-03-09 12:30:00	1505927	1420567	2926494	0.94
2023-03-09 13:00:00	1762161	1705738	3467899	0.97
2023-03-09 13:30:00	2057475	1954396	4011871	0.95
2023-03-09 14:00:00	2304866	2162593	4467459	0.94
2023-03-09 14:30:00	2685633	2573151	5258784	0.96
2023-03-09 15:00:00	3101475	3038470	6139945	0.98
2023-03-09 15:15:00	3187454	3152050	6339504	0.99
2023-03-08 09:00:00	354974	333270	688244	0.94
2023-03-08 09:30:00	666458	690803	1357261	1.04
2023-03-08 10:00:00	896439	901947	1798386	1.01
2023-03-08 10:30:00	1105358	1099213	2204571	0.99
2023-03-08 11:00:00	1352941	1279927	2632868	0.95
2023-03-08 11:30:00	1505651	1422514	2928165	0.94
2023-03-08 12:00:00	1653599	1623910	3277509	0.98
2023-03-08 12:30:00	1851469	1818086	3669555	0.98
2023-03-08 13:00:00	2006731	1964626	3971357	0.98
2023-03-08 13:30:00	2178994	2120586	4299580	0.97
2023-03-08 14:00:00	2411748	2380501	4792249	0.99
2023-03-08 14:30:00	2584547	2521909	5106456	0.98
2023-03-08 15:00:00	2906013	2847247	5753260	0.98
2023-03-08 15:15:00	2954513	2916241	5870754	0.99
2023-03-07 09:00:00	258930	249893	508823	0.97
2023-03-07 09:30:00	553841	547011	1100852	0.99
2023-03-07 10:00:00	813064	775140	1588204	0.95
2023-03-07 10:30:00	1453313	932880	2386193	0.64
2023-03-07 11:00:00	1621827	1072619	2694446	0.66
2023-03-07 11:30:00	1747503	1182126	2929629	0.68
2023-03-07 12:00:00	2368246	1777592	4145838	0.75
2023-03-07 12:30:00	1967732	1428891	3396623	0.73
2023-03-07 13:00:00	2132206	1691393	3823599	0.79
2023-03-07 13:30:00	2329458	1819675	4149133	0.78
2023-03-07 14:00:00	2480213	1958060	4438273	0.79
2023-03-07 14:30:00	2634048	2115756	4749804	0.8
2023-03-07 15:00:00	2834968	2350989	5185957	0.83
2023-03-07 15:15:00	2879005	2415181	5294186	0.84
2023-03-06 09:00:00	500642	482768	983410	0.96
2023-03-06 09:30:00	905591	852826	1758417	0.94
2023-03-06 10:00:00	1223854	1121456	2345310	0.92
2023-03-06 10:30:00	1493237	1340945	2834182	0.9
2023-03-06 11:00:00	1671937	1522241	3194178	0.91
2023-03-06 11:30:00	1874386	1680139	3554525	0.9
2023-03-06 12:00:00	2060558	1884619	3945177	0.91
2023-03-06 12:30:00	1688979	1488527	3177506	0.88
2023-03-06 13:00:00	1801342	1638660	3440002	0.91
2023-03-06 13:30:00	2542144	2382996	4925140	0.94
2023-03-06 14:00:00	2719273	2570419	5289692	0.95
2023-03-06 14:30:00	2904198	2807195	5711393	0.97
2023-03-06 15:00:00	3111576	3090119	6201695	0.99
2023-03-06 15:15:00	3149163	3153204	6302367	1.0
2023-03-03 09:00:00	769148	452297	1221445	0.59
2023-03-03 09:30:00	1183675	878892	2062567	0.74
2023-03-03 10:00:00	1470984	1189077	2660061	0.81
2023-03-03 10:30:00	1681858	1384020	3065878	0.82
2023-03-03 11:00:00	1906279	1595156	3501435	0.84
2023-03-03 11:30:00	2105124	1795899	3901023	0.85
2023-03-03 12:00:00	2314297	1986043	4300340	0.86
2023-03-03 12:30:00	2554680	2214052	4768732	0.87
2023-03-03 13:00:00	2703989	2386059	5090048	0.88
2023-03-03 13:30:00	2912370	2607039	5519409	0.9
2023-03-03 14:00:00	3133292	2815889	5949181	0.9
2023-03-03 14:30:00	3448063	3085031	6533094	0.89
2023-03-03 15:00:00	3836061	3453106	7289167	0.9
2023-03-03 15:15:00	3890581	3556970	7447551	0.91
2023-03-02 09:00:00	355297	334216	689513	0.94
2023-03-02 09:30:00	569422	559287	1128709	0.98
2023-03-02 10:00:00	710120	740006	1450126	1.04
2023-03-02 10:30:00	855463	875628	1731091	1.02
2023-03-02 11:00:00	1000429	1027455	2027884	1.03
2023-03-02 11:30:00	1111621	1143983	2255604	1.03
2023-03-02 12:00:00	1607934	1720213	3328147	1.07
2023-03-02 12:30:00	1336551	1361085	2697636	1.02
2023-03-02 13:00:00	1509003	1516606	3025609	1.01
2023-03-02 13:30:00	1699022	1705218	3404240	1.0
2023-03-02 14:00:00	1826374	1858973	3685347	1.02
2023-03-02 14:30:00	1976498	2063834	4040332	1.04
2023-03-02 15:00:00	2265437	2396914	4662351	1.06
2023-03-02 15:15:00	2299390	2479920	4779310	1.08
2023-03-01 09:00:00	334445	284982	619427	0.85
2023-03-01 09:30:00	801256	828444	1629700	1.03
2023-03-01 10:00:00	813792	769189	1582981	0.95
2023-03-01 10:30:00	1360939	1358080	2719019	1.0
2023-03-01 11:00:00	1156636	1103232	2259868	0.95
2023-03-01 11:30:00	1759297	1787437	3546734	1.02
2023-03-01 12:00:00	1367025	1528954	2895979	1.12
2023-03-01 12:30:00	1471802	1822806	3294608	1.24
2023-03-01 13:00:00	1564014	1926112	3490126	1.23
2023-03-01 13:30:00	1667388	2027168	3694556	1.22
2023-03-01 14:00:00	1822907	2157635	3980542	1.18
2023-03-01 14:30:00	2005162	2315233	4320395	1.15
2023-03-01 15:00:00	2246349	2547495	4793844	1.13
2023-03-01 15:15:00	2287993	2613644	4901637	1.14
2023-02-28 09:00:00	433307	417488	850795	0.96
2023-02-28 09:30:00	756313	706692	1463005	0.93
2023-02-28 10:00:00	970233	922415	1892648	0.95
2023-02-28 10:30:00	1300242	1209070	2509312	0.93
2023-02-28 11:00:00	1112014	998066	2110080	0.9
2023-02-28 11:30:00	1233689	1103719	2337408	0.89
2023-02-28 12:00:00	1358396	1247379	2605775	0.92
2023-02-28 12:30:00	1470223	1358938	2829161	0.92
2023-02-28 13:00:00	1583250	1446148	3029398	0.91
2023-02-28 13:30:00	1710186	1565118	3275304	0.92
2023-02-28 14:00:00	1820385	1731565	3551950	0.95
2023-02-28 14:30:00	1997178	1920084	3917262	0.96
2023-02-28 15:00:00	2265950	2176166	4442116	0.96
2023-02-28 15:15:00	2324965	2282480	4607445	0.98
2023-02-27 09:00:00	499340	463589	962929	0.93
2023-02-27 09:30:00	857182	847795	1704977	0.99
2023-02-27 10:00:00	1151196	1193104	2344300	1.04
2023-02-27 10:30:00	1001273	1025768	2027041	1.02
2023-02-27 11:00:00	1141266	1191988	2333254	1.04
2023-02-27 11:30:00	1236696	1304966	2541662	1.06
2023-02-27 12:00:00	1374290	1409336	2783626	1.03
2023-02-27 12:30:00	1472062	1486525	2958587	1.01
2023-02-27 13:00:00	1581789	1585402	3167191	1.0
2023-02-27 13:30:00	1698578	1722220	3420798	1.01
2023-02-27 14:00:00	1848142	1852485	3700627	1.0
2023-02-27 14:30:00	1993620	1998492	3992112	1.0
2023-02-27 15:00:00	2192505	2244683	4437188	1.02
2023-02-27 15:15:00	2265227	2333420	4598647	1.03
2023-02-24 09:00:00	536212	630583	1166795	1.18
2023-02-24 09:30:00	890398	1075411	1965809	1.21
2023-02-24 10:00:00	1180308	1352898	2533206	1.15
2023-02-24 10:30:00	1472701	1657667	3130368	1.13
2023-02-24 11:00:00	1713602	1954311	3667913	1.14
2023-02-24 11:30:00	1914509	2179495	4094004	1.14
2023-02-24 12:00:00	2091608	2370854	4462462	1.13
2023-02-24 12:30:00	2257823	2595500	4853323	1.15
2023-02-24 13:00:00	2444628	2772073	5216701	1.13
2023-02-24 13:30:00	2626989	2948489	5575478	1.12
2023-02-24 14:00:00	2856418	3155994	6012412	1.1
2023-02-24 14:30:00	3113295	3452439	6565734	1.11
2023-02-24 15:00:00	3519735	3875285	7395020	1.1
2023-02-24 15:15:00	3575026	3969188	7544214	1.11
2023-02-23 09:00:00	514063	512942	1027005	1.0
2023-02-23 09:30:00	826174	829173	1655347	1.0
2023-02-23 10:00:00	1113542	1146115	2259657	1.03
2023-02-23 10:30:00	1365478	1394285	2759763	1.02
2023-02-23 11:00:00	1624759	1663147	3287906	1.02
2023-02-23 11:30:00	1854958	1966290	3821248	1.06
2023-02-23 12:00:00	2085371	2142989	4228360	1.03
2023-02-23 12:30:00	2268512	2300927	4569439	1.01
2023-02-23 13:00:00	2470422	2487406	4957828	1.01
2023-02-23 13:30:00	2728135	2732695	5460830	1.0
2023-02-23 14:00:00	2221994	2168518	4390512	0.98
2023-02-23 14:30:00	3210850	3176253	6387103	0.99
2023-02-23 15:00:00	2667577	2673151	5340728	1.0
2023-02-23 15:15:00	3557046	3709077	7266123	1.04
2023-02-22 09:00:00	319338	273769	593107	0.86
2023-02-22 09:30:00	595455	541603	1137058	0.91
2023-02-22 10:00:00	1042761	961660	2004421	0.92
2023-02-22 10:30:00	1215044	1135162	2350206	0.93
2023-02-22 11:00:00	1343241	1280175	2623416	0.95
2023-02-22 11:30:00	1484308	1446667	2930975	0.97
2023-02-22 12:00:00	1256185	1204223	2460408	0.96
2023-02-22 12:30:00	1358708	1319652	2678360	0.97
2023-02-22 13:00:00	1462741	1585588	3048329	1.08
2023-02-22 13:30:00	1619132	1765942	3385074	1.09
2023-02-22 14:00:00	1778560	1961021	3739581	1.1
2023-02-22 14:30:00	1932429	2193608	4126037	1.14
2023-02-22 15:00:00	2150753	2461211	4611964	1.14
2023-02-22 15:15:00	2186701	2508102	4694803	1.15
2023-02-21 09:00:00	521314	539937	1061251	1.04
2023-02-21 09:30:00	982548	1018476	2001024	1.04
2023-02-21 10:00:00	1297475	1294546	2592021	1.0
2023-02-21 10:30:00	1531276	1555488	3086764	1.02
2023-02-21 11:00:00	1767602	1816616	3584218	1.03
2023-02-21 11:30:00	1542073	1552575	3094648	1.01
2023-02-21 12:00:00	1680333	1692119	3372452	1.01
2023-02-21 12:30:00	1803197	1797424	3600621	1.0
2023-02-21 13:00:00	1917113	1921950	3839063	1.0
2023-02-21 13:30:00	2041341	2123767	4165108	1.04
2023-02-21 14:00:00	2198477	2291146	4489623	1.04
2023-02-21 14:30:00	2356964	2455685	4812649	1.04
2023-02-21 15:00:00	2578275	2721214	5299489	1.06
2023-02-21 15:15:00	2633877	2789780	5423657	1.06
2023-02-17 09:00:00	651379	688002	1339381	1.06
2023-02-17 09:30:00	1003589	1116637	2120226	1.11
2023-02-17 10:00:00	1293481	1384646	2678127	1.07
2023-02-17 10:30:00	1544846	1676954	3221800	1.09
2023-02-17 11:00:00	1753641	1920975	3674616	1.1
2023-02-17 11:30:00	1941263	2093604	4034867	1.08
2023-02-17 12:00:00	2120936	2352898	4473834	1.11
2023-02-17 12:30:00	2277562	2522047	4799609	1.11
2023-02-17 13:00:00	2417537	2678397	5095934	1.11
2023-02-17 13:30:00	2630220	2892876	5523096	1.1
2023-02-17 14:00:00	2877239	3100402	5977641	1.08
2023-02-17 14:30:00	3133963	3354257	6488220	1.07
2023-02-17 15:00:00	3476191	3694008	7170199	1.06
2023-02-17 15:15:00	3526237	3781555	7307792	1.07
2023-02-16 09:00:00	578773	575455	1154228	0.99
2023-02-16 09:30:00	946283	909653	1855936	0.96
2023-02-16 10:00:00	1335137	1235225	2570362	0.93
2023-02-16 10:30:00	1732136	1439062	3171198	0.83
2023-02-16 11:00:00	1936458	1609061	3545519	0.83
2023-02-16 11:30:00	2145920	1821678	3967598	0.85
2023-02-16 12:00:00	2383412	2027077	4410489	0.85
2023-02-16 12:30:00	2562469	2179806	4742275	0.85
2023-02-16 13:00:00	2748246	2359452	5107698	0.86
2023-02-16 13:30:00	2912953	2503861	5416814	0.86
2023-02-16 14:00:00	3084556	2705309	5789865	0.88
2023-02-16 14:30:00	3642900	3120965	6763865	0.86
2023-02-16 15:00:00	4073273	3603081	7676354	0.88
2023-02-16 15:15:00	4131815	3699701	7831516	0.9
2023-02-15 09:00:00	513423	541790	1055213	1.06
2023-02-15 09:30:00	883371	815369	1698740	0.92
2023-02-15 10:00:00	1162264	1064461	2226725	0.92
2023-02-15 10:30:00	1299992	944457	2244449	0.73
2023-02-15 11:00:00	1499368	1134324	2633692	0.76
2023-02-15 11:30:00	1621929	1277421	2899350	0.79
2023-02-15 12:00:00	1772822	1402198	3175020	0.79
2023-02-15 12:30:00	1894311	1518864	3413175	0.8
2023-02-15 13:00:00	2021161	1642383	3663544	0.81
2023-02-15 13:30:00	2166593	1823050	3989643	0.84
2023-02-15 14:00:00	2298881	1985109	4283990	0.86
2023-02-15 14:30:00	2465638	2167835	4633473	0.88
2023-02-15 15:00:00	2775479	2468882	5244361	0.89
2023-02-15 15:15:00	2845407	2567816	5413223	0.9
2023-02-14 09:00:00	547155	520926	1068081	0.95
2023-02-14 09:30:00	931430	961955	1893385	1.03
2023-02-14 10:00:00	1292786	1388102	2680888	1.07
2023-02-14 10:30:00	1519212	1619413	3138625	1.07
2023-02-14 11:00:00	1817078	1859674	3676752	1.02
2023-02-14 11:30:00	1502666	1508648	3011314	1.0
2023-02-14 12:00:00	1611667	1642829	3254496	1.02
2023-02-14 12:30:00	1772398	1800091	3572489	1.02
2023-02-14 13:00:00	1925808	1919765	3845573	1.0
2023-02-14 13:30:00	2070829	2042431	4113260	0.99
2023-02-14 14:00:00	2224070	2195469	4419539	0.99
2023-02-14 14:30:00	2446211	2391792	4838003	0.98
2023-02-14 15:00:00	2825961	2626782	5452743	0.93
2023-02-14 15:15:00	2990848	2750473	5741321	0.92
2023-02-13 09:00:00	429389	407135	836524	0.95
2023-02-13 09:30:00	851635	663251	1514886	0.78
2023-02-13 10:00:00	1190127	949555	2139682	0.8
2023-02-13 10:30:00	1409862	1236981	2646843	0.88
2023-02-13 11:00:00	1649600	1450890	3100490	0.88
2023-02-13 11:30:00	1848643	1613590	3462233	0.87
2023-02-13 12:00:00	1989493	1781255	3770748	0.9
2023-02-13 12:30:00	2154492	1921977	4076469	0.89
2023-02-13 13:00:00	2342056	2127802	4469858	0.91
2023-02-13 13:30:00	2504546	2306105	4810651	0.92
2023-02-13 14:00:00	2703879	2520874	5224753	0.93
2023-02-13 14:30:00	2943599	2747482	5691081	0.93
2023-02-13 15:00:00	3329970	3071234	6401204	0.92
2023-02-13 15:15:00	3375774	3164595	6540369	0.94
2023-02-10 09:00:00	524654	548859	1073513	1.05
2023-02-10 09:30:00	943114	933111	1876225	0.99
2023-02-10 10:00:00	1372790	1296701	2669491	0.94
2023-02-10 10:30:00	1578214	1512528	3090742	0.96
2023-02-10 11:00:00	1833477	1797858	3631335	0.98
2023-02-10 11:30:00	2089319	2039005	4128324	0.98
2023-02-10 12:00:00	2296780	2281690	4578470	0.99
2023-02-10 12:30:00	2515428	2523213	5038641	1.0
2023-02-10 13:00:00	2660143	2695892	5356035	1.01
2023-02-10 13:30:00	2820865	2876378	5697243	1.02
2023-02-10 14:00:00	2996880	3071173	6068053	1.02
2023-02-10 14:30:00	3217463	3318155	6535618	1.03
2023-02-10 15:00:00	3539324	3662903	7202227	1.03
2023-02-10 15:15:00	3580318	3754221	7334539	1.05
2023-02-09 09:00:00	603086	446045	1049131	0.74
2023-02-09 09:30:00	1050982	750605	1801587	0.71
2023-02-09 10:00:00	1055169	703494	1758663	0.67
2023-02-09 10:30:00	1292739	898343	2191082	0.69
2023-02-09 11:00:00	1489622	1052422	2542044	0.71
2023-02-09 11:30:00	1720714	1217726	2938440	0.71
2023-02-09 12:00:00	1920601	1391725	3312326	0.72
2023-02-09 12:30:00	2048198	1502934	3551132	0.73
2023-02-09 13:00:00	2189723	1650005	3839728	0.75
2023-02-09 13:30:00	2356312	1828743	4185055	0.78
2023-02-09 14:00:00	2554838	1980728	4535566	0.78
2023-02-09 14:30:00	2803807	2222363	5026170	0.79
2023-02-09 15:00:00	3156647	2558842	5715489	0.81
2023-02-09 15:15:00	3197788	2625010	5822798	0.82
2023-02-08 09:00:00	527834	440627	968461	0.83
2023-02-08 09:30:00	842826	698350	1541176	0.83
2023-02-08 10:00:00	1151981	970676	2122657	0.84
2023-02-08 10:30:00	1469353	1271995	2741348	0.87
2023-02-08 11:00:00	1799942	1581788	3381730	0.88
2023-02-08 11:30:00	2048355	1741013	3789368	0.85
2023-02-08 12:00:00	1667770	1385184	3052954	0.83
2023-02-08 12:30:00	1789282	1493971	3283253	0.83
2023-02-08 13:00:00	1908853	1669136	3577989	0.87
2023-02-08 13:30:00	2027217	1789073	3816290	0.88
2023-02-08 14:00:00	2137796	1885669	4023465	0.88
2023-02-08 14:30:00	2307499	2062681	4370180	0.89
2023-02-08 15:00:00	2599970	2297973	4897943	0.88
2023-02-08 15:15:00	2669924	2391430	5061354	0.9
2023-02-07 09:00:00	394979	327187	722166	0.83
2023-02-07 09:30:00	703031	578106	1281137	0.82
2023-02-07 10:00:00	743503	606363	1349866	0.82
2023-02-07 10:30:00	907570	729970	1637540	0.8
2023-02-07 11:00:00	1061357	849594	1910951	0.8
2023-02-07 11:30:00	1187156	996233	2183389	0.84
2023-02-07 12:00:00	1845246	1574720	3419966	0.85
2023-02-07 12:30:00	1668732	1440278	3109010	0.86
2023-02-07 13:00:00	1874691	1657261	3531952	0.88
2023-02-07 13:30:00	2043983	1818892	3862875	0.89
2023-02-07 14:00:00	2194310	1965410	4159720	0.9
2023-02-07 14:30:00	2397957	2133474	4531431	0.89
2023-02-07 15:00:00	2725918	2428720	5154638	0.89
2023-02-07 15:15:00	2774623	2500022	5274645	0.9
2023-02-06 09:00:00	582393	431771	1014164	0.74
2023-02-06 09:30:00	1353560	799617	2153177	0.59
2023-02-06 10:00:00	1751636	1229848	2981484	0.7
2023-02-06 10:30:00	1989405	1468413	3457818	0.74
2023-02-06 11:00:00	2195034	1662516	3857550	0.76
2023-02-06 11:30:00	2372416	1863797	4236213	0.79
2023-02-06 12:00:00	2538298	1979219	4517517	0.78
2023-02-06 12:30:00	2680168	2128457	4808625	0.79
2023-02-06 13:00:00	2823988	2267624	5091612	0.8
2023-02-06 13:30:00	3041939	2442616	5484555	0.8
2023-02-06 14:00:00	3292791	2603690	5896481	0.79
2023-02-06 14:30:00	3496843	2804212	6301055	0.8
2023-02-06 15:00:00	2986798	2280274	5267072	0.76
2023-02-06 15:15:00	3002609	2318796	5321405	0.77
2023-02-03 09:00:00	763948	601596	1365544	0.79
2023-02-03 09:30:00	1436333	1105872	2542205	0.77
2023-02-03 10:00:00	1868915	1462499	3331414	0.78
2023-02-03 10:30:00	2164527	1693589	3858116	0.78
2023-02-03 11:00:00	2498713	1991695	4490408	0.8
2023-02-03 11:30:00	2722441	2204306	4926747	0.81
2023-02-03 12:00:00	2969750	2389427	5359177	0.8
2023-02-03 12:30:00	3257051	2695010	5952061	0.83
2023-02-03 13:00:00	3583180	3025808	6608988	0.84
2023-02-03 13:30:00	3787497	3236165	7023662	0.85
2023-02-03 14:00:00	4010605	3503369	7513974	0.87
2023-02-03 14:30:00	4334197	3812660	8146857	0.88
2023-02-03 15:00:00	4683969	4210135	8894104	0.9
2023-02-03 15:15:00	4716698	4280973	8997671	0.91
2023-02-02 09:00:00	835528	648302	1483830	0.78
2023-02-02 09:30:00	1523411	1167345	2690756	0.77
2023-02-02 10:00:00	2159961	1585510	3745471	0.73
2023-02-02 10:30:00	2606280	1946902	4553182	0.75
2023-02-02 11:00:00	2887956	2174311	5062267	0.75
2023-02-02 11:30:00	2630041	1887360	4517401	0.72
2023-02-02 12:00:00	2834309	2038849	4873158	0.72
2023-02-02 12:30:00	3177740	2251647	5429387	0.71
2023-02-02 13:00:00	4102385	3128204	7230589	0.76
2023-02-02 13:30:00	4076859	2784245	6861104	0.68
2023-02-02 14:00:00	4373313	3108200	7481513	0.71
2023-02-02 14:30:00	4605929	3321820	7927749	0.72
2023-02-02 15:00:00	4943896	3652856	8596752	0.74
2023-02-02 15:15:00	5010128	3712701	8722829	0.74
2023-02-01 09:00:00	394647	331022	725669	0.84
2023-02-01 09:30:00	655481	542050	1197531	0.83
2023-02-01 10:00:00	882869	767546	1650415	0.87
2023-02-01 10:30:00	1078347	936743	2015090	0.87
2023-02-01 11:00:00	1218697	1074888	2293585	0.88
2023-02-01 11:30:00	1392599	1200356	2592955	0.86
2023-02-01 12:00:00	1325796	1071839	2397635	0.81
2023-02-01 12:30:00	1415512	1170010	2585522	0.83
2023-02-01 13:00:00	1585605	1335149	2920754	0.84
2023-02-01 13:30:00	1753712	1484886	3238598	0.85
2023-02-01 14:00:00	2130974	1834550	3965524	0.86
2023-02-01 14:30:00	2540917	2178391	4719308	0.86
2023-02-01 15:00:00	2999105	2684523	5683628	0.9
2023-02-01 15:15:00	3102006	2826757	5928763	0.91
2023-01-31 09:00:00	439894	375027	814921	0.85
2023-01-31 09:30:00	794046	688092	1482138	0.87
2023-01-31 10:00:00	1063654	949551	2013205	0.89
2023-01-31 10:30:00	1345087	1163394	2508481	0.86
2023-01-31 11:00:00	1542751	1324894	2867645	0.86
2023-01-31 11:30:00	1747777	1475407	3223184	0.84
2023-01-31 12:00:00	1934560	1610600	3545160	0.83
2023-01-31 12:30:00	2072450	1727282	3799732	0.83
2023-01-31 13:00:00	2221100	1891769	4112869	0.85
2023-01-31 13:30:00	2418930	2115991	4534921	0.87
2023-01-31 14:00:00	2593042	2297114	4890156	0.89
2023-01-31 14:30:00	2902812	2571591	5474403	0.89
2023-01-31 15:00:00	3308365	2945405	6253770	0.89
2023-01-31 15:15:00	3370955	3076429	6447384	0.91
2023-01-27 09:00:00	636062	547049	1183111	0.86
2023-01-27 09:30:00	1123403	991578	2114981	0.88
2023-01-27 10:00:00	1638142	1401182	3039324	0.86
2023-01-27 10:30:00	1944778	1661144	3605922	0.85
2023-01-27 11:00:00	2280210	1927173	4207383	0.85
2023-01-27 11:30:00	2651020	2204179	4855199	0.83
2023-01-27 12:00:00	2974647	2445346	5419993	0.82
2023-01-27 12:30:00	3236956	2655102	5892058	0.82
2023-01-27 13:00:00	3506539	2869560	6376099	0.82
2023-01-27 13:30:00	3818267	3097466	6915733	0.81
2023-01-27 14:00:00	4152224	3373873	7526097	0.81
2023-01-27 14:30:00	4585299	3754083	8339382	0.82
2023-01-27 15:00:00	5118814	4192070	9310884	0.82
2023-01-27 15:15:00	5160986	4308402	9469388	0.83
2023-01-26 09:00:00	722130	596439	1318569	0.83
2023-01-26 09:30:00	1262609	926563	2189172	0.73
2023-01-26 10:00:00	1579369	1278741	2858110	0.81
2023-01-26 10:30:00	1795861	1493352	3289213	0.83
2023-01-26 11:00:00	1987045	1681373	3668418	0.85
2023-01-26 11:30:00	2238761	1858646	4097407	0.83
2023-01-26 12:00:00	1833869	1485717	3319586	0.81
2023-01-26 12:30:00	1941522	1576258	3517780	0.81
2023-01-26 13:00:00	2077207	1705711	3782918	0.82
2023-01-26 13:30:00	2235364	1833055	4068419	0.82
2023-01-26 14:00:00	2361306	1971290	4332596	0.83
2023-01-26 14:30:00	3340428	2916220	6256648	0.87
2023-01-26 15:00:00	2823610	2434384	5257994	0.86
2023-01-26 15:15:00	2862055	2495554	5357609	0.87
2023-01-25 09:00:00	473269	597360	1070629	1.26
2023-01-25 09:30:00	895300	1004458	1899758	1.12
2023-01-25 10:00:00	1228386	1357801	2586187	1.11
2023-01-25 10:30:00	1528972	1624703	3153675	1.06
2023-01-25 11:00:00	1814654	1839145	3653799	1.01
2023-01-25 11:30:00	2002177	1996291	3998468	1.0
2023-01-25 12:00:00	2191364	2120928	4312292	0.97
2023-01-25 12:30:00	2398878	2300600	4699478	0.96
2023-01-25 13:00:00	2635744	2533294	5169038	0.96
2023-01-25 13:30:00	2132669	2051004	4183673	0.96
2023-01-25 14:00:00	2271796	2199437	4471233	0.97
2023-01-25 14:30:00	2497500	2390202	4887702	0.96
2023-01-25 15:00:00	2729547	2628519	5358066	0.96
2023-01-25 15:15:00	2775812	2718860	5494672	0.98
2023-01-24 09:00:00	457238	418621	875859	0.92
2023-01-24 09:30:00	804468	737021	1541489	0.92
2023-01-24 10:00:00	1062828	1001577	2064405	0.94
2023-01-24 10:30:00	1255173	1228139	2483312	0.98
2023-01-24 11:00:00	1391491	1390543	2782034	1.0
2023-01-24 11:30:00	1547267	1543828	3091095	1.0
2023-01-24 12:00:00	1697476	1693675	3391151	1.0
2023-01-24 12:30:00	1846592	1849866	3696458	1.0
2023-01-24 13:00:00	2007768	2056685	4064453	1.02
2023-01-24 13:30:00	2192465	2225782	4418247	1.02
2023-01-24 14:00:00	2408247	2381699	4789946	0.99
2023-01-24 14:30:00	2626032	2586227	5212259	0.98
2023-01-24 15:00:00	2904855	2956924	5861779	1.02
2023-01-24 15:15:00	2939642	3013541	5953183	1.03
2023-01-23 09:00:00	644100	429879	1073979	0.67
2023-01-23 09:30:00	1126719	894502	2021221	0.79
2023-01-23 10:00:00	1544778	1230521	2775299	0.8
2023-01-23 10:30:00	2185104	1671327	3856431	0.76
2023-01-23 11:00:00	2514572	1948891	4463463	0.78
2023-01-23 11:30:00	2721860	2173964	4895824	0.8
2023-01-23 12:00:00	2909945	2338450	5248395	0.8
2023-01-23 12:30:00	3117327	2551664	5668991	0.82
2023-01-23 13:00:00	3363751	2795118	6158869	0.83
2023-01-23 13:30:00	3599051	3042910	6641961	0.85
2023-01-23 14:00:00	3866154	3392905	7259059	0.88
2023-01-23 14:30:00	4106486	3630382	7736868	0.88
2023-01-23 15:00:00	4411041	3956318	8367359	0.9
2023-01-23 15:15:00	4456943	4008190	8465133	0.9
2023-01-20 09:00:00	525103	433824	958927	0.83
2023-01-20 09:30:00	886731	742212	1628943	0.84
2023-01-20 10:00:00	1137747	963998	2101745	0.85
2023-01-20 10:30:00	1490078	1271185	2761263	0.85
2023-01-20 11:00:00	1744897	1531389	3276286	0.88
2023-01-20 11:30:00	1931351	1696721	3628072	0.88
2023-01-20 12:00:00	2108561	1862473	3971034	0.88
2023-01-20 12:30:00	2319428	2070787	4390215	0.89
2023-01-20 13:00:00	2546999	2293645	4840644	0.9
2023-01-20 13:30:00	2784981	2529893	5314874	0.91
2023-01-20 14:00:00	3040744	2759039	5799783	0.91
2023-01-20 14:30:00	3492184	3064523	6556707	0.88
2023-01-20 15:00:00	3961741	3467742	7429483	0.88
2023-01-20 15:15:00	4011075	3533963	7545038	0.88
2023-01-19 09:00:00	570981	627592	1198573	1.1
2023-01-19 09:30:00	999532	1013968	2013500	1.01
2023-01-19 10:00:00	1301348	1380707	2682055	1.06
2023-01-19 10:30:00	1545335	1628368	3173703	1.05
2023-01-19 11:00:00	1770394	1886573	3656967	1.07
2023-01-19 11:30:00	1990281	2113586	4103867	1.06
2023-01-19 12:00:00	2154644	2284793	4439437	1.06
2023-01-19 12:30:00	2400333	2510140	4910473	1.05
2023-01-19 13:00:00	2705879	2691436	5397315	0.99
2023-01-19 13:30:00	2916334	2892997	5809331	0.99
2023-01-19 14:00:00	3129972	3064064	6194036	0.98
2023-01-19 14:30:00	2669891	2524992	5194883	0.95
2023-01-19 15:00:00	2905371	2788743	5694114	0.96
2023-01-19 15:15:00	2946728	2858603	5805331	0.97
2023-01-18 09:00:00	487017	1204044	1691061	2.47
2023-01-18 09:30:00	1087729	1961206	3048935	1.8
2023-01-18 10:00:00	1490179	2340055	3830234	1.57
2023-01-18 10:30:00	1476112	2288439	3764551	1.55
2023-01-18 11:00:00	1737604	2509858	4247462	1.44
2023-01-18 11:30:00	1939770	2735602	4675372	1.41
2023-01-18 12:00:00	2102372	2927941	5030313	1.39
2023-01-18 12:30:00	2302136	3123798	5425934	1.36
2023-01-18 13:00:00	2432464	3268263	5700727	1.34
2023-01-18 13:30:00	2539808	3385639	5925447	1.33
2023-01-18 14:00:00	2669545	3480631	6150176	1.3
2023-01-18 14:30:00	2847010	3632534	6479544	1.28
2023-01-18 15:00:00	3175640	3998156	7173796	1.26
2023-01-18 15:15:00	3217188	4087600	7304788	1.27
2023-01-17 09:00:00	606615	524695	1131310	0.86
2023-01-17 09:30:00	1044392	936234	1980626	0.9
2023-01-17 10:00:00	1101090	1012862	2113952	0.92
2023-01-17 10:30:00	1319535	1270544	2590079	0.96
2023-01-17 11:00:00	1579483	1512964	3092447	0.96
2023-01-17 11:30:00	1718865	1710733	3429598	1.0
2023-01-17 12:00:00	1852202	1824158	3676360	0.98
2023-01-17 12:30:00	1966864	1934010	3900874	0.98
2023-01-17 13:00:00	2636381	2576494	5212875	0.98
2023-01-17 13:30:00	2256127	2201233	4457360	0.98
2023-01-17 14:00:00	2388157	2335693	4723850	0.98
2023-01-17 14:30:00	2565917	2487666	5053583	0.97
2023-01-17 15:00:00	2803111	2772661	5575772	0.99
2023-01-17 15:15:00	2828298	2836808	5665106	1.0
2023-01-13 09:00:00	584844	550887	1135731	0.94
2023-01-13 09:30:00	996184	909498	1905682	0.91
2023-01-13 10:00:00	1460061	1258110	2718171	0.86
2023-01-13 10:30:00	1728168	1502655	3230823	0.87
2023-01-13 11:00:00	1935196	1714012	3649208	0.89
2023-01-13 11:30:00	2168355	1940309	4108664	0.89
2023-01-13 12:00:00	2415185	2122403	4537588	0.88
2023-01-13 12:30:00	2619056	2315963	4935019	0.88
2023-01-13 13:00:00	2886541	2536299	5422840	0.88
2023-01-13 13:30:00	3116392	2727937	5844329	0.88
2023-01-13 14:00:00	3333417	3199738	6533155	0.96
2023-01-13 14:30:00	3626538	3455023	7081561	0.95
2023-01-13 15:00:00	4115630	3871949	7987579	0.94
2023-01-13 15:15:00	4162932	3958334	8121266	0.95
2023-01-10 09:00:00	496804	464849	961653	0.94
2023-01-10 09:30:00	820806	858316	1679122	1.05
2023-01-10 10:00:00	1134176	1195388	2329564	1.05
2023-01-10 10:30:00	1374033	1384412	2758445	1.01
2023-01-10 11:00:00	1541821	1593237	3135058	1.03
2023-01-10 11:30:00	1701047	1807467	3508514	1.06
2023-01-10 12:00:00	1858501	1980738	3839239	1.07
2023-01-10 12:30:00	1537033	1532025	3069058	1.0
2023-01-10 13:00:00	1673910	1634378	3308288	0.98
2023-01-10 13:30:00	1812504	1736266	3548770	0.96
2023-01-10 14:00:00	1930459	1852601	3783060	0.96
2023-01-10 14:30:00	2074748	2022168	4096916	0.97
2023-01-10 15:00:00	2367774	2259938	4627712	0.95
2023-01-10 15:15:00	2422557	2310798	4733355	0.95
2023-01-09 09:00:00	521340	468809	990149	0.9
2023-01-09 09:30:00	1079879	971066	2050945	0.9
2023-01-09 10:00:00	1222616	1012892	2235508	0.83
2023-01-09 10:30:00	1485133	1236077	2721210	0.83
2023-01-09 11:00:00	1691855	1396348	3088203	0.83
2023-01-09 11:30:00	1887382	1537158	3424540	0.81
2023-01-09 12:00:00	2630082	2183389	4813471	0.83
2023-01-09 12:30:00	2244481	1806556	4051037	0.8
2023-01-09 13:00:00	2476797	1980909	4457706	0.8
2023-01-09 13:30:00	3342251	2838953	6181204	0.85
2023-01-09 14:00:00	3540052	3035369	6575421	0.86
2023-01-09 14:30:00	3786731	3327217	7113948	0.88
2023-01-09 15:00:00	3239728	2711146	5950874	0.84
2023-01-09 15:15:00	3281469	2757235	6038704	0.84
2023-01-06 09:00:00	628673	573541	1202214	0.91
2023-01-06 09:30:00	1019662	956137	1975799	0.94
2023-01-06 10:00:00	1464331	1344767	2809098	0.92
2023-01-06 10:30:00	1767027	1658514	3425541	0.94
2023-01-06 11:00:00	2080284	1971418	4051702	0.95
2023-01-06 11:30:00	2352702	2197873	4550575	0.93
2023-01-06 12:00:00	2535594	2616419	5152013	1.03
2023-01-06 12:30:00	2747033	3122160	5869193	1.14
2023-01-06 13:00:00	2944522	3324484	6269006	1.13
2023-01-06 13:30:00	3243492	3580001	6823493	1.1
2023-01-06 14:00:00	3508723	3814751	7323474	1.09
2023-01-06 14:30:00	3918575	4115819	8034394	1.05
2023-01-06 15:00:00	4277352	4454360	8731712	1.04
2023-01-06 15:15:00	4467992	4537031	9005023	1.02
2023-01-05 09:00:00	453917	590229	1044146	1.3
2023-01-05 09:30:00	822090	886231	1708321	1.08
2023-01-05 10:00:00	1085787	1149577	2235364	1.06
2023-01-05 10:30:00	1285940	1408244	2694184	1.1
2023-01-05 11:00:00	1102364	1164288	2266652	1.06
2023-01-05 11:30:00	1208756	1258164	2466920	1.04
2023-01-05 12:00:00	1347680	1357695	2705375	1.01
2023-01-05 12:30:00	1508921	1478747	2987668	0.98
2023-01-05 13:00:00	1607816	1582630	3190446	0.98
2023-01-05 13:30:00	1718986	1673187	3392173	0.97
2023-01-05 14:00:00	1849257	1791456	3640713	0.97
2023-01-05 14:30:00	2039452	1998847	4038299	0.98
2023-01-05 15:00:00	2246175	2213600	4459775	0.99
2023-01-05 15:15:00	2279200	2262643	4541843	0.99
2023-01-04 09:00:00	504252	440454	944706	0.87
2023-01-04 09:30:00	841424	898372	1739796	1.07
2023-01-04 10:00:00	1074706	1146217	2220923	1.07
2023-01-04 10:30:00	1310404	1359747	2670151	1.04
2023-01-04 11:00:00	1636784	1630636	3267420	1.0
2023-01-04 11:30:00	1851284	2009124	3860408	1.09
2023-01-04 12:00:00	2018892	2252728	4271620	1.12
2023-01-04 12:30:00	2198522	2456466	4654988	1.12
2023-01-04 13:00:00	2376506	2632457	5008963	1.11
2023-01-04 13:30:00	2662805	3182088	5844893	1.2
2023-01-04 14:00:00	2261423	2650448	4911871	1.17
2023-01-04 14:30:00	2409473	2794816	5204289	1.16
2023-01-04 15:00:00	2761718	3034174	5795892	1.1
2023-01-04 15:15:00	2831898	3097570	5929468	1.09
2023-01-03 09:00:00	580069	591850	1171919	1.02
2023-01-03 09:30:00	928136	1012240	1940376	1.09
2023-01-03 10:00:00	1170858	1267558	2438416	1.08
2023-01-03 10:30:00	1386003	1547459	2933462	1.12
2023-01-03 11:00:00	1189382	1290150	2479532	1.08
2023-01-03 11:30:00	1416252	1405741	2821993	0.99
2023-01-03 12:00:00	1544919	1532876	3077795	0.99
2023-01-03 12:30:00	1651808	1621921	3273729	0.98
2023-01-03 13:00:00	1865694	1736566	3602260	0.93
2023-01-03 13:30:00	1978700	1839296	3817996	0.93
2023-01-03 14:00:00	2135782	2004602	4140384	0.94
2023-01-03 14:30:00	2297842	2148461	4446303	0.93
2023-01-03 15:00:00	2494161	2352430	4846591	0.94
2023-01-03 15:15:00	2528556	2415379	4943935	0.96
2022-12-30 09:00:00	408753	445815	854568	1.09
2022-12-30 09:30:00	660114	760195	1420309	1.15
2022-12-30 10:00:00	925833	1039643	1965476	1.12
2022-12-30 10:30:00	1095772	1287821	2383593	1.18
2022-12-30 11:00:00	1254973	1468595	2723568	1.17
2022-12-30 11:30:00	1397351	1617473	3014824	1.16
2022-12-30 12:00:00	1546101	1760034	3306135	1.14
2022-12-30 12:30:00	1711364	1980378	3691742	1.16
2022-12-30 13:00:00	1894953	2229299	4124252	1.18
2022-12-30 13:30:00	2040527	2402473	4443000	1.18
2022-12-30 14:00:00	2154274	2546286	4700560	1.18
2022-12-30 14:30:00	2382746	2792805	5175551	1.17
2022-12-30 15:00:00	2762985	3186212	5949197	1.15
2022-12-30 15:15:00	2893393	3448854	6342247	1.19
2022-12-29 09:00:00	540921	487640	1028561	0.9
2022-12-29 09:30:00	889120	827841	1716961	0.93
2022-12-29 10:00:00	1195766	1074939	2270705	0.9
2022-12-29 10:30:00	1440719	1330170	2770889	0.92
2022-12-29 11:00:00	1708721	1592188	3300909	0.93
2022-12-29 11:30:00	1950574	1776816	3727390	0.91
2022-12-29 12:00:00	1660253	1461644	3121897	0.88
2022-12-29 12:30:00	1796235	1559180	3355415	0.87
2022-12-29 13:00:00	1930777	2326924	4257701	1.21
2022-12-29 13:30:00	2046999	2835354	4882353	1.39
2022-12-29 14:00:00	2144711	2937392	5082103	1.37
2022-12-29 14:30:00	2271932	3064970	5336902	1.35
2022-12-29 15:00:00	2509203	3280479	5789682	1.31
2022-12-29 15:15:00	2543139	3341281	5884420	1.31
2022-12-28 09:00:00	388529	429088	817617	1.1
2022-12-28 09:30:00	687864	703165	1391029	1.02
2022-12-28 10:00:00	936293	955481	1891774	1.02
2022-12-28 10:30:00	907776	902527	1810303	0.99
2022-12-28 11:00:00	1093958	1072614	2166572	0.98
2022-12-28 11:30:00	1248283	1244336	2492619	1.0
2022-12-28 12:00:00	1422000	1396199	2818199	0.98
2022-12-28 12:30:00	1580517	2413384	3993901	1.53
2022-12-28 13:00:00	1665424	3849989	5515413	2.31
2022-12-28 13:30:00	1745521	4263586	6009107	2.44
2022-12-28 14:00:00	1863363	4382057	6245420	2.35
2022-12-28 14:30:00	2023069	4564435	6587504	2.26
2022-12-28 15:00:00	2217821	4864827	7082648	2.19
2022-12-28 15:15:00	2251969	4941484	7193453	2.19
2022-12-27 09:00:00	381997	394159	776156	1.03
2022-12-27 09:30:00	698709	741758	1440467	1.06
2022-12-27 10:00:00	917036	950561	1867597	1.04
2022-12-27 10:30:00	1090060	1120889	2210949	1.03
2022-12-27 11:00:00	1321085	1291701	2612786	0.98
2022-12-27 11:30:00	1137744	1027589	2165333	0.9
2022-12-27 12:00:00	1256785	1126599	2383384	0.9
2022-12-27 12:30:00	1351452	1205699	2557151	0.89
2022-12-27 13:00:00	1446502	1333339	2779841	0.92
2022-12-27 13:30:00	1545904	1425858	2971762	0.92
2022-12-27 14:00:00	1651231	1520634	3171865	0.92
2022-12-27 14:30:00	1754256	1617841	3372097	0.92
2022-12-27 15:00:00	1941384	1815882	3757266	0.94
2022-12-27 15:15:00	1966136	1862161	3828297	0.95
2022-12-23 09:00:00	427414	426975	854389	1.0
2022-12-23 09:30:00	830040	818715	1648755	0.99
2022-12-23 10:00:00	1122480	1130128	2252608	1.01
2022-12-23 10:30:00	1338324	1319285	2657609	0.99
2022-12-23 11:00:00	1524046	1500037	3024083	0.98
2022-12-23 11:30:00	1713378	1677046	3390424	0.98
2022-12-23 12:00:00	1873704	1817483	3691187	0.97
2022-12-23 12:30:00	1992567	1931638	3924205	0.97
2022-12-23 13:00:00	2137619	2069046	4206665	0.97
2022-12-23 13:30:00	2301662	2212886	4514548	0.96
2022-12-23 14:00:00	2438771	2367643	4806414	0.97
2022-12-23 14:30:00	2622010	2588290	5210300	0.99
2022-12-23 15:00:00	2888109	2874420	5762529	1.0
2022-12-23 15:15:00	2920465	2940849	5861314	1.01
2022-12-22 09:00:00	441229	441271	882500	1.0
2022-12-22 09:30:00	804034	796030	1600064	0.99
2022-12-22 10:00:00	1172329	1090190	2262519	0.93
2022-12-22 10:30:00	1373167	1248496	2621663	0.91
2022-12-22 11:00:00	1578436	1491722	3070158	0.95
2022-12-22 11:30:00	1815804	1814350	3630154	1.0
2022-12-22 12:00:00	2080891	2232412	4313303	1.07
2022-12-22 12:30:00	2313104	2530413	4843517	1.09
2022-12-22 13:00:00	2521298	3142697	5663995	1.25
2022-12-22 13:30:00	2795847	3711738	6507585	1.33
2022-12-22 14:00:00	2987156	3938982	6926138	1.32
2022-12-22 14:30:00	3279829	4207472	7487301	1.28
2022-12-22 15:00:00	3595108	4491157	8086265	1.25
2022-12-22 15:15:00	3636207	4583611	8219818	1.26
2022-12-21 09:00:00	468734	449925	918659	0.96
2022-12-21 09:30:00	841111	745794	1586905	0.89
2022-12-21 10:00:00	1194837	1046129	2240966	0.88
2022-12-21 10:30:00	1510219	1306170	2816389	0.86
2022-12-21 11:00:00	1701237	1512486	3213723	0.89
2022-12-21 11:30:00	1890946	1678538	3569484	0.89
2022-12-21 12:00:00	2100711	1819050	3919761	0.87
2022-12-21 12:30:00	2245156	1956231	4201387	0.87
2022-12-21 13:00:00	2431894	3890096	6321990	1.6
2022-12-21 13:30:00	2645170	4342881	6988051	1.64
2022-12-21 14:00:00	2824751	4551252	7376003	1.61
2022-12-21 14:30:00	3000223	4708467	7708690	1.57
2022-12-21 15:00:00	3261935	4964134	8226069	1.52
2022-12-21 15:15:00	3315476	5020596	8336072	1.51
2022-12-20 09:00:00	447502	523923	971425	1.17
2022-12-20 09:30:00	951172	918997	1870169	0.97
2022-12-20 10:00:00	1261345	1171641	2432986	0.93
2022-12-20 10:30:00	1613361	1516069	3129430	0.94
2022-12-20 11:00:00	1795092	1762983	3558075	0.98
2022-12-20 11:30:00	1971780	1921395	3893175	0.97
2022-12-20 12:00:00	2114900	2054668	4169568	0.97
2022-12-20 12:30:00	1764599	1629768	3394367	0.92
2022-12-20 13:00:00	1919908	1752232	3672140	0.91
2022-12-20 13:30:00	2041077	1865893	3906970	0.91
2022-12-20 14:00:00	2214293	2021844	4236137	0.91
2022-12-20 14:30:00	2349242	2141444	4490686	0.91
2022-12-20 15:00:00	2597385	2384333	4981718	0.92
2022-12-20 15:15:00	2629570	2425123	5054693	0.92
2022-12-19 09:00:00	411387	424344	835731	1.03
2022-12-19 09:30:00	720891	756196	1477087	1.05
2022-12-19 10:00:00	1050504	1006974	2057478	0.96
2022-12-19 10:30:00	1299834	1252782	2552616	0.96
2022-12-19 11:00:00	1524816	1450253	2975069	0.95
2022-12-19 11:30:00	1720306	1616896	3337202	0.94
2022-12-19 12:00:00	1909221	1801071	3710292	0.94
2022-12-19 12:30:00	2068030	1958869	4026899	0.95
2022-12-19 13:00:00	1819300	1641759	3461059	0.9
2022-12-19 13:30:00	1972589	1846250	3818839	0.94
2022-12-19 14:00:00	2133793	2091517	4225310	0.98
2022-12-19 14:30:00	2899191	2988013	5887204	1.03
2022-12-19 15:00:00	2520823	2569174	5089997	1.02
2022-12-19 15:15:00	2571987	2624017	5196004	1.02
2022-12-16 09:00:00	518877	540970	1059847	1.04
2022-12-16 09:30:00	894855	931907	1826762	1.04
2022-12-16 10:00:00	1330620	1354198	2684818	1.02
2022-12-16 10:30:00	1619757	1729028	3348785	1.07
2022-12-16 11:00:00	1831803	1995188	3826991	1.09
2022-12-16 11:30:00	2049151	2951650	5000801	1.44
2022-12-16 12:00:00	2224722	3323882	5548604	1.49
2022-12-16 12:30:00	2387879	3516121	5904000	1.47
2022-12-16 13:00:00	2571529	3719687	6291216	1.45
2022-12-16 13:30:00	2749442	3938288	6687730	1.43
2022-12-16 14:00:00	2956641	4168915	7125556	1.41
2022-12-16 14:30:00	3322055	4498307	7820362	1.35
2022-12-16 15:00:00	3661684	4908868	8570552	1.34
2022-12-16 15:15:00	3732752	5028501	8761253	1.35
2022-12-15 09:00:00	585332	670185	1255517	1.14
2022-12-15 09:30:00	1002433	1261931	2264364	1.26
2022-12-15 10:00:00	1377611	1609700	2987311	1.17
2022-12-15 10:30:00	1645860	1907477	3553337	1.16
2022-12-15 11:00:00	1883730	2214935	4098665	1.18
2022-12-15 11:30:00	2167788	2496413	4664201	1.15
2022-12-15 12:00:00	2366434	2752425	5118859	1.16
2022-12-15 12:30:00	2573821	3038816	5612637	1.18
2022-12-15 13:00:00	2803270	3302980	6106250	1.18
2022-12-15 13:30:00	3004554	3532907	6537461	1.18
2022-12-15 14:00:00	3259126	3816219	7075345	1.17
2022-12-15 14:30:00	3529614	4117057	7646671	1.17
2022-12-15 15:00:00	3887019	4494990	8382009	1.16
2022-12-15 15:15:00	3937909	4594253	8532162	1.17
2022-12-14 09:00:00	366176	394839	761015	1.08
2022-12-14 09:30:00	737581	799215	1536796	1.08
2022-12-14 10:00:00	1011716	979125	1990841	0.97
2022-12-14 10:30:00	1149172	980542	2129714	0.85
2022-12-14 11:00:00	1294277	1106919	2401196	0.86
2022-12-14 11:30:00	1428874	1198845	2627719	0.84
2022-12-14 12:00:00	1561326	1343616	2904942	0.86
2022-12-14 12:30:00	1698254	2193195	3891449	1.29
2022-12-14 13:00:00	1863910	2810405	4674315	1.51
2022-12-14 13:30:00	2097028	3058127	5155155	1.46
2022-12-14 14:00:00	2334195	3296779	5630974	1.41
2022-12-14 14:30:00	2614841	3534595	6149436	1.35
2022-12-14 15:00:00	2968660	3945177	6913837	1.33
2022-12-14 15:15:00	3063890	4093639	7157529	1.34
2022-12-13 09:00:00	784379	705056	1489435	0.9
2022-12-13 09:30:00	1406530	1187778	2594308	0.84
2022-12-13 10:00:00	1833347	1536281	3369628	0.84
2022-12-13 10:30:00	2077537	1797364	3874901	0.87
2022-12-13 11:00:00	2384108	2141032	4525140	0.9
2022-12-13 11:30:00	2650361	2439702	5090063	0.92
2022-12-13 12:00:00	2955629	2691009	5646638	0.91
2022-12-13 12:30:00	3165620	2906261	6071881	0.92
2022-12-13 13:00:00	3350791	3057041	6407832	0.91
2022-12-13 13:30:00	3484595	3171477	6656072	0.91
2022-12-13 14:00:00	2788882	2421575	5210457	0.87
2022-12-13 14:30:00	2946428	2584295	5530723	0.88
2022-12-13 15:00:00	3138610	2782007	5920617	0.89
2022-12-13 15:15:00	3198073	2855143	6053216	0.89
2022-12-12 09:00:00	232864	223024	455888	0.96
2022-12-12 09:30:00	444943	387040	831983	0.87
2022-12-12 10:00:00	654431	603365	1257796	0.92
2022-12-12 10:30:00	807523	752090	1559613	0.93
2022-12-12 11:00:00	1016420	894729	1911149	0.88
2022-12-12 11:30:00	1190108	1092096	2282204	0.92
2022-12-12 12:00:00	1290505	1182808	2473313	0.92
2022-12-12 12:30:00	1403676	1281828	2685504	0.91
2022-12-12 13:00:00	1538671	1416575	2955246	0.92
2022-12-12 13:30:00	1654537	1580870	3235407	0.96
2022-12-12 14:00:00	1816884	1758025	3574909	0.97
2022-12-12 14:30:00	2064621	1987435	4052056	0.96
2022-12-12 15:00:00	2420012	2333314	4753326	0.96
2022-12-12 15:15:00	2504410	2467839	4972249	0.99
2022-12-09 09:00:00	424186	412893	837079	0.97
2022-12-09 09:30:00	769964	711773	1481737	0.92
2022-12-09 10:00:00	1050763	1016845	2067608	0.97
2022-12-09 10:30:00	1290295	1266021	2556316	0.98
2022-12-09 11:00:00	1605688	1568574	3174262	0.98
2022-12-09 11:30:00	1764133	1748397	3512530	0.99
2022-12-09 12:00:00	1938393	2181399	4119792	1.13
2022-12-09 12:30:00	2116904	2443398	4560302	1.15
2022-12-09 13:00:00	2253308	2622038	4875346	1.16
2022-12-09 13:30:00	2448104	2835630	5283734	1.16
2022-12-09 14:00:00	2600100	2965737	5565837	1.14
2022-12-09 14:30:00	2766813	3154211	5921024	1.14
2022-12-09 15:00:00	3088363	3605416	6693779	1.17
2022-12-09 15:15:00	3127510	3701530	6829040	1.18
2022-12-08 09:00:00	483131	383253	866384	0.79
2022-12-08 09:30:00	871026	673201	1544227	0.77
2022-12-08 10:00:00	1159018	888265	2047283	0.77
2022-12-08 10:30:00	1047295	785940	1833235	0.75
2022-12-08 11:00:00	1177983	946292	2124275	0.8
2022-12-08 11:30:00	1276762	1047284	2324046	0.82
2022-12-08 12:00:00	1371357	1140863	2512220	0.83
2022-12-08 12:30:00	1460516	1221507	2682023	0.84
2022-12-08 13:00:00	1578095	1348659	2926754	0.85
2022-12-08 13:30:00	1712559	1457120	3169679	0.85
2022-12-08 14:00:00	1813500	1547478	3360978	0.85
2022-12-08 14:30:00	1952842	1681104	3633946	0.86
2022-12-08 15:00:00	2162018	1871776	4033794	0.87
2022-12-08 15:15:00	2232376	1932406	4164782	0.87
2022-12-07 09:00:00	500277	469294	969571	0.94
2022-12-07 09:30:00	845844	794915	1640759	0.94
2022-12-07 10:00:00	860122	706965	1567087	0.82
2022-12-07 10:30:00	1092705	871861	1964566	0.8
2022-12-07 11:00:00	1244163	1038450	2282613	0.83
2022-12-07 11:30:00	1369181	1158501	2527682	0.85
2022-12-07 12:00:00	1485377	1260353	2745730	0.85
2022-12-07 12:30:00	1598499	2038762	3637261	1.28
2022-12-07 13:00:00	1687431	2242744	3930175	1.33
2022-12-07 13:30:00	1807501	2347234	4154735	1.3
2022-12-07 14:00:00	1909554	2431907	4341461	1.27
2022-12-07 14:30:00	2050906	2591804	4642710	1.26
2022-12-07 15:00:00	2234988	2799196	5034184	1.25
2022-12-07 15:15:00	2257150	2869020	5126170	1.27
2022-12-06 09:00:00	450866	468967	919833	1.04
2022-12-06 09:30:00	898147	917006	1815153	1.02
2022-12-06 10:00:00	1245660	1263856	2509516	1.01
2022-12-06 10:30:00	1546746	1506137	3052883	0.97
2022-12-06 11:00:00	1795479	1712112	3507591	0.95
2022-12-06 11:30:00	1543285	1370729	2914014	0.89
2022-12-06 12:00:00	1675889	1571965	3247854	0.94
2022-12-06 12:30:00	1858846	1755629	3614475	0.94
2022-12-06 13:00:00	2014359	1924973	3939332	0.96
2022-12-06 13:30:00	2191889	2141699	4333588	0.98
2022-12-06 14:00:00	2407582	2335703	4743285	0.97
2022-12-06 14:30:00	2600742	2538478	5139220	0.98
2022-12-06 15:00:00	2887787	2815124	5702911	0.97
2022-12-06 15:15:00	2940846	2887800	5828646	0.98
2022-12-05 09:00:00	500078	447982	948060	0.9
2022-12-05 09:30:00	915083	826797	1741880	0.9
2022-12-05 10:00:00	1252460	1056115	2308575	0.84
2022-12-05 10:30:00	1535048	1313968	2849016	0.86
2022-12-05 11:00:00	1849936	1549023	3398959	0.84
2022-12-05 11:30:00	2098283	1742500	3840783	0.83
2022-12-05 12:00:00	2293825	1935910	4229735	0.84
2022-12-05 12:30:00	2478692	2130588	4609280	0.86
2022-12-05 13:00:00	2685449	2409827	5095276	0.9
2022-12-05 13:30:00	2907065	2675990	5583055	0.92
2022-12-05 14:00:00	3176303	2938162	6114465	0.93
2022-12-05 14:30:00	3421670	3169073	6590743	0.93
2022-12-05 15:00:00	3718716	3467656	7186372	0.93
2022-12-05 15:15:00	3752644	3518528	7271172	0.94
2022-12-02 09:00:00	559161	551230	1110391	0.99
2022-12-02 09:30:00	990466	884340	1874806	0.89
2022-12-02 10:00:00	1336965	1188463	2525428	0.89
2022-12-02 10:30:00	1586723	1389747	2976470	0.88
2022-12-02 11:00:00	1857363	1672698	3530061	0.9
2022-12-02 11:30:00	2063675	1868438	3932113	0.91
2022-12-02 12:00:00	2353102	2055757	4408859	0.87
2022-12-02 12:30:00	2547406	2231256	4778662	0.88
2022-12-02 13:00:00	2707274	2394499	5101773	0.88
2022-12-02 13:30:00	2910234	2552368	5462602	0.88
2022-12-02 14:00:00	3179900	2778291	5958191	0.87
2022-12-02 14:30:00	3537298	3063606	6600904	0.87
2022-12-02 15:00:00	4043351	3393834	7437185	0.84
2022-12-02 15:15:00	4091096	3449660	7540756	0.84
2022-12-01 09:00:00	661855	536572	1198427	0.81
2022-12-01 09:30:00	1229488	1012204	2241692	0.82
2022-12-01 10:00:00	1256876	941262	2198138	0.75
2022-12-01 10:30:00	1472506	1105010	2577516	0.75
2022-12-01 11:00:00	1761536	1285725	3047261	0.73
2022-12-01 11:30:00	1905192	1439338	3344530	0.76
2022-12-01 12:00:00	2029897	1684214	3714111	0.83
2022-12-01 12:30:00	2207997	2075895	4283892	0.94
2022-12-01 13:00:00	2317499	2178437	4495936	0.94
2022-12-01 13:30:00	2464380	2313058	4777438	0.94
2022-12-01 14:00:00	2657910	2427869	5085779	0.91
2022-12-01 14:30:00	2844815	2601815	5446630	0.91
2022-12-01 15:00:00	3088595	2859576	5948171	0.93
2022-12-01 15:15:00	3136035	2936844	6072879	0.94
2022-11-30 09:00:00	279395	243277	522672	0.87
2022-11-30 09:30:00	642578	561537	1204115	0.87
2022-11-30 10:00:00	863690	722970	1586660	0.84
2022-11-30 10:30:00	861158	691383	1552541	0.8
2022-11-30 11:00:00	1009138	826036	1835174	0.82
2022-11-30 11:30:00	1173003	1292955	2465958	1.1
2022-11-30 12:00:00	1278372	1959153	3237525	1.53
2022-11-30 12:30:00	1405257	2181253	3586510	1.55
2022-11-30 13:00:00	1659977	2459408	4119385	1.48
2022-11-30 13:30:00	2034455	2854596	4889051	1.4
2022-11-30 14:00:00	2285097	3231644	5516741	1.41
2022-11-30 14:30:00	2607800	3488781	6096581	1.34
2022-11-30 15:00:00	3071722	3921934	6993656	1.28
2022-11-30 15:15:00	3172868	4043129	7215997	1.27
2022-11-29 09:00:00	417129	368049	785178	0.88
2022-11-29 09:30:00	775030	734416	1509446	0.95
2022-11-29 10:00:00	1023777	941782	1965559	0.92
2022-11-29 10:30:00	1340454	1293921	2634375	0.97
2022-11-29 11:00:00	1564875	1600607	3165482	1.02
2022-11-29 11:30:00	1726476	1732290	3458766	1.0
2022-11-29 12:00:00	1858451	1885142	3743593	1.01
2022-11-29 12:30:00	2034286	2056135	4090421	1.01
2022-11-29 13:00:00	2201102	2241376	4442478	1.02
2022-11-29 13:30:00	2386550	2418743	4805293	1.01
2022-11-29 14:00:00	2517623	2569138	5086761	1.02
2022-11-29 14:30:00	2677650	2743633	5421283	1.02
2022-11-29 15:00:00	2900767	2988161	5888928	1.03
2022-11-29 15:15:00	2942547	3049031	5991578	1.04
2022-11-28 09:00:00	386680	342258	728938	0.89
2022-11-28 09:30:00	625691	608980	1234671	0.97
2022-11-28 10:00:00	822779	789207	1611986	0.96
2022-11-28 10:30:00	965584	942410	1907994	0.98
2022-11-28 11:00:00	1103899	1057282	2161181	0.96
2022-11-28 11:30:00	1284119	1199819	2483938	0.93
2022-11-28 12:00:00	1406695	1307107	2713802	0.93
2022-11-28 12:30:00	1501716	1396575	2898291	0.93
2022-11-28 13:00:00	1635409	1543939	3179348	0.94
2022-11-28 13:30:00	1797017	1705215	3502232	0.95
2022-11-28 14:00:00	1920447	1860828	3781275	0.97
2022-11-28 14:30:00	2129318	2064792	4194110	0.97
2022-11-28 15:00:00	2351306	2333311	4684617	0.99
2022-11-28 15:15:00	2380691	2394117	4774808	1.01
2022-11-25 09:00:00	336799	318390	655189	0.95
2022-11-25 09:30:00	651018	533269	1184287	0.82
2022-11-25 10:00:00	913998	753289	1667287	0.82
2022-11-25 10:30:00	1129499	983166	2112665	0.87
2022-11-25 11:00:00	1378319	1189918	2568237	0.86
2022-11-25 11:30:00	1563916	1409774	2973690	0.9
2022-11-25 12:00:00	1805067	1665930	3470997	0.92
2022-11-25 12:30:00	1829003	1708114	3537117	0.93
2022-11-25 13:00:00	1829003	1708114	3537117	0.93
2022-11-25 13:30:00	1829003	1708114	3537117	0.93
2022-11-25 14:00:00	1829003	1708114	3537117	0.93
2022-11-25 14:30:00	1829003	1708114	3537117	0.93
2022-11-25 15:00:00	1829003	1708114	3537117	0.93
2022-11-25 15:15:00	1829003	1708114	3537117	0.93
2022-11-23 09:00:00	470233	631765	1101998	1.34
2022-11-23 09:30:00	945433	910275	1855708	0.96
2022-11-23 10:00:00	1022931	936368	1959299	0.92
2022-11-23 10:30:00	1195617	1127516	2323133	0.94
2022-11-23 11:00:00	1382537	1327089	2709626	0.96
2022-11-23 11:30:00	1519995	1460352	2980347	0.96
2022-11-23 12:00:00	1649949	1755411	3405360	1.06
2022-11-23 12:30:00	1770765	2054749	3825514	1.16
2022-11-23 13:00:00	1876337	2147611	4023948	1.14
2022-11-23 13:30:00	2132139	2338508	4470647	1.1
2022-11-23 14:00:00	2321125	2533730	4854855	1.09
2022-11-23 14:30:00	2497483	2755532	5253015	1.1
2022-11-23 15:00:00	2737803	3006653	5744456	1.1
2022-11-23 15:15:00	2765387	3066976	5832363	1.11
2022-11-22 09:00:00	441489	456025	897514	1.03
2022-11-22 09:30:00	1034267	752027	1786294	0.73
2022-11-22 10:00:00	1362774	1028814	2391588	0.75
2022-11-22 10:30:00	1568521	1238501	2807022	0.79
2022-11-22 11:00:00	1395713	1113294	2509007	0.8
2022-11-22 11:30:00	1572886	1228655	2801541	0.78
2022-11-22 12:00:00	1702096	1545460	3247556	0.91
2022-11-22 12:30:00	1839301	2126598	3965899	1.16
2022-11-22 13:00:00	1981779	2406247	4388026	1.21
2022-11-22 13:30:00	2138482	2660655	4799137	1.24
2022-11-22 14:00:00	2253225	2815644	5068869	1.25
2022-11-22 14:30:00	2446383	3048837	5495220	1.25
2022-11-22 15:00:00	2705440	3218128	5923568	1.19
2022-11-22 15:15:00	2735250	3291955	6027205	1.2
2022-11-21 09:00:00	449776	404183	853959	0.9
2022-11-21 09:30:00	813509	710255	1523764	0.87
2022-11-21 10:00:00	1122474	965315	2087789	0.86
2022-11-21 10:30:00	1383368	1176902	2560270	0.85
2022-11-21 11:00:00	1617798	1369170	2986968	0.85
2022-11-21 11:30:00	1976287	1529489	3505776	0.77
2022-11-21 12:00:00	2158233	1695698	3853931	0.79
2022-11-21 12:30:00	2350466	1887638	4238104	0.8
2022-11-21 13:00:00	2058315	1600179	3658494	0.78
2022-11-21 13:30:00	2184343	1702414	3886757	0.78
2022-11-21 14:00:00	2879450	2401487	5280937	0.83
2022-11-21 14:30:00	2428690	1951375	4380065	0.8
2022-11-21 15:00:00	2635243	2157814	4793057	0.82
2022-11-21 15:15:00	2697223	2228659	4925882	0.83
2022-11-18 09:00:00	541399	502002	1043401	0.93
2022-11-18 09:30:00	947195	855269	1802464	0.9
2022-11-18 10:00:00	1352837	1105055	2457892	0.82
2022-11-18 10:30:00	1630083	1354250	2984333	0.83
2022-11-18 11:00:00	1853572	1558873	3412445	0.84
2022-11-18 11:30:00	2134365	1779072	3913437	0.83
2022-11-18 12:00:00	2324580	1955338	4279918	0.84
2022-11-18 12:30:00	2536540	2136836	4673376	0.84
2022-11-18 13:00:00	2724794	2318360	5043154	0.85
2022-11-18 13:30:00	2936417	2475753	5412170	0.84
2022-11-18 14:00:00	3104262	2666924	5771186	0.86
2022-11-18 14:30:00	3381131	2925371	6306502	0.87
2022-11-18 15:00:00	3775553	3348614	7124167	0.89
2022-11-18 15:15:00	3813284	3424776	7238060	0.9
2022-11-17 09:00:00	583819	579756	1163575	0.99
2022-11-17 09:30:00	789881	720540	1510421	0.91
2022-11-17 10:00:00	1041812	913473	1955285	0.88
2022-11-17 10:30:00	1240785	1075750	2316535	0.87
2022-11-17 11:00:00	1495126	1285964	2781090	0.86
2022-11-17 11:30:00	2055187	1856925	3912112	0.9
2022-11-17 12:00:00	1897265	1593002	3490267	0.84
2022-11-17 12:30:00	2072983	1751969	3824952	0.85
2022-11-17 13:00:00	2221556	1895912	4117468	0.85
2022-11-17 13:30:00	2366828	2054273	4421101	0.87
2022-11-17 14:00:00	2523406	2217440	4740846	0.88
2022-11-17 14:30:00	2765736	2422215	5187951	0.88
2022-11-17 15:00:00	3002441	2724651	5727092	0.91
2022-11-17 15:15:00	3054944	2799275	5854219	0.92
2022-11-16 09:00:00	503298	483811	987109	0.96
2022-11-16 09:30:00	883375	781759	1665134	0.88
2022-11-16 10:00:00	1165852	1062302	2228154	0.91
2022-11-16 10:30:00	1422696	1264720	2687416	0.89
2022-11-16 11:00:00	1670655	1449155	3119810	0.87
2022-11-16 11:30:00	1842281	1654639	3496920	0.9
2022-11-16 12:00:00	2044239	2263913	4308152	1.11
2022-11-16 12:30:00	2190216	2674030	4864246	1.22
2022-11-16 13:00:00	2350321	2836030	5186351	1.21
2022-11-16 13:30:00	2518864	3009231	5528095	1.19
2022-11-16 14:00:00	2695095	3197226	5892321	1.19
2022-11-16 14:30:00	2901589	3424034	6325623	1.18
2022-11-16 15:00:00	3185717	3806960	6992677	1.2
2022-11-16 15:15:00	3216993	3921427	7138420	1.22
2022-11-14 09:00:00	403114	358488	761602	0.89
2022-11-14 09:30:00	757782	653752	1411534	0.86
2022-11-14 10:00:00	1072664	860607	1933271	0.8
2022-11-14 10:30:00	1294011	1092551	2386562	0.84
2022-11-14 11:00:00	1477855	1250410	2728265	0.85
2022-11-14 11:30:00	2124303	1838885	3963188	0.87
2022-11-14 12:00:00	1856389	1601440	3457829	0.86
2022-11-14 12:30:00	2014366	1829959	3844325	0.91
2022-11-14 13:00:00	2182544	1944412	4126956	0.89
2022-11-14 13:30:00	2353049	2094299	4447348	0.89
2022-11-14 14:00:00	2543176	2237764	4780940	0.88
2022-11-14 14:30:00	2844196	2422557	5266753	0.85
2022-11-14 15:00:00	3328801	2707589	6036390	0.81
2022-11-14 15:15:00	3372695	2824310	6197005	0.84
2022-11-11 09:00:00	792802	615695	1408497	0.78
2022-11-11 09:30:00	1362124	1055400	2417524	0.77
2022-11-11 10:00:00	1817960	1388908	3206868	0.76
2022-11-11 10:30:00	2318713	1739884	4058597	0.75
2022-11-11 11:00:00	2636284	2015647	4651931	0.76
2022-11-11 11:30:00	2900184	2248212	5148396	0.78
2022-11-11 12:00:00	3152065	2457740	5609805	0.78
2022-11-11 12:30:00	3519172	2704102	6223274	0.77
2022-11-11 13:00:00	3847370	2939877	6787247	0.76
2022-11-11 13:30:00	4228081	3209962	7438043	0.76
2022-11-11 14:00:00	4807802	3518156	8325958	0.73
2022-11-11 14:30:00	5204205	3863202	9067407	0.74
2022-11-11 15:00:00	5720156	4255331	9975487	0.74
2022-11-11 15:15:00	5777357	4340069	10117426	0.75
2022-11-10 09:00:00	802709	665454	1468163	0.83
2022-11-10 09:30:00	1262343	1082288	2344631	0.86
2022-11-10 10:00:00	1665302	1396648	3061950	0.84
2022-11-10 10:30:00	1948939	1689420	3638359	0.87
2022-11-10 11:00:00	2286637	1923220	4209857	0.84
2022-11-10 11:30:00	2529440	2097367	4626807	0.83
2022-11-10 12:00:00	2733098	2353628	5086726	0.86
2022-11-10 12:30:00	2983818	2522787	5506605	0.85
2022-11-10 13:00:00	3156677	2656794	5813471	0.84
2022-11-10 13:30:00	3387514	2817004	6204518	0.83
2022-11-10 14:00:00	3632484	2999128	6631612	0.83
2022-11-10 14:30:00	3923698	3258143	7181841	0.83
2022-11-10 15:00:00	4332369	3595806	7928175	0.83
2022-11-10 15:15:00	4429113	3715237	8144350	0.84
2022-11-08 09:00:00	343336	294879	638215	0.86
2022-11-08 09:30:00	655746	521172	1176918	0.79
2022-11-08 10:00:00	898873	734131	1633004	0.82
2022-11-08 10:30:00	1180161	976102	2156263	0.83
2022-11-08 11:00:00	1440785	1204170	2644955	0.84
2022-11-08 11:30:00	1607713	1354652	2962365	0.84
2022-11-08 12:00:00	1885119	1511950	3397069	0.8
2022-11-08 12:30:00	2063107	2111517	4174624	1.02
2022-11-08 13:00:00	2232642	2790376	5023018	1.25
2022-11-08 13:30:00	2419745	2966775	5386520	1.23
2022-11-08 14:00:00	2631480	3160434	5791914	1.2
2022-11-08 14:30:00	2817376	3331707	6149083	1.18
2022-11-08 15:00:00	3076938	3625421	6702359	1.18
2022-11-08 15:15:00	3147769	3708844	6856613	1.18
2022-11-04 09:00:00	660237	593540	1253777	0.9
2022-11-04 09:30:00	1146490	1013260	2159750	0.88
2022-11-04 10:00:00	1511503	1372289	2883792	0.91
2022-11-04 10:30:00	1831389	1680494	3511883	0.92
2022-11-04 11:00:00	2191440	2071024	4262464	0.95
2022-11-04 11:30:00	2485708	2382784	4868492	0.96
2022-11-04 12:00:00	2697233	2615107	5312340	0.97
2022-11-04 12:30:00	2879674	2856055	5735729	0.99
2022-11-04 13:00:00	3087640	3032866	6120506	0.98
2022-11-04 13:30:00	3362720	3292845	6655565	0.98
2022-11-04 14:00:00	3625478	3617922	7243400	1.0
2022-11-04 14:30:00	3947426	3907935	7855361	0.99
2022-11-04 15:00:00	4355060	4398243	8753303	1.01
2022-11-04 15:15:00	4410502	4495097	8905599	1.02
2022-11-03 09:00:00	447934	534694	982628	1.19
2022-11-03 09:30:00	789437	907780	1697217	1.15
2022-11-03 10:00:00	1054268	1166369	2220637	1.11
2022-11-03 10:30:00	1307700	1377916	2685616	1.05
2022-11-03 11:00:00	1536963	1572554	3109517	1.02
2022-11-03 11:30:00	1768819	1792169	3560988	1.01
2022-11-03 12:00:00	1931462	1934067	3865529	1.0
2022-11-03 12:30:00	2067826	2056093	4123919	0.99
2022-11-03 13:00:00	2185850	2193818	4379668	1.0
2022-11-03 13:30:00	2314574	2352340	4666914	1.02
2022-11-03 14:00:00	2467053	2498612	4965665	1.01
2022-11-03 14:30:00	2657091	2723678	5380769	1.03
2022-11-03 15:00:00	2943551	3001347	5944898	1.02
2022-11-03 15:15:00	2984029	3100017	6084046	1.04
2022-11-02 09:00:00	262817	273974	536791	1.04
2022-11-02 09:30:00	425180	462871	888051	1.09
2022-11-02 10:00:00	562566	610711	1173277	1.09
2022-11-02 10:30:00	788802	740362	1529164	0.94
2022-11-02 11:00:00	965797	906359	1872156	0.94
2022-11-02 11:30:00	1086719	1036729	2123448	0.95
2022-11-02 12:00:00	1212757	1183993	2396750	0.98
2022-11-02 12:30:00	1332869	1266116	2598985	0.95
2022-11-02 13:00:00	1477237	1377586	2854823	0.93
2022-11-02 13:30:00	1756729	1622270	3378999	0.92
2022-11-02 14:00:00	2052878	2058890	4111768	1.0
2022-11-02 14:30:00	2328557	2668046	4996603	1.15
2022-11-02 15:00:00	2704785	3335625	6040410	1.23
2022-11-02 15:15:00	2769390	3425357	6194747	1.24
2022-11-01 09:00:00	409565	290022	699587	0.71
2022-11-01 09:30:00	675603	578552	1254155	0.86
2022-11-01 10:00:00	879096	815752	1694848	0.93
2022-11-01 10:30:00	1019581	966835	1986416	0.95
2022-11-01 11:00:00	1170817	1095254	2266071	0.94
2022-11-01 11:30:00	1328199	1207336	2535535	0.91
2022-11-01 12:00:00	1461815	1319445	2781260	0.9
2022-11-01 12:30:00	1580551	1414884	2995435	0.9
2022-11-01 13:00:00	1698914	1534219	3233133	0.9
2022-11-01 13:30:00	1800275	1655256	3455531	0.92
2022-11-01 14:00:00	1922966	1802781	3725747	0.94
2022-11-01 14:30:00	2151182	1951481	4102663	0.91
2022-11-01 15:00:00	2367496	2201048	4568544	0.93
2022-11-01 15:15:00	2461819	2309445	4771264	0.94
2022-10-31 09:00:00	409970	270072	680042	0.66
2022-10-31 09:30:00	674654	462803	1137457	0.69
2022-10-31 10:00:00	855887	635386	1491273	0.74
2022-10-31 10:30:00	1069883	776392	1846275	0.73
2022-10-31 11:00:00	1272561	1003351	2275912	0.79
2022-10-31 11:30:00	1460655	1165371	2626026	0.8
2022-10-31 12:00:00	1560437	1317660	2878097	0.84
2022-10-31 12:30:00	1680699	1427678	3108377	0.85
2022-10-31 13:00:00	1782846	1506366	3289212	0.84
2022-10-31 13:30:00	1913388	1626423	3539811	0.85
2022-10-31 14:00:00	2089314	1808902	3898216	0.87
2022-10-31 14:30:00	2246189	1992446	4238635	0.89
2022-10-31 15:00:00	2460808	2225644	4686452	0.9
2022-10-31 15:15:00	2538255	2379121	4917376	0.94
2022-10-28 09:00:00	469714	402076	871790	0.86
2022-10-28 09:30:00	907190	846994	1754184	0.93
2022-10-28 10:00:00	1321754	1219587	2541341	0.92
2022-10-28 10:30:00	1633494	1517478	3150972	0.93
2022-10-28 11:00:00	1870041	1762166	3632207	0.94
2022-10-28 11:30:00	2117381	2047909	4165290	0.97
2022-10-28 12:00:00	2353134	2322267	4675401	0.99
2022-10-28 12:30:00	2563874	2560145	5124019	1.0
2022-10-28 13:00:00	2865306	2779086	5644392	0.97
2022-10-28 13:30:00	3099686	2988089	6087775	0.96
2022-10-28 14:00:00	3408071	3265119	6673190	0.96
2022-10-28 14:30:00	3706377	3533428	7239805	0.95
2022-10-28 15:00:00	4220828	3960992	8181820	0.94
2022-10-28 15:15:00	4389029	4048886	8437915	0.92
2022-10-27 09:00:00	464822	481409	946231	1.04
2022-10-27 09:30:00	766433	758578	1525011	0.99
2022-10-27 10:00:00	1025330	986314	2011644	0.96
2022-10-27 10:30:00	1249541	1169538	2419079	0.94
2022-10-27 11:00:00	1432610	1328774	2761384	0.93
2022-10-27 11:30:00	1668775	1552886	3221661	0.93
2022-10-27 12:00:00	1785693	1678539	3464232	0.94
2022-10-27 12:30:00	1968517	1824067	3792584	0.93
2022-10-27 13:00:00	2079224	2092090	4171314	1.01
2022-10-27 13:30:00	2230622	2304672	4535294	1.03
2022-10-27 14:00:00	2374705	2490598	4865303	1.05
2022-10-27 14:30:00	2624667	2695938	5320605	1.03
2022-10-27 15:00:00	2878075	2995925	5874000	1.04
2022-10-27 15:15:00	2945395	3113714	6059109	1.06
2022-10-26 09:00:00	532090	364840	896930	0.69
2022-10-26 09:30:00	875557	664270	1539827	0.76
2022-10-26 10:00:00	1176476	925995	2102471	0.79
2022-10-26 10:30:00	1523580	1131966	2655546	0.74
2022-10-26 11:00:00	1785895	1306934	3092829	0.73
2022-10-26 11:30:00	1958053	1466250	3424303	0.75
2022-10-26 12:00:00	2133322	1639608	3772930	0.77
2022-10-26 12:30:00	2304916	1886402	4191318	0.82
2022-10-26 13:00:00	2436615	2087272	4523887	0.86
2022-10-26 13:30:00	2575646	2217996	4793642	0.86
2022-10-26 14:00:00	2736487	2361089	5097576	0.86
2022-10-26 14:30:00	2907384	2554363	5461747	0.88
2022-10-26 15:00:00	3146193	2805274	5951467	0.89
2022-10-26 15:15:00	3189464	2889306	6078770	0.91
2022-10-25 09:00:00	416731	321327	738058	0.77
2022-10-25 09:30:00	805233	606896	1412129	0.75
2022-10-25 10:00:00	1116233	831945	1948178	0.75
2022-10-25 10:30:00	1345037	1003089	2348126	0.75
2022-10-25 11:00:00	1556509	1177250	2733759	0.76
2022-10-25 11:30:00	1801893	1336036	3137929	0.74
2022-10-25 12:00:00	1943138	1482957	3426095	0.76
2022-10-25 12:30:00	2070879	1656886	3727765	0.8
2022-10-25 13:00:00	2214337	1794962	4009299	0.81
2022-10-25 13:30:00	2352434	1941802	4294236	0.83
2022-10-25 14:00:00	2496355	2100442	4596797	0.84
2022-10-25 14:30:00	2670990	2285941	4956931	0.86
2022-10-25 15:00:00	2970740	2597737	5568477	0.87
2022-10-25 15:15:00	3002684	2689195	5691879	0.9
2022-10-24 09:00:00	389262	343082	732344	0.88
2022-10-24 09:30:00	660968	633900	1294868	0.96
2022-10-24 10:00:00	863759	818803	1682562	0.95
2022-10-24 10:30:00	1081812	981381	2063193	0.91
2022-10-24 11:00:00	1238395	1114578	2352973	0.9
2022-10-24 11:30:00	1467335	1265766	2733101	0.86
2022-10-24 12:00:00	1607168	1382302	2989470	0.86
2022-10-24 12:30:00	1738721	1532028	3270749	0.88
2022-10-24 13:00:00	1869235	1656084	3525319	0.89
2022-10-24 13:30:00	1978932	1753225	3732157	0.89
2022-10-24 14:00:00	2116220	1976772	4092992	0.93
2022-10-24 14:30:00	2320816	2148341	4469157	0.93
2022-10-24 15:00:00	2559227	2448832	5008059	0.96
2022-10-24 15:15:00	2608379	2510565	5118944	0.96
2022-10-21 09:00:00	603518	533336	1136854	0.88
2022-10-21 09:30:00	1097158	966886	2064044	0.88
2022-10-21 10:00:00	1479694	1314590	2794284	0.89
2022-10-21 10:30:00	1715746	1565782	3281528	0.91
2022-10-21 11:00:00	1991464	1819229	3810693	0.91
2022-10-21 11:30:00	2270085	2082481	4352566	0.92
2022-10-21 12:00:00	2538626	2399576	4938202	0.95
2022-10-21 12:30:00	2758229	2614020	5372249	0.95
2022-10-21 13:00:00	3002320	2831510	5833830	0.94
2022-10-21 13:30:00	3316032	3128863	6444895	0.94
2022-10-21 14:00:00	3537155	3340912	6878067	0.94
2022-10-21 14:30:00	3934177	3658062	7592239	0.93
2022-10-21 15:00:00	4394673	4139266	8533939	0.94
2022-10-21 15:15:00	4459447	4231009	8690456	0.95
2022-10-20 09:00:00	443168	398290	841458	0.9
2022-10-20 09:30:00	854194	886366	1740560	1.04
2022-10-20 10:00:00	1097693	1119573	2217266	1.02
2022-10-20 10:30:00	1299008	1371688	2670696	1.06
2022-10-20 11:00:00	1488927	1544866	3033793	1.04
2022-10-20 11:30:00	1696033	1751054	3447087	1.03
2022-10-20 12:00:00	1863023	1938649	3801672	1.04
2022-10-20 12:30:00	2044993	2099064	4144057	1.03
2022-10-20 13:00:00	2214398	2276446	4490844	1.03
2022-10-20 13:30:00	2470811	2518465	4989276	1.02
2022-10-20 14:00:00	2630169	2699811	5329980	1.03
2022-10-20 14:30:00	2807345	2871443	5678788	1.02
2022-10-20 15:00:00	3030853	3166325	6197178	1.04
2022-10-20 15:15:00	3093237	3240522	6333759	1.05
2022-10-19 09:00:00	470787	332816	803603	0.71
2022-10-19 09:30:00	718580	583436	1302016	0.81
2022-10-19 10:00:00	958688	762861	1721549	0.8
2022-10-19 10:30:00	1129692	928750	2058442	0.82
2022-10-19 11:00:00	1262802	1093523	2356325	0.87
2022-10-19 11:30:00	1469144	1253269	2722413	0.85
2022-10-19 12:00:00	1618017	1486207	3104224	0.92
2022-10-19 12:30:00	1779301	1649567	3428868	0.93
2022-10-19 13:00:00	1897053	1774295	3671348	0.94
2022-10-19 13:30:00	2027112	1928880	3955992	0.95
2022-10-19 14:00:00	2135972	2049241	4185213	0.96
2022-10-19 14:30:00	2284717	2203394	4488111	0.96
2022-10-19 15:00:00	2531270	2470239	5001509	0.98
2022-10-19 15:15:00	2578273	2552858	5131131	0.99
2022-10-18 09:00:00	515284	467008	982292	0.91
2022-10-18 09:30:00	912939	760504	1673443	0.83
2022-10-18 10:00:00	1153756	1033814	2187570	0.9
2022-10-18 10:30:00	1429049	1338548	2767597	0.94
2022-10-18 11:00:00	1775239	1570616	3345855	0.88
2022-10-18 11:30:00	1972672	1731211	3703883	0.88
2022-10-18 12:00:00	2122744	1857997	3980741	0.88
2022-10-18 12:30:00	2228863	2049259	4278122	0.92
2022-10-18 13:00:00	2386439	2172065	4558504	0.91
2022-10-18 13:30:00	2548832	2307029	4855861	0.91
2022-10-18 14:00:00	2724398	2489552	5213950	0.91
2022-10-18 14:30:00	2896804	2667720	5564524	0.92
2022-10-18 15:00:00	3132767	2905894	6038661	0.93
2022-10-18 15:15:00	3188332	2999228	6187560	0.94
2022-10-17 09:00:00	384057	388113	772170	1.01
2022-10-17 09:30:00	737666	657108	1394774	0.89
2022-10-17 10:00:00	979491	911508	1890999	0.93
2022-10-17 10:30:00	1174235	1037561	2211796	0.88
2022-10-17 11:00:00	1401060	1221939	2622999	0.87
2022-10-17 11:30:00	1542656	1339525	2882181	0.87
2022-10-17 12:00:00	1652887	1457983	3110870	0.88
2022-10-17 12:30:00	1755733	1622640	3378373	0.92
2022-10-17 13:00:00	1872439	1753197	3625636	0.94
2022-10-17 13:30:00	1988991	1872250	3861241	0.94
2022-10-17 14:00:00	2106685	2017028	4123713	0.96
2022-10-17 14:30:00	2337459	2170053	4507512	0.93
2022-10-17 15:00:00	2511842	2418807	4930649	0.96
2022-10-17 15:15:00	2555115	2481372	5036487	0.97
2022-10-14 09:00:00	693558	525715	1219273	0.76
2022-10-14 09:30:00	1117142	962577	2079719	0.86
2022-10-14 10:00:00	1394014	1288335	2682349	0.92
2022-10-14 10:30:00	1666895	1561381	3228276	0.94
2022-10-14 11:00:00	2335369	1796625	4131994	0.77
2022-10-14 11:30:00	2574584	2039804	4614388	0.79
2022-10-14 12:00:00	2862369	2237292	5099661	0.78
2022-10-14 12:30:00	3059490	2407312	5466802	0.79
2022-10-14 13:00:00	3284642	2562122	5846764	0.78
2022-10-14 13:30:00	3462582	2774212	6236794	0.8
2022-10-14 14:00:00	3643532	3109717	6753249	0.85
2022-10-14 14:30:00	3882222	3387348	7269570	0.87
2022-10-14 15:00:00	4244208	3866035	8110243	0.91
2022-10-14 15:15:00	4313544	3975068	8288612	0.92
2022-10-13 09:00:00	790954	593139	1384093	0.75
2022-10-13 09:30:00	1268071	986418	2254489	0.78
2022-10-13 10:00:00	1608928	1244464	2853392	0.77
2022-10-13 10:30:00	1964893	1634264	3599157	0.83
2022-10-13 11:00:00	2325592	1926644	4252236	0.83
2022-10-13 11:30:00	2537404	2100417	4637821	0.83
2022-10-13 12:00:00	2705698	2253603	4959301	0.83
2022-10-13 12:30:00	3004984	2444340	5449324	0.81
2022-10-13 13:00:00	3212429	2593695	5806124	0.81
2022-10-13 13:30:00	3378750	2748522	6127272	0.81
2022-10-13 14:00:00	3574504	2920168	6494672	0.82
2022-10-13 14:30:00	3787792	3156294	6944086	0.83
2022-10-13 15:00:00	4099260	3475152	7574412	0.85
2022-10-13 15:15:00	4144318	3577787	7722105	0.86
2022-10-12 09:00:00	289748	266843	556591	0.92
2022-10-12 09:30:00	462555	438596	901151	0.95
2022-10-12 10:00:00	620413	567126	1187539	0.91
2022-10-12 10:30:00	771056	710193	1481249	0.92
2022-10-12 11:00:00	900931	841100	1742031	0.93
2022-10-12 11:30:00	1092213	952756	2044969	0.87
2022-10-12 12:00:00	1154772	1049017	2203789	0.91
2022-10-12 12:30:00	1263717	1129700	2393417	0.89
2022-10-12 13:00:00	1345758	1224770	2570528	0.91
2022-10-12 13:30:00	1479259	1374974	2854233	0.93
2022-10-12 14:00:00	1604085	1512797	3116882	0.94
2022-10-12 14:30:00	1768058	1671602	3439660	0.95
2022-10-12 15:00:00	2036727	2010279	4047006	0.99
2022-10-12 15:15:00	2091366	2084764	4176130	1.0
2022-10-11 09:00:00	412417	410884	823301	1.0
2022-10-11 09:30:00	751103	721441	1472544	0.96
2022-10-11 10:00:00	1040766	909663	1950429	0.87
2022-10-11 10:30:00	1196126	1052303	2248429	0.88
2022-10-11 11:00:00	1472507	1247216	2719723	0.85
2022-10-11 11:30:00	1598214	1370000	2968214	0.86
2022-10-11 12:00:00	1786446	1499538	3285984	0.84
2022-10-11 12:30:00	1924176	1590842	3515018	0.83
2022-10-11 13:00:00	2073215	1678783	3751998	0.81
2022-10-11 13:30:00	2194629	1811120	4005749	0.83
2022-10-11 14:00:00	2378305	2026528	4404833	0.85
2022-10-11 14:30:00	2591694	2307988	4899682	0.89
2022-10-11 15:00:00	2811172	2599893	5411065	0.92
2022-10-11 15:15:00	2852312	2664848	5517160	0.93
2022-10-10 09:00:00	455863	282173	738036	0.62
2022-10-10 09:30:00	783460	490807	1274267	0.63
2022-10-10 10:00:00	988369	869048	1857417	0.88
2022-10-10 10:30:00	1236615	1085694	2322309	0.88
2022-10-10 11:00:00	1361193	1254149	2615342	0.92
2022-10-10 11:30:00	1510312	1388910	2899222	0.92
2022-10-10 12:00:00	1630248	1562223	3192471	0.96
2022-10-10 12:30:00	1786573	1715495	3502068	0.96
2022-10-10 13:00:00	1938790	1853919	3792709	0.96
2022-10-10 13:30:00	2036865	1957789	3994654	0.96
2022-10-10 14:00:00	2158543	2080082	4238625	0.96
2022-10-10 14:30:00	2269196	2216788	4485984	0.98
2022-10-10 15:00:00	2425584	2459417	4885001	1.01
2022-10-10 15:15:00	2465240	2551500	5016740	1.03
2022-10-07 09:00:00	629552	645342	1274894	1.03
2022-10-07 09:30:00	1087183	1096105	2183288	1.01
2022-10-07 10:00:00	1450206	1404355	2854561	0.97
2022-10-07 10:30:00	1668301	1651189	3319490	0.99
2022-10-07 11:00:00	1866470	1854791	3721261	0.99
2022-10-07 11:30:00	2089131	2045116	4134247	0.98
2022-10-07 12:00:00	2465249	2325508	4790757	0.94
2022-10-07 12:30:00	2667820	2523323	5191143	0.95
2022-10-07 13:00:00	2834965	2720662	5555627	0.96
2022-10-07 13:30:00	3040548	2955173	5995721	0.97
2022-10-07 14:00:00	3321682	3222390	6544072	0.97
2022-10-07 14:30:00	3568009	3519101	7087110	0.99
2022-10-07 15:00:00	4001671	4087478	8089149	1.02
2022-10-07 15:15:00	4066381	4209040	8275421	1.04
2022-10-06 09:00:00	389564	331850	721414	0.85
2022-10-06 09:30:00	693967	623423	1317390	0.9
2022-10-06 10:00:00	884751	822270	1707021	0.93
2022-10-06 10:30:00	1175018	971303	2146321	0.83
2022-10-06 11:00:00	1318142	1092964	2411106	0.83
2022-10-06 11:30:00	1424849	1243121	2667970	0.87
2022-10-06 12:00:00	1590911	1335382	2926293	0.84
2022-10-06 12:30:00	1687663	1444448	3132111	0.86
2022-10-06 13:00:00	1805924	1540944	3346868	0.85
2022-10-06 13:30:00	1956628	1682075	3638703	0.86
2022-10-06 14:00:00	2095860	1861829	3957689	0.89
2022-10-06 14:30:00	2329525	2011036	4340561	0.86
2022-10-06 15:00:00	2595906	2232111	4828017	0.86
2022-10-06 15:15:00	2644284	2299177	4943461	0.87
2022-10-05 09:00:00	271253	281732	552985	1.04
2022-10-05 09:30:00	495626	532211	1027837	1.07
2022-10-05 10:00:00	662973	694009	1356982	1.05
2022-10-05 10:30:00	791882	813809	1605691	1.03
2022-10-05 11:00:00	972020	922198	1894218	0.95
2022-10-05 11:30:00	1188858	1052195	2241053	0.89
2022-10-05 12:00:00	1380118	1159873	2539991	0.84
2022-10-05 12:30:00	1537265	1285285	2822550	0.84
2022-10-05 13:00:00	1648124	1393907	3042031	0.85
2022-10-05 13:30:00	1846996	1495577	3342573	0.81
2022-10-05 14:00:00	1971203	1593147	3564350	0.81
2022-10-05 14:30:00	2190396	1774223	3964619	0.81
2022-10-05 15:00:00	2433294	2014706	4448000	0.83
2022-10-05 15:15:00	2479076	2072590	4551666	0.84
2022-10-04 09:00:00	583059	476460	1059519	0.82
2022-10-04 09:30:00	930206	781523	1711729	0.84
2022-10-04 10:00:00	1174563	1121537	2296100	0.95
2022-10-04 10:30:00	1410596	1340799	2751395	0.95
2022-10-04 11:00:00	1633728	1564667	3198395	0.96
2022-10-04 11:30:00	1812652	1714934	3527586	0.95
2022-10-04 12:00:00	1979668	1850356	3830024	0.93
2022-10-04 12:30:00	2143083	2051470	4194553	0.96
2022-10-04 13:00:00	2301793	2185518	4487311	0.95
2022-10-04 13:30:00	2416534	2269221	4685755	0.94
2022-10-04 14:00:00	2550924	2399146	4950070	0.94
2022-10-04 14:30:00	2686439	2541348	5227787	0.95
2022-10-04 15:00:00	2888535	2807774	5696309	0.97
2022-10-04 15:15:00	2929729	2926302	5856031	1.0
2022-10-03 09:00:00	380520	334426	714946	0.88
2022-10-03 09:30:00	766348	638472	1404820	0.83
2022-10-03 10:00:00	976095	850908	1827003	0.87
2022-10-03 10:30:00	1169694	1018690	2188384	0.87
2022-10-03 11:00:00	1310599	1185305	2495904	0.9
2022-10-03 11:30:00	1452329	1304502	2756831	0.9
2022-10-03 12:00:00	1567996	1385822	2953818	0.88
2022-10-03 12:30:00	1694766	1496527	3191293	0.88
2022-10-03 13:00:00	1805978	1604847	3410825	0.89
2022-10-03 13:30:00	1955462	1734683	3690145	0.89
2022-10-03 14:00:00	2110008	1890168	4000176	0.9
2022-10-03 14:30:00	2288945	2077391	4366336	0.91
2022-10-03 15:00:00	2502413	2311379	4813792	0.92
2022-10-03 15:15:00	2585387	2377245	4962632	0.92
2022-09-30 09:00:00	475828	481113	956941	1.01
2022-09-30 09:30:00	804672	872062	1676734	1.08
2022-09-30 10:00:00	1101992	1231090	2333082	1.12
2022-09-30 10:30:00	1416447	1560295	2976742	1.1
2022-09-30 11:00:00	1665127	1844067	3509194	1.11
2022-09-30 11:30:00	1934870	2046875	3981745	1.06
2022-09-30 12:00:00	2090807	2226365	4317172	1.06
2022-09-30 12:30:00	2240055	2374483	4614538	1.06
2022-09-30 13:00:00	2459608	2579501	5039109	1.05
2022-09-30 13:30:00	2628758	2763647	5392405	1.05
2022-09-30 14:00:00	2910933	3141954	6052887	1.08
2022-09-30 14:30:00	3183402	3443828	6627230	1.08
2022-09-30 15:00:00	3559835	3905882	7465717	1.1
2022-09-30 15:15:00	3744555	4208238	7952793	1.12
2022-09-29 09:00:00	417651	469543	887194	1.12
2022-09-29 09:30:00	834032	796705	1630737	0.96
2022-09-29 10:00:00	1093665	1073255	2166920	0.98
2022-09-29 10:30:00	1280406	1299993	2580399	1.02
2022-09-29 11:00:00	1433937	1494500	2928437	1.04
2022-09-29 11:30:00	1577006	1677506	3254512	1.06
2022-09-29 12:00:00	1686099	1792027	3478126	1.06
2022-09-29 12:30:00	1804142	1934861	3739003	1.07
2022-09-29 13:00:00	1951745	2085288	4037033	1.07
2022-09-29 13:30:00	2134719	2298114	4432833	1.08
2022-09-29 14:00:00	2274818	2471535	4746353	1.09
2022-09-29 14:30:00	2436039	2636622	5072661	1.08
2022-09-29 15:00:00	2693394	2988651	5682045	1.11
2022-09-29 15:15:00	2762280	3081100	5843380	1.12
2022-09-28 09:00:00	362080	372893	734973	1.03
2022-09-28 09:30:00	616664	705382	1322046	1.14
2022-09-28 10:00:00	850449	944826	1795275	1.11
2022-09-28 10:30:00	1047346	1121178	2168524	1.07
2022-09-28 11:00:00	1201341	1318289	2519630	1.1
2022-09-28 11:30:00	1390198	1532348	2922546	1.1
2022-09-28 12:00:00	1534002	1646377	3180379	1.07
2022-09-28 12:30:00	1711382	1765228	3476610	1.03
2022-09-28 13:00:00	1819130	1873640	3692770	1.03
2022-09-28 13:30:00	1921087	1996195	3917282	1.04
2022-09-28 14:00:00	2057584	2142837	4200421	1.04
2022-09-28 14:30:00	2236208	2330026	4566234	1.04
2022-09-28 15:00:00	2531399	2673852	5205251	1.06
2022-09-28 15:15:00	2585679	2758000	5343679	1.07
2022-09-27 09:00:00	438555	316929	755484	0.72
2022-09-27 09:30:00	680543	546672	1227215	0.8
2022-09-27 10:00:00	877710	851710	1729420	0.97
2022-09-27 10:30:00	1092661	1033224	2125885	0.95
2022-09-27 11:00:00	1249501	1266489	2515990	1.01
2022-09-27 11:30:00	1482342	1529414	3011756	1.03
2022-09-27 12:00:00	1662742	1726854	3389596	1.04
2022-09-27 12:30:00	1844172	1893107	3737279	1.03
2022-09-27 13:00:00	1959859	2078275	4038134	1.06
2022-09-27 13:30:00	2084519	2277358	4361877	1.09
2022-09-27 14:00:00	2290279	2463162	4753441	1.08
2022-09-27 14:30:00	2467348	2658405	5125753	1.08
2022-09-27 15:00:00	2650571	2928506	5579077	1.1
2022-09-27 15:15:00	2727397	3068841	5796238	1.13
2022-09-26 09:00:00	438035	346056	784091	0.79
2022-09-26 09:30:00	701805	606162	1307967	0.86
2022-09-26 10:00:00	887070	798680	1685750	0.9
2022-09-26 10:30:00	1091329	999169	2090498	0.92
2022-09-26 11:00:00	1231539	1156026	2387565	0.94
2022-09-26 11:30:00	1363150	1461862	2825012	1.07
2022-09-26 12:00:00	1522700	1665865	3188565	1.09
2022-09-26 12:30:00	1657561	1825051	3482612	1.1
2022-09-26 13:00:00	1808732	2010947	3819679	1.11
2022-09-26 13:30:00	1906197	2177767	4083964	1.14
2022-09-26 14:00:00	2065697	2354833	4420530	1.14
2022-09-26 14:30:00	2180286	2542157	4722443	1.17
2022-09-26 15:00:00	3022150	2765649	5787799	0.92
2022-09-26 15:15:00	3086101	2886802	5972903	0.94
2022-09-23 09:00:00	621720	841351	1463071	1.35
2022-09-23 09:30:00	1084526	1481286	2565812	1.37
2022-09-23 10:00:00	1405934	1905493	3311427	1.36
2022-09-23 10:30:00	1724442	2271824	3996266	1.32
2022-09-23 11:00:00	1982549	2620789	4603338	1.32
2022-09-23 11:30:00	2301312	3061339	5362651	1.33
2022-09-23 12:00:00	2567202	3455458	6022660	1.35
2022-09-23 12:30:00	2805892	3784589	6590481	1.35
2022-09-23 13:00:00	3007827	4005079	7012906	1.33
2022-09-23 13:30:00	3293636	4432107	7725743	1.35
2022-09-23 14:00:00	3563985	4837952	8401937	1.36
2022-09-23 14:30:00	3924382	5341215	9265597	1.36
2022-09-23 15:00:00	4338151	5877322	10215473	1.35
2022-09-23 15:15:00	4410752	5986003	10396755	1.36
2022-09-22 09:00:00	494818	505732	1000550	1.02
2022-09-22 09:30:00	838305	979514	1817819	1.17
2022-09-22 10:00:00	1138867	1382813	2521680	1.21
2022-09-22 10:30:00	1467672	1662445	3130117	1.13
2022-09-22 11:00:00	1667509	1901538	3569047	1.14
2022-09-22 11:30:00	1835264	2058376	3893640	1.12
2022-09-22 12:00:00	1963424	2197009	4160433	1.12
2022-09-22 12:30:00	2087677	2371527	4459204	1.14
2022-09-22 13:00:00	2231471	2536647	4768118	1.14
2022-09-22 13:30:00	2447035	2710941	5157976	1.11
2022-09-22 14:00:00	2607343	2965754	5573097	1.14
2022-09-22 14:30:00	2816537	3219980	6036517	1.14
2022-09-22 15:00:00	3080134	3504528	6584662	1.14
2022-09-22 15:15:00	3145262	3609700	6754962	1.15
2022-09-21 09:00:00	276574	235135	511709	0.85
2022-09-21 09:30:00	451992	430348	882340	0.95
2022-09-21 10:00:00	598189	596999	1195188	1.0
2022-09-21 10:30:00	728993	683014	1412007	0.94
2022-09-21 11:00:00	815809	759611	1575420	0.93
2022-09-21 11:30:00	907903	861738	1769641	0.95
2022-09-21 12:00:00	1013123	988348	2001471	0.98
2022-09-21 12:30:00	1110218	1079156	2189374	0.97
2022-09-21 13:00:00	1225659	1251069	2476728	1.02
2022-09-21 13:30:00	1475429	1519583	2995012	1.03
2022-09-21 14:00:00	1778100	1804139	3582239	1.01
2022-09-21 14:30:00	1995262	2035386	4030648	1.02
2022-09-21 15:00:00	2359221	2451735	4810956	1.04
2022-09-21 15:15:00	2430649	2575549	5006198	1.06
2022-09-20 09:00:00	336148	302300	638448	0.9
2022-09-20 09:30:00	621315	504395	1125710	0.81
2022-09-20 10:00:00	813476	688675	1502151	0.85
2022-09-20 10:30:00	1009825	830685	1840510	0.82
2022-09-20 11:00:00	1207735	935876	2143611	0.77
2022-09-20 11:30:00	1356996	1055816	2412812	0.78
2022-09-20 12:00:00	1476027	1165521	2641548	0.79
2022-09-20 12:30:00	1609640	1301852	2911492	0.81
2022-09-20 13:00:00	1765079	1478954	3244033	0.84
2022-09-20 13:30:00	1920259	1624536	3544795	0.85
2022-09-20 14:00:00	2073663	1866300	3939963	0.9
2022-09-20 14:30:00	2224258	2000940	4225198	0.9
2022-09-20 15:00:00	2423362	2220342	4643704	0.92
2022-09-20 15:15:00	2488553	2274831	4763384	0.91
2022-09-19 09:00:00	302454	287050	589504	0.95
2022-09-19 09:30:00	509330	507094	1016424	1.0
2022-09-19 10:00:00	774066	742487	1516553	0.96
2022-09-19 10:30:00	939099	878692	1817791	0.94
2022-09-19 11:00:00	1094760	1008516	2103276	0.92
2022-09-19 11:30:00	1196963	1140765	2337728	0.95
2022-09-19 12:00:00	1336313	1238801	2575114	0.93
2022-09-19 12:30:00	1445836	1386775	2832611	0.96
2022-09-19 13:00:00	1547139	1495077	3042216	0.97
2022-09-19 13:30:00	1839367	1607635	3447002	0.87
2022-09-19 14:00:00	1953063	1717694	3670757	0.88
2022-09-19 14:30:00	2126648	1888430	4015078	0.89
2022-09-19 15:00:00	2371553	2145522	4517075	0.9
2022-09-19 15:15:00	2420867	2187629	4608496	0.9
2022-09-16 09:00:00	513100	777539	1290639	1.52
2022-09-16 09:30:00	986087	1209712	2195799	1.23
2022-09-16 10:00:00	1299705	1559541	2859246	1.2
2022-09-16 10:30:00	1543770	1849212	3392982	1.2
2022-09-16 11:00:00	1757484	2086967	3844451	1.19
2022-09-16 11:30:00	1949550	2368276	4317826	1.21
2022-09-16 12:00:00	2204134	2660457	4864591	1.21
2022-09-16 12:30:00	2393572	2846545	5240117	1.19
2022-09-16 13:00:00	2570559	3045472	5616031	1.18
2022-09-16 13:30:00	2771918	3263983	6035901	1.18
2022-09-16 14:00:00	2973399	3521796	6495195	1.18
2022-09-16 14:30:00	3242275	3836531	7078806	1.18
2022-09-16 15:00:00	3536698	4236417	7773115	1.2
2022-09-16 15:15:00	3573627	4330246	7903873	1.21
2022-09-15 09:00:00	362727	331763	694490	0.91
2022-09-15 09:30:00	663449	606658	1270107	0.91
2022-09-15 10:00:00	897954	868726	1766680	0.97
2022-09-15 10:30:00	1131191	1122180	2253371	0.99
2022-09-15 11:00:00	1322515	1303273	2625788	0.99
2022-09-15 11:30:00	1486180	1461668	2947848	0.98
2022-09-15 12:00:00	1617667	1652108	3269775	1.02
2022-09-15 12:30:00	1796953	1824560	3621513	1.02
2022-09-15 13:00:00	1919197	1954036	3873233	1.02
2022-09-15 13:30:00	2039495	2076821	4116316	1.02
2022-09-15 14:00:00	2177973	2219683	4397656	1.02
2022-09-15 14:30:00	2370289	2462093	4832382	1.04
2022-09-15 15:00:00	2608548	2762546	5371094	1.06
2022-09-15 15:15:00	2657516	2851457	5508973	1.07
2022-09-14 09:00:00	319105	370134	689239	1.16
2022-09-14 09:30:00	594426	677339	1271765	1.14
2022-09-14 10:00:00	805166	908790	1713956	1.13
2022-09-14 10:30:00	1013453	1070163	2083616	1.06
2022-09-14 11:00:00	1266228	1202545	2468773	0.95
2022-09-14 11:30:00	1411190	1333084	2744274	0.94
2022-09-14 12:00:00	1538633	1469854	3008487	0.96
2022-09-14 12:30:00	1663056	1597296	3260352	0.96
2022-09-14 13:00:00	1817444	1746027	3563471	0.96
2022-09-14 13:30:00	1946131	1913204	3859335	0.98
2022-09-14 14:00:00	2066503	2016551	4083054	0.98
2022-09-14 14:30:00	2246340	2242275	4488615	1.0
2022-09-14 15:00:00	2488323	2522319	5010642	1.01
2022-09-14 15:15:00	2538712	2589666	5128378	1.02
2022-09-13 09:00:00	464066	503676	967742	1.09
2022-09-13 09:30:00	810773	862389	1673162	1.06
2022-09-13 10:00:00	1094872	1161198	2256070	1.06
2022-09-13 10:30:00	1298937	1381655	2680592	1.06
2022-09-13 11:00:00	1512378	1537878	3050256	1.02
2022-09-13 11:30:00	1648528	1715420	3363948	1.04
2022-09-13 12:00:00	1771820	1839413	3611233	1.04
2022-09-13 12:30:00	1893963	2004222	3898185	1.06
2022-09-13 13:00:00	2024363	2124897	4149260	1.05
2022-09-13 13:30:00	2162812	2297449	4460261	1.06
2022-09-13 14:00:00	2382577	2532903	4915480	1.06
2022-09-13 14:30:00	2570786	2796745	5367531	1.09
2022-09-13 15:00:00	2937513	3326783	6264296	1.13
2022-09-13 15:15:00	3025955	3413184	6439139	1.13
2022-09-12 09:00:00	407547	302575	710122	0.74
2022-09-12 09:30:00	739776	617937	1357713	0.84
2022-09-12 10:00:00	981557	816133	1797690	0.83
2022-09-12 10:30:00	1146718	986303	2133021	0.86
2022-09-12 11:00:00	1294776	1167812	2462588	0.9
2022-09-12 11:30:00	1428675	1376044	2804719	0.96
2022-09-12 12:00:00	1529964	1521306	3051270	0.99
2022-09-12 12:30:00	1641601	1673237	3314838	1.02
2022-09-12 13:00:00	1804336	1823829	3628165	1.01
2022-09-12 13:30:00	1902308	1978451	3880759	1.04
2022-09-12 14:00:00	2001372	2099543	4100915	1.05
2022-09-12 14:30:00	2123937	2257687	4381624	1.06
2022-09-12 15:00:00	2364045	2517105	4881150	1.06
2022-09-12 15:15:00	2405751	2595860	5001611	1.08
2022-09-09 09:00:00	594001	501747	1095748	0.84
2022-09-09 09:30:00	1034416	903539	1937955	0.87
2022-09-09 10:00:00	1417443	1325664	2743107	0.94
2022-09-09 10:30:00	1691422	1565287	3256709	0.93
2022-09-09 11:00:00	1964350	1780395	3744745	0.91
2022-09-09 11:30:00	2176655	2010609	4187264	0.92
2022-09-09 12:00:00	2382191	2175724	4557915	0.91
2022-09-09 12:30:00	2603787	2365556	4969343	0.91
2022-09-09 13:00:00	2797209	2553166	5350375	0.91
2022-09-09 13:30:00	2976364	2790152	5766516	0.94
2022-09-09 14:00:00	3165311	2992511	6157822	0.95
2022-09-09 14:30:00	3418905	3193247	6612152	0.93
2022-09-09 15:00:00	3770136	3523784	7293920	0.93
2022-09-09 15:15:00	3820536	3651726	7472262	0.96
2022-09-08 09:00:00	380494	316517	697011	0.83
2022-09-08 09:30:00	615506	559000	1174506	0.91
2022-09-08 10:00:00	911068	787719	1698787	0.86
2022-09-08 10:30:00	1131391	1038238	2169629	0.92
2022-09-08 11:00:00	1323197	1199097	2522294	0.91
2022-09-08 11:30:00	1558728	1423103	2981831	0.91
2022-09-08 12:00:00	1703380	1547900	3251280	0.91
2022-09-08 12:30:00	1857386	1705720	3563106	0.92
2022-09-08 13:00:00	1985235	1847950	3833185	0.93
2022-09-08 13:30:00	2086426	1943845	4030271	0.93
2022-09-08 14:00:00	2220719	2081847	4302566	0.94
2022-09-08 14:30:00	2357605	2221085	4578690	0.94
2022-09-08 15:00:00	2560423	2420916	4981339	0.95
2022-09-08 15:15:00	2612802	2491081	5103883	0.95
2022-09-07 09:00:00	335904	268717	604621	0.8
2022-09-07 09:30:00	520791	475680	996471	0.91
2022-09-07 10:00:00	700934	640710	1341644	0.91
2022-09-07 10:30:00	918385	786193	1704578	0.86
2022-09-07 11:00:00	1047123	902557	1949680	0.86
2022-09-07 11:30:00	1167854	1021862	2189716	0.87
2022-09-07 12:00:00	1296078	1143872	2439950	0.88
2022-09-07 12:30:00	1410002	1270360	2680362	0.9
2022-09-07 13:00:00	1570597	1430652	3001249	0.91
2022-09-07 13:30:00	1741890	1582972	3324862	0.91
2022-09-07 14:00:00	1897595	1750794	3648389	0.92
2022-09-07 14:30:00	2073732	1928227	4001959	0.93
2022-09-07 15:00:00	2311595	2155547	4467142	0.93
2022-09-07 15:15:00	2356389	2213201	4569590	0.94
2022-09-06 09:00:00	264133	247857	511990	0.94
2022-09-06 09:30:00	476163	549519	1025682	1.15
2022-09-06 10:00:00	647159	708983	1356142	1.1
2022-09-06 10:30:00	801745	901425	1703170	1.12
2022-09-06 11:00:00	981872	1038811	2020683	1.06
2022-09-06 11:30:00	1123722	1202414	2326136	1.07
2022-09-06 12:00:00	1255653	1299229	2554882	1.03
2022-09-06 12:30:00	1411600	1431721	2843321	1.01
2022-09-06 13:00:00	1553512	1585164	3138676	1.02
2022-09-06 13:30:00	1671112	1701363	3372475	1.02
2022-09-06 14:00:00	1768590	1840509	3609099	1.04
2022-09-06 14:30:00	1909661	2013684	3923345	1.05
2022-09-06 15:00:00	2095381	2249038	4344419	1.07
2022-09-06 15:15:00	2129577	2311424	4441001	1.09
2022-09-02 09:00:00	486013	518398	1004411	1.07
2022-09-02 09:30:00	870446	889751	1760197	1.02
2022-09-02 10:00:00	1267375	1308456	2575831	1.03
2022-09-02 10:30:00	1460230	1499737	2959967	1.03
2022-09-02 11:00:00	1643202	1701368	3344570	1.04
2022-09-02 11:30:00	1873994	1923793	3797787	1.03
2022-09-02 12:00:00	2133541	2228736	4362277	1.04
2022-09-02 12:30:00	2412932	2547161	4960093	1.06
2022-09-02 13:00:00	2661291	2854629	5515920	1.07
2022-09-02 13:30:00	2834199	3061222	5895421	1.08
2022-09-02 14:00:00	2995879	3254528	6250407	1.09
2022-09-02 14:30:00	3185733	3479568	6665301	1.09
2022-09-02 15:00:00	3501390	3972652	7474042	1.13
2022-09-02 15:15:00	3541995	4044123	7586118	1.14
2022-09-01 09:00:00	454115	465400	919515	1.02
2022-09-01 09:30:00	813838	837661	1651499	1.03
2022-09-01 10:00:00	1048049	1149202	2197251	1.1
2022-09-01 10:30:00	1297527	1433264	2730791	1.1
2022-09-01 11:00:00	1489170	1646031	3135201	1.11
2022-09-01 11:30:00	1698168	1805229	3503397	1.06
2022-09-01 12:00:00	1816204	1955072	3771276	1.08
2022-09-01 12:30:00	2213938	2173958	4387896	0.98
2022-09-01 13:00:00	2356344	2300034	4656378	0.98
2022-09-01 13:30:00	2501207	2518867	5020074	1.01
2022-09-01 14:00:00	2658133	2703590	5361723	1.02
2022-09-01 14:30:00	2841694	2869915	5711609	1.01
2022-09-01 15:00:00	3065343	3142943	6208286	1.03
2022-09-01 15:15:00	3110201	3209427	6319628	1.03
2022-08-31 09:00:00	356362	366699	723061	1.03
2022-08-31 09:30:00	568815	610992	1179807	1.07
2022-08-31 10:00:00	750038	862642	1612680	1.15
2022-08-31 10:30:00	916851	1029998	1946849	1.12
2022-08-31 11:00:00	1050337	1145952	2196289	1.09
2022-08-31 11:30:00	1141787	1231022	2372809	1.08
2022-08-31 12:00:00	1262903	1326235	2589138	1.05
2022-08-31 12:30:00	1359990	1418748	2778738	1.04
2022-08-31 13:00:00	1457334	1549655	3006989	1.06
2022-08-31 13:30:00	1553834	1690205	3244039	1.09
2022-08-31 14:00:00	1697455	1847012	3544467	1.09
2022-08-31 14:30:00	1854578	2023716	3878294	1.09
2022-08-31 15:00:00	2069296	2238456	4307752	1.08
2022-08-31 15:15:00	2118633	2333890	4452523	1.1
2022-08-30 09:00:00	292596	262741	555337	0.9
2022-08-30 09:30:00	531580	526861	1058441	0.99
2022-08-30 10:00:00	858879	866389	1725268	1.01
2022-08-30 10:30:00	1048873	1103656	2152529	1.05
2022-08-30 11:00:00	1191555	1245616	2437171	1.05
2022-08-30 11:30:00	1339032	1387020	2726052	1.04
2022-08-30 12:00:00	1446517	1549352	2995869	1.07
2022-08-30 12:30:00	1580807	1782513	3363320	1.13
2022-08-30 13:00:00	1721701	2049299	3771000	1.19
2022-08-30 13:30:00	1842847	2185451	4028298	1.19
2022-08-30 14:00:00	1986623	2304534	4291157	1.16
2022-08-30 14:30:00	2150356	2479507	4629863	1.15
2022-08-30 15:00:00	2334857	2727727	5062584	1.17
2022-08-30 15:15:00	2367429	2768624	5136053	1.17
2022-08-29 09:00:00	374275	410273	784548	1.1
2022-08-29 09:30:00	630154	768985	1399139	1.22
2022-08-29 10:00:00	836935	1080942	1917877	1.29
2022-08-29 10:30:00	1000424	1292130	2292554	1.29
2022-08-29 11:00:00	1144722	1463670	2608392	1.28
2022-08-29 11:30:00	1302204	1744620	3046824	1.34
2022-08-29 12:00:00	1452592	1844578	3297170	1.27
2022-08-29 12:30:00	1552621	1948230	3500851	1.25
2022-08-29 13:00:00	1665118	2062311	3727429	1.24
2022-08-29 13:30:00	1763629	2163386	3927015	1.23
2022-08-29 14:00:00	1858857	2250374	4109231	1.21
2022-08-29 14:30:00	1961529	2376818	4338347	1.21
2022-08-29 15:00:00	2123054	2558134	4681188	1.2
2022-08-29 15:15:00	2151569	2602096	4753665	1.21
2022-08-26 09:00:00	502731	365783	868514	0.73
2022-08-26 09:30:00	952741	733934	1686675	0.77
2022-08-26 10:00:00	1329981	1093121	2423102	0.82
2022-08-26 10:30:00	1679279	1404109	3083388	0.84
2022-08-26 11:00:00	1930595	1643325	3573920	0.85
2022-08-26 11:30:00	2156331	1916152	4072483	0.89
2022-08-26 12:00:00	2345184	2095607	4440791	0.89
2022-08-26 12:30:00	2506115	2259883	4765998	0.9
2022-08-26 13:00:00	2686209	2463696	5149905	0.92
2022-08-26 13:30:00	2867214	2759512	5626726	0.96
2022-08-26 14:00:00	3049446	3050760	6100206	1.0
2022-08-26 14:30:00	3321541	3395615	6717156	1.02
2022-08-26 15:00:00	3676704	3940958	7617662	1.07
2022-08-26 15:15:00	3720258	4075868	7796126	1.1
2022-08-25 09:00:00	371721	285681	657402	0.77
2022-08-25 09:30:00	663141	502270	1165411	0.76
2022-08-25 10:00:00	946650	794560	1741210	0.84
2022-08-25 10:30:00	1137723	970794	2108517	0.85
2022-08-25 11:00:00	1265344	1084947	2350291	0.86
2022-08-25 11:30:00	1391838	1234146	2625984	0.89
2022-08-25 12:00:00	1497135	1329667	2826802	0.89
2022-08-25 12:30:00	1607037	1412578	3019615	0.88
2022-08-25 13:00:00	1724872	1503656	3228528	0.87
2022-08-25 13:30:00	1826265	1611048	3437313	0.88
2022-08-25 14:00:00	1937983	1706330	3644313	0.88
2022-08-25 14:30:00	2080858	1845856	3926714	0.89
2022-08-25 15:00:00	2381855	2093124	4474979	0.88
2022-08-25 15:15:00	2417680	2142845	4560525	0.89
2022-08-24 09:00:00	300093	206055	506148	0.69
2022-08-24 09:30:00	541002	420700	961702	0.78
2022-08-24 10:00:00	707818	542986	1250804	0.77
2022-08-24 10:30:00	870632	674630	1545262	0.77
2022-08-24 11:00:00	1016780	782653	1799433	0.77
2022-08-24 11:30:00	1125649	868642	1994291	0.77
2022-08-24 12:00:00	1240082	1001420	2241502	0.81
2022-08-24 12:30:00	1331684	1079810	2411494	0.81
2022-08-24 13:00:00	1448747	1171380	2620127	0.81
2022-08-24 13:30:00	1525599	1254295	2779894	0.82
2022-08-24 14:00:00	1619722	1332620	2952342	0.82
2022-08-24 14:30:00	1735626	1448069	3183695	0.83
2022-08-24 15:00:00	1955940	1644770	3600710	0.84
2022-08-24 15:15:00	1975048	1692648	3667696	0.86
2022-08-23 09:00:00	350117	407924	758041	1.17
2022-08-23 09:30:00	619552	649726	1269278	1.05
2022-08-23 10:00:00	795877	803382	1599259	1.01
2022-08-23 10:30:00	954804	943378	1898182	0.99
2022-08-23 11:00:00	1073776	1043775	2117551	0.97
2022-08-23 11:30:00	1168464	1161702	2330166	0.99
2022-08-23 12:00:00	1260655	1244250	2504905	0.99
2022-08-23 12:30:00	1374926	1338316	2713242	0.97
2022-08-23 13:00:00	1493240	1478819	2972059	0.99
2022-08-23 13:30:00	1601099	1554993	3156092	0.97
2022-08-23 14:00:00	1715227	1641608	3356835	0.96
2022-08-23 14:30:00	1854813	1743781	3598594	0.94
2022-08-23 15:00:00	2026186	1936449	3962635	0.96
2022-08-23 15:15:00	2058571	1976299	4034870	0.96
2022-08-22 09:00:00	405727	350760	756487	0.86
2022-08-22 09:30:00	695093	656348	1351441	0.94
2022-08-22 10:00:00	896566	882433	1778999	0.98
2022-08-22 10:30:00	1080917	1059620	2140537	0.98
2022-08-22 11:00:00	1218321	1290606	2508927	1.06
2022-08-22 11:30:00	1327513	1425726	2753239	1.07
2022-08-22 12:00:00	1430558	1519124	2949682	1.06
2022-08-22 12:30:00	1547569	1680404	3227973	1.09
2022-08-22 13:00:00	1681290	1850420	3531710	1.1
2022-08-22 13:30:00	1804224	2000060	3804284	1.11
2022-08-22 14:00:00	1937725	2164480	4102205	1.12
2022-08-22 14:30:00	2129334	2386178	4515512	1.12
2022-08-22 15:00:00	2349294	2674662	5023956	1.14
2022-08-22 15:15:00	2394748	2750224	5144972	1.15
2022-08-19 09:00:00	561572	608357	1169929	1.08
2022-08-19 09:30:00	1004876	1027647	2032523	1.02
2022-08-19 10:00:00	1275676	1320205	2595881	1.03
2022-08-19 10:30:00	1571410	1629030	3200440	1.04
2022-08-19 11:00:00	1804602	1877292	3681894	1.04
2022-08-19 11:30:00	1989498	2073432	4062930	1.04
2022-08-19 12:00:00	2175039	2233080	4408119	1.03
2022-08-19 12:30:00	2345238	2384783	4730021	1.02
2022-08-19 13:00:00	2538911	2548483	5087394	1.0
2022-08-19 13:30:00	2701717	2712352	5414069	1.0
2022-08-19 14:00:00	2883707	2892767	5776474	1.0
2022-08-19 14:30:00	3126587	3161534	6288121	1.01
2022-08-19 15:00:00	3439213	3528396	6967609	1.03
2022-08-19 15:15:00	3470785	3580354	7051139	1.03
2022-08-18 09:00:00	359880	270584	630464	0.75
2022-08-18 09:30:00	662371	544542	1206913	0.82
2022-08-18 10:00:00	902163	705465	1607628	0.78
2022-08-18 10:30:00	1137183	890336	2027519	0.78
2022-08-18 11:00:00	1311038	1082212	2393250	0.83
2022-08-18 11:30:00	1439570	1219937	2659507	0.85
2022-08-18 12:00:00	1575636	1329347	2904983	0.84
2022-08-18 12:30:00	1714212	1436062	3150274	0.84
2022-08-18 13:00:00	1819995	1548800	3368795	0.85
2022-08-18 13:30:00	1970221	1650579	3620800	0.84
2022-08-18 14:00:00	2094012	1830406	3924418	0.87
2022-08-18 14:30:00	2259711	1981494	4241205	0.88
2022-08-18 15:00:00	2510532	2251974	4762506	0.9
2022-08-18 15:15:00	2569935	2329424	4899359	0.91
2022-08-17 09:00:00	419363	380633	799996	0.91
2022-08-17 09:30:00	693145	591084	1284229	0.85
2022-08-17 10:00:00	1001022	798362	1799384	0.8
2022-08-17 10:30:00	1174787	947777	2122564	0.81
2022-08-17 11:00:00	1383239	1162901	2546140	0.84
2022-08-17 11:30:00	1560182	1300006	2860188	0.83
2022-08-17 12:00:00	1715888	1404713	3120601	0.82
2022-08-17 12:30:00	1813293	1490132	3303425	0.82
2022-08-17 13:00:00	1973666	1612038	3585704	0.82
2022-08-17 13:30:00	2158751	1807290	3966041	0.84
2022-08-17 14:00:00	2351549	1963230	4314779	0.83
2022-08-17 14:30:00	2509171	2143641	4652812	0.85
2022-08-17 15:00:00	2708522	2362327	5070849	0.87
2022-08-17 15:15:00	2759958	2451841	5211799	0.89
2022-08-16 09:00:00	334460	274629	609089	0.82
2022-08-16 09:30:00	604148	601542	1205690	1.0
2022-08-16 10:00:00	886205	905051	1791256	1.02
2022-08-16 10:30:00	1102889	1065160	2168049	0.97
2022-08-16 11:00:00	1385743	1304903	2690646	0.94
2022-08-16 11:30:00	1594790	1492042	3086832	0.94
2022-08-16 12:00:00	2021207	1631377	3652584	0.81
2022-08-16 12:30:00	2158977	1746405	3905382	0.81
2022-08-16 13:00:00	2340248	1894399	4234647	0.81
2022-08-16 13:30:00	2558666	2069187	4627853	0.81
2022-08-16 14:00:00	2809796	2298594	5108390	0.82
2022-08-16 14:30:00	3014274	2447599	5461873	0.81
2022-08-16 15:00:00	3223564	2647134	5870698	0.82
2022-08-16 15:15:00	3258725	2709804	5968529	0.83
2022-08-15 09:00:00	400594	331465	732059	0.83
2022-08-15 09:30:00	693221	586585	1279806	0.85
2022-08-15 10:00:00	875541	775490	1651031	0.89
2022-08-15 10:30:00	1035681	926222	1961903	0.89
2022-08-15 11:00:00	1233272	1125849	2359121	0.91
2022-08-15 11:30:00	1393464	1260691	2654155	0.9
2022-08-15 12:00:00	1539969	1380013	2919982	0.9
2022-08-15 12:30:00	1664809	1494144	3158953	0.9
2022-08-15 13:00:00	1791817	1621109	3412926	0.9
2022-08-15 13:30:00	2072298	1869638	3941936	0.9
2022-08-15 14:00:00	2229750	2020997	4250747	0.91
2022-08-15 14:30:00	2421255	2166594	4587849	0.89
2022-08-15 15:00:00	2625538	2415397	5040935	0.92
2022-08-15 15:15:00	2663170	2485892	5149062	0.93
2022-08-12 09:00:00	459807	419392	879199	0.91
2022-08-12 09:30:00	778262	731814	1510076	0.94
2022-08-12 10:00:00	1054084	975780	2029864	0.93
2022-08-12 10:30:00	1359874	1245890	2605764	0.92
2022-08-12 11:00:00	1551850	1491223	3043073	0.96
2022-08-12 11:30:00	1723484	1705433	3428917	0.99
2022-08-12 12:00:00	1917686	1860623	3778309	0.97
2022-08-12 12:30:00	2131602	2157828	4289430	1.01
2022-08-12 13:00:00	2318586	2342660	4661246	1.01
2022-08-12 13:30:00	2551675	2597375	5149050	1.02
2022-08-12 14:00:00	2823688	2808227	5631915	0.99
2022-08-12 14:30:00	3155544	3052533	6208077	0.97
2022-08-12 15:00:00	3527832	3364654	6892486	0.95
2022-08-12 15:15:00	3596647	3435442	7032089	0.96
2022-08-11 09:00:00	596210	335124	931334	0.56
2022-08-11 09:30:00	1055187	686969	1742156	0.65
2022-08-11 10:00:00	1450943	967138	2418081	0.67
2022-08-11 10:30:00	1688429	1364484	3052913	0.81
2022-08-11 11:00:00	1868202	1537367	3405569	0.82
2022-08-11 11:30:00	2016404	1670282	3686686	0.83
2022-08-11 12:00:00	2130868	1750032	3880900	0.82
2022-08-11 12:30:00	2239271	1850165	4089436	0.83
2022-08-11 13:00:00	2371193	1972955	4344148	0.83
2022-08-11 13:30:00	2497315	2099211	4596526	0.84
2022-08-11 14:00:00	2657849	2293955	4951804	0.86
2022-08-11 14:30:00	2808084	2436373	5244457	0.87
2022-08-11 15:00:00	3001271	2637944	5639215	0.88
2022-08-11 15:15:00	3049820	2708541	5758361	0.89
2022-08-10 09:00:00	475582	466113	941695	0.98
2022-08-10 09:30:00	801875	814634	1616509	1.02
2022-08-10 10:00:00	1033324	1045690	2079014	1.01
2022-08-10 10:30:00	1268763	1248071	2516834	0.98
2022-08-10 11:00:00	1487979	1414668	2902647	0.95
2022-08-10 11:30:00	1639727	1555026	3194753	0.95
2022-08-10 12:00:00	1774402	1684573	3458975	0.95
2022-08-10 12:30:00	1904705	1803013	3707718	0.95
2022-08-10 13:00:00	2045540	1953442	3998982	0.95
2022-08-10 13:30:00	2165078	2069006	4234084	0.96
2022-08-10 14:00:00	2325419	2207226	4532645	0.95
2022-08-10 14:30:00	2481968	2366869	4848837	0.95
2022-08-10 15:00:00	2753123	2663980	5417103	0.97
2022-08-10 15:15:00	2808814	2731171	5539985	0.97
2022-08-09 09:00:00	327427	354135	681562	1.08
2022-08-09 09:30:00	560139	556498	1116637	0.99
2022-08-09 10:00:00	768599	685634	1454233	0.89
2022-08-09 10:30:00	922294	837285	1759579	0.91
2022-08-09 11:00:00	1060300	950890	2011190	0.9
2022-08-09 11:30:00	1208261	1063154	2271415	0.88
2022-08-09 12:00:00	1330674	1160383	2491057	0.87
2022-08-09 12:30:00	1456683	1268239	2724922	0.87
2022-08-09 13:00:00	1585056	1372864	2957920	0.87
2022-08-09 13:30:00	1678843	1487223	3166066	0.89
2022-08-09 14:00:00	1807113	1606179	3413292	0.89
2022-08-09 14:30:00	1948376	1742557	3690933	0.89
2022-08-09 15:00:00	2150360	1920107	4070467	0.89
2022-08-09 15:15:00	2190641	1962058	4152699	0.9
2022-08-08 09:00:00	478180	310202	788382	0.65
2022-08-08 09:30:00	817321	654319	1471640	0.8
2022-08-08 10:00:00	1024208	889528	1913736	0.87
2022-08-08 10:30:00	1228665	1129950	2358615	0.92
2022-08-08 11:00:00	1494972	1382437	2877409	0.92
2022-08-08 11:30:00	1646683	1536857	3183540	0.93
2022-08-08 12:00:00	1776990	1654404	3431394	0.93
2022-08-08 12:30:00	1873094	1777974	3651068	0.95
2022-08-08 13:00:00	2007342	1874888	3882230	0.93
2022-08-08 13:30:00	2120613	1970462	4091075	0.93
2022-08-08 14:00:00	2235241	2090529	4325770	0.94
2022-08-08 14:30:00	2357279	2238788	4596067	0.95
2022-08-08 15:00:00	2527855	2414113	4941968	0.96
2022-08-08 15:15:00	2551125	2458034	5009159	0.96
2022-08-05 09:00:00	542022	459048	1001070	0.85
2022-08-05 09:30:00	966909	815312	1782221	0.84
2022-08-05 10:00:00	1267785	1047836	2315621	0.83
2022-08-05 10:30:00	1577879	1386959	2964838	0.88
2022-08-05 11:00:00	1830835	1646461	3477296	0.9
2022-08-05 11:30:00	2029425	1814052	3843477	0.89
2022-08-05 12:00:00	2206231	1971122	4177353	0.89
2022-08-05 12:30:00	2396685	2141184	4537869	0.89
2022-08-05 13:00:00	2588826	2293749	4882575	0.89
2022-08-05 13:30:00	2764013	2433373	5197386	0.88
2022-08-05 14:00:00	2931470	2594803	5526273	0.89
2022-08-05 14:30:00	3411842	2809674	6221516	0.82
2022-08-05 15:00:00	3733919	3141877	6875796	0.84
2022-08-05 15:15:00	3777581	3275457	7053038	0.87
2022-08-04 09:00:00	518213	434919	953132	0.84
2022-08-04 09:30:00	831077	704429	1535506	0.85
2022-08-04 10:00:00	978953	794127	1773080	0.81
2022-08-04 10:30:00	1162636	928565	2091201	0.8
2022-08-04 11:00:00	1548354	1274219	2822573	0.82
2022-08-04 11:30:00	1498945	1227235	2726180	0.82
2022-08-04 12:00:00	1645655	1332684	2978339	0.81
2022-08-04 12:30:00	1775234	1452975	3228209	0.82
2022-08-04 13:00:00	1887502	1562968	3450470	0.83
2022-08-04 13:30:00	2067633	1672381	3740014	0.81
2022-08-04 14:00:00	2185844	1771426	3957270	0.81
2022-08-04 14:30:00	2351746	1904712	4256458	0.81
2022-08-04 15:00:00	2604449	2151408	4755857	0.83
2022-08-04 15:15:00	2639807	2232829	4872636	0.85
2022-08-03 09:00:00	366672	257430	624102	0.7
2022-08-03 09:30:00	650847	467732	1118579	0.72
2022-08-03 10:00:00	827780	637315	1465095	0.77
2022-08-03 10:30:00	998791	798004	1796795	0.8
2022-08-03 11:00:00	1191607	979682	2171289	0.82
2022-08-03 11:30:00	1345613	1103035	2448648	0.82
2022-08-03 12:00:00	1532111	1243312	2775423	0.81
2022-08-03 12:30:00	1697106	1451626	3148732	0.86
2022-08-03 13:00:00	1857811	1564431	3422242	0.84
2022-08-03 13:30:00	2016302	1700512	3716814	0.84
2022-08-03 14:00:00	2162059	1835826	3997885	0.85
2022-08-03 14:30:00	2327332	1987322	4314654	0.85
2022-08-03 15:00:00	2579088	2237059	4816147	0.87
2022-08-03 15:15:00	2632848	2326985	4959833	0.88
2022-08-02 09:00:00	389900	278303	668203	0.71
2022-08-02 09:30:00	653314	582177	1235491	0.89
2022-08-02 10:00:00	875989	812909	1688898	0.93
2022-08-02 10:30:00	1034693	962387	1997080	0.93
2022-08-02 11:00:00	1191988	1093496	2285484	0.92
2022-08-02 11:30:00	1365385	1247123	2612508	0.91
2022-08-02 12:00:00	1528150	1392931	2921081	0.91
2022-08-02 12:30:00	1696913	1654929	3351842	0.98
2022-08-02 13:00:00	1868670	1837496	3706166	0.98
2022-08-02 13:30:00	2028036	1955325	3983361	0.96
2022-08-02 14:00:00	2142762	2077653	4220415	0.97
2022-08-02 14:30:00	2291434	2226671	4518105	0.97
2022-08-02 15:00:00	2492110	2440160	4932270	0.98
2022-08-02 15:15:00	2536658	2500754	5037412	0.99
2022-08-01 09:00:00	374871	280854	655725	0.75
2022-08-01 09:30:00	667784	655848	1323632	0.98
2022-08-01 10:00:00	922029	888680	1810709	0.96
2022-08-01 10:30:00	1084610	1028582	2113192	0.95
2022-08-01 11:00:00	1222348	1206636	2428984	0.99
2022-08-01 11:30:00	1355023	1328502	2683525	0.98
2022-08-01 12:00:00	1459618	1436562	2896180	0.98
2022-08-01 12:30:00	1586352	1568035	3154387	0.99
2022-08-01 13:00:00	1729788	1718633	3448421	0.99
2022-08-01 13:30:00	1839395	1859907	3699302	1.01
2022-08-01 14:00:00	1977801	1963248	3941049	0.99
2022-08-01 14:30:00	2112308	2075758	4188066	0.98
2022-08-01 15:00:00	2294650	2297578	4592228	1.0
2022-08-01 15:15:00	2341328	2383762	4725090	1.02
2022-07-29 09:00:00	624859	526139	1150998	0.84
2022-07-29 09:30:00	1060786	1056172	2116958	1.0
2022-07-29 10:00:00	1397635	1346990	2744625	0.96
2022-07-29 10:30:00	1720543	1726306	3446849	1.0
2022-07-29 11:00:00	1936305	1928913	3865218	1.0
2022-07-29 11:30:00	2096478	2167550	4264028	1.03
2022-07-29 12:00:00	2270950	2333138	4604088	1.03
2022-07-29 12:30:00	2474343	2463637	4937980	1.0
2022-07-29 13:00:00	2689490	2725919	5415409	1.01
2022-07-29 13:30:00	2940377	2963053	5903430	1.01
2022-07-29 14:00:00	3218332	3261334	6479666	1.01
2022-07-29 14:30:00	3518106	3510387	7028493	1.0
2022-07-29 15:00:00	3930162	3826668	7756830	0.97
2022-07-29 15:15:00	3984711	3929080	7913791	0.99
2022-07-28 09:00:00	436633	442430	879063	1.01
2022-07-28 09:30:00	706917	715362	1422279	1.01
2022-07-28 10:00:00	924669	902574	1827243	0.98
2022-07-28 10:30:00	1143047	1096762	2239809	0.96
2022-07-28 11:00:00	1364305	1293555	2657860	0.95
2022-07-28 11:30:00	1567005	1440505	3007510	0.92
2022-07-28 12:00:00	1692352	1567948	3260300	0.93
2022-07-28 12:30:00	1866562	1703736	3570298	0.91
2022-07-28 13:00:00	2059627	1885935	3945562	0.92
2022-07-28 13:30:00	2201086	2033155	4234241	0.92
2022-07-28 14:00:00	2362071	2209515	4571586	0.94
2022-07-28 14:30:00	2584594	2408306	4992900	0.93
2022-07-28 15:00:00	2876451	2702456	5578907	0.94
2022-07-28 15:15:00	2919958	2803455	5723413	0.96
2022-07-27 09:00:00	299148	289626	588774	0.97
2022-07-27 09:30:00	500038	476717	976755	0.95
2022-07-27 10:00:00	647436	676710	1324146	1.05
2022-07-27 10:30:00	847065	820527	1667592	0.97
2022-07-27 11:00:00	1015731	957496	1973227	0.94
2022-07-27 11:30:00	1117710	1063351	2181061	0.95
2022-07-27 12:00:00	1218056	1160553	2378609	0.95
2022-07-27 12:30:00	1322654	1254350	2577004	0.95
2022-07-27 13:00:00	1435898	1364173	2800071	0.95
2022-07-27 13:30:00	1560217	1491399	3051616	0.96
2022-07-27 14:00:00	1846960	1792184	3639144	0.97
2022-07-27 14:30:00	2126180	2091631	4217811	0.98
2022-07-27 15:00:00	2456276	2576769	5033045	1.05
2022-07-27 15:15:00	2494594	2709076	5203670	1.09
2022-07-26 09:00:00	313764	288870	602634	0.92
2022-07-26 09:30:00	526534	475559	1002093	0.9
2022-07-26 10:00:00	664229	608335	1272564	0.92
2022-07-26 10:30:00	802523	739502	1542025	0.92
2022-07-26 11:00:00	992319	915593	1907912	0.92
2022-07-26 11:30:00	1116135	1068351	2184486	0.96
2022-07-26 12:00:00	1258618	1210181	2468799	0.96
2022-07-26 12:30:00	1340243	1298543	2638786	0.97
2022-07-26 13:00:00	1423229	1374655	2797884	0.97
2022-07-26 13:30:00	1546349	1504855	3051204	0.97
2022-07-26 14:00:00	1694429	1616035	3310464	0.95
2022-07-26 14:30:00	1847382	1730249	3577631	0.94
2022-07-26 15:00:00	2043660	1959139	4002799	0.96
2022-07-26 15:15:00	2072678	2016979	4089657	0.97
2022-07-25 09:00:00	301781	230094	531875	0.76
2022-07-25 09:30:00	476003	417636	893639	0.88
2022-07-25 10:00:00	613220	553080	1166300	0.9
2022-07-25 10:30:00	840071	693429	1533500	0.83
2022-07-25 11:00:00	961751	798351	1760102	0.83
2022-07-25 11:30:00	1072340	883324	1955664	0.82
2022-07-25 12:00:00	1169831	978770	2148601	0.84
2022-07-25 12:30:00	1260490	1053610	2314100	0.84
2022-07-25 13:00:00	1343890	1179528	2523418	0.88
2022-07-25 13:30:00	1434528	1276127	2710655	0.89
2022-07-25 14:00:00	1531190	1366245	2897435	0.89
2022-07-25 14:30:00	1629567	1482162	3111729	0.91
2022-07-25 15:00:00	1793833	1684886	3478719	0.94
2022-07-25 15:15:00	1836348	1757493	3593841	0.96
2022-07-22 09:00:00	513297	509014	1022311	0.99
2022-07-22 09:30:00	885989	848508	1734497	0.96
2022-07-22 10:00:00	1099348	1045496	2144844	0.95
2022-07-22 10:30:00	1339042	1285582	2624624	0.96
2022-07-22 11:00:00	1629181	1591063	3220244	0.98
2022-07-22 11:30:00	1826417	1918600	3745017	1.05
2022-07-22 12:00:00	1987043	2081771	4068814	1.05
2022-07-22 12:30:00	2220281	2289195	4509476	1.03
2022-07-22 13:00:00	2391636	2492153	4883789	1.04
2022-07-22 13:30:00	2559248	2722679	5281927	1.06
2022-07-22 14:00:00	2713366	2885261	5598627	1.06
2022-07-22 14:30:00	2903753	3067074	5970827	1.06
2022-07-22 15:00:00	3212130	3394611	6606741	1.06
2022-07-22 15:15:00	3244954	3486003	6730957	1.07
2022-07-21 09:00:00	392736	276209	668945	0.7
2022-07-21 09:30:00	670268	539561	1209829	0.8
2022-07-21 10:00:00	834346	770277	1604623	0.92
2022-07-21 10:30:00	1006383	911930	1918313	0.91
2022-07-21 11:00:00	1155078	1064175	2219253	0.92
2022-07-21 11:30:00	1356739	1231563	2588302	0.91
2022-07-21 12:00:00	1522349	1391168	2913517	0.91
2022-07-21 12:30:00	1640208	1534590	3174798	0.94
2022-07-21 13:00:00	1765264	1652930	3418194	0.94
2022-07-21 13:30:00	1891430	1753919	3645349	0.93
2022-07-21 14:00:00	2010427	1864885	3875312	0.93
2022-07-21 14:30:00	2167302	1999725	4167027	0.92
2022-07-21 15:00:00	2441610	2264854	4706464	0.93
2022-07-21 15:15:00	2487933	2351630	4839563	0.95
2022-07-20 09:00:00	298120	320154	618274	1.07
2022-07-20 09:30:00	530035	514206	1044241	0.97
2022-07-20 10:00:00	890819	837448	1728267	0.94
2022-07-20 10:30:00	1101987	992797	2094784	0.9
2022-07-20 11:00:00	1322993	1170617	2493610	0.88
2022-07-20 11:30:00	1477685	1321625	2799310	0.89
2022-07-20 12:00:00	1638361	1457139	3095500	0.89
2022-07-20 12:30:00	1785749	1607843	3393592	0.9
2022-07-20 13:00:00	1901516	1722615	3624131	0.91
2022-07-20 13:30:00	1990113	1848355	3838468	0.93
2022-07-20 14:00:00	2105028	1955933	4060961	0.93
2022-07-20 14:30:00	2279505	2103230	4382735	0.92
2022-07-20 15:00:00	2481808	2312782	4794590	0.93
2022-07-20 15:15:00	2515053	2379291	4894344	0.95
2022-07-19 09:00:00	298043	277351	575394	0.93
2022-07-19 09:30:00	539832	481528	1021360	0.89
2022-07-19 10:00:00	744149	776911	1521060	1.04
2022-07-19 10:30:00	974517	962938	1937455	0.99
2022-07-19 11:00:00	1161434	1095062	2256496	0.94
2022-07-19 11:30:00	1312787	1260733	2573520	0.96
2022-07-19 12:00:00	1500038	1431531	2931569	0.95
2022-07-19 12:30:00	1620930	1543006	3163936	0.95
2022-07-19 13:00:00	1764094	1659926	3424020	0.94
2022-07-19 13:30:00	1949866	1893967	3843833	0.97
2022-07-19 14:00:00	2085809	2050000	4135809	0.98
2022-07-19 14:30:00	2225694	2186057	4411751	0.98
2022-07-19 15:00:00	2489701	2414824	4904525	0.97
2022-07-19 15:15:00	2518323	2477472	4995795	0.98
2022-07-18 09:00:00	432442	292600	725042	0.68
2022-07-18 09:30:00	769200	652714	1421914	0.85
2022-07-18 10:00:00	943559	826298	1769857	0.88
2022-07-18 10:30:00	1082838	953167	2036005	0.88
2022-07-18 11:00:00	1252468	1062939	2315407	0.85
2022-07-18 11:30:00	1375906	1193240	2569146	0.87
2022-07-18 12:00:00	1470001	1307264	2777265	0.89
2022-07-18 12:30:00	1579915	1455349	3035264	0.92
2022-07-18 13:00:00	1734613	1660988	3395601	0.96
2022-07-18 13:30:00	1874531	1799023	3673554	0.96
2022-07-18 14:00:00	1981578	1949184	3930762	0.98
2022-07-18 14:30:00	2115406	2078237	4193643	0.98
2022-07-18 15:00:00	2316420	2297829	4614249	0.99
2022-07-18 15:15:00	2345590	2366916	4712506	1.01
2022-07-15 09:00:00	490403	540149	1030552	1.1
2022-07-15 09:30:00	844339	864527	1708866	1.02
2022-07-15 10:00:00	1119755	1147530	2267285	1.02
2022-07-15 10:30:00	1406423	1370651	2777074	0.97
2022-07-15 11:00:00	1581399	1541875	3123274	0.98
2022-07-15 11:30:00	1759562	1715345	3474907	0.97
2022-07-15 12:00:00	1942060	1866945	3809005	0.96
2022-07-15 12:30:00	2160175	2024884	4185059	0.94
2022-07-15 13:00:00	2318639	2178177	4496816	0.94
2022-07-15 13:30:00	2480659	2335938	4816597	0.94
2022-07-15 14:00:00	2760224	2496551	5256775	0.9
2022-07-15 14:30:00	2949538	2662663	5612201	0.9
2022-07-15 15:00:00	3300615	2984232	6284847	0.9
2022-07-15 15:15:00	3341955	3071402	6413357	0.92
2022-07-14 09:00:00	366767	462550	829317	1.26
2022-07-14 09:30:00	694104	742043	1436147	1.07
2022-07-14 10:00:00	1148519	967631	2116150	0.84
2022-07-14 10:30:00	1373844	1172501	2546345	0.85
2022-07-14 11:00:00	1625687	1382728	3008415	0.85
2022-07-14 11:30:00	1793037	1592022	3385059	0.89
2022-07-14 12:00:00	1914574	1723150	3637724	0.9
2022-07-14 12:30:00	2079120	1861424	3940544	0.9
2022-07-14 13:00:00	2195752	1973966	4169718	0.9
2022-07-14 13:30:00	2329040	2136780	4465820	0.92
2022-07-14 14:00:00	2513247	2298523	4811770	0.91
2022-07-14 14:30:00	2692618	2449371	5141989	0.91
2022-07-14 15:00:00	2919540	2730112	5649652	0.94
2022-07-14 15:15:00	2957602	2801688	5759290	0.95
2022-07-13 09:00:00	357278	340579	697857	0.95
2022-07-13 09:30:00	615588	556947	1172535	0.9
2022-07-13 10:00:00	871711	763083	1634794	0.88
2022-07-13 10:30:00	1029785	923406	1953191	0.9
2022-07-13 11:00:00	1151324	1065410	2216734	0.93
2022-07-13 11:30:00	1229563	1173055	2402618	0.95
2022-07-13 12:00:00	1331214	1267556	2598770	0.95
2022-07-13 12:30:00	1434894	1411020	2845914	0.98
2022-07-13 13:00:00	1527022	1519533	3046555	1.0
2022-07-13 13:30:00	1681051	1676408	3357459	1.0
2022-07-13 14:00:00	1864569	1794330	3658899	0.96
2022-07-13 14:30:00	1977871	1918541	3896412	0.97
2022-07-13 15:00:00	2150982	2158907	4309889	1.0
2022-07-13 15:15:00	2212598	2225782	4438380	1.01
2022-07-12 09:00:00	315742	231799	547541	0.73
2022-07-12 09:30:00	589121	446156	1035277	0.76
2022-07-12 10:00:00	773953	627727	1401680	0.81
2022-07-12 10:30:00	924404	750495	1674899	0.81
2022-07-12 11:00:00	1038194	833097	1871291	0.8
2022-07-12 11:30:00	1130570	909885	2040455	0.8
2022-07-12 12:00:00	1215111	979088	2194199	0.81
2022-07-12 12:30:00	1321231	1069435	2390666	0.81
2022-07-12 13:00:00	1391373	1164856	2556229	0.84
2022-07-12 13:30:00	1477503	1244585	2722088	0.84
2022-07-12 14:00:00	1584430	1352836	2937266	0.85
2022-07-12 14:30:00	1762352	1535512	3297864	0.87
2022-07-12 15:00:00	2000734	1848859	3849593	0.92
2022-07-12 15:15:00	2032274	1911417	3943691	0.94
2022-07-11 09:00:00	427533	261806	689339	0.61
2022-07-11 09:30:00	622127	413283	1035410	0.66
2022-07-11 10:00:00	861035	596032	1457067	0.69
2022-07-11 10:30:00	1002968	752210	1755178	0.75
2022-07-11 11:00:00	1124132	848021	1972153	0.75
2022-07-11 11:30:00	1189837	927376	2117213	0.78
2022-07-11 12:00:00	1257183	1002097	2259280	0.8
2022-07-11 12:30:00	1338170	1113400	2451570	0.83
2022-07-11 13:00:00	1429076	1201619	2630695	0.84
2022-07-11 13:30:00	1506159	1286533	2792692	0.85
2022-07-11 14:00:00	1577363	1366910	2944273	0.87
2022-07-11 14:30:00	1708007	1530988	3238995	0.9
2022-07-11 15:00:00	1906819	1714474	3621293	0.9
2022-07-11 15:15:00	1951479	1766944	3718423	0.91
2022-07-08 09:00:00	422439	342947	765386	0.81
2022-07-08 09:30:00	696670	645438	1342108	0.93
2022-07-08 10:00:00	1034720	972311	2007031	0.94
2022-07-08 10:30:00	1309802	1183316	2493118	0.9
2022-07-08 11:00:00	1521553	1374980	2896533	0.9
2022-07-08 11:30:00	1694551	1538805	3233356	0.91
2022-07-08 12:00:00	1882127	1716409	3598536	0.91
2022-07-08 12:30:00	2047190	1882442	3929632	0.92
2022-07-08 13:00:00	2187161	2018737	4205898	0.92
2022-07-08 13:30:00	2326283	2159168	4485451	0.93
2022-07-08 14:00:00	2489247	2312913	4802160	0.93
2022-07-08 14:30:00	2657824	2479229	5137053	0.93
2022-07-08 15:00:00	2947081	2772305	5719386	0.94
2022-07-08 15:15:00	2978200	2828819	5807019	0.95
2022-07-07 09:00:00	402960	274573	677533	0.68
2022-07-07 09:30:00	651715	462308	1114023	0.71
2022-07-07 10:00:00	880714	694950	1575664	0.79
2022-07-07 10:30:00	1038058	871648	1909706	0.84
2022-07-07 11:00:00	1245307	1012928	2258235	0.81
2022-07-07 11:30:00	1509743	1137534	2647277	0.75
2022-07-07 12:00:00	1672870	1262961	2935831	0.75
2022-07-07 12:30:00	1795441	1352330	3147771	0.75
2022-07-07 13:00:00	1922416	1467607	3390023	0.76
2022-07-07 13:30:00	2060901	1618347	3679248	0.79
2022-07-07 14:00:00	2245585	1762065	4007650	0.78
2022-07-07 14:30:00	2441882	1943761	4385643	0.8
2022-07-07 15:00:00	2698015	2140378	4838393	0.79
2022-07-07 15:15:00	2763441	2242316	5005757	0.81
2022-07-06 09:00:00	269092	227649	496741	0.85
2022-07-06 09:30:00	694129	388536	1082665	0.56
2022-07-06 10:00:00	852468	558950	1411418	0.66
2022-07-06 10:30:00	981348	668763	1650111	0.68
2022-07-06 11:00:00	1109204	857573	1966777	0.77
2022-07-06 11:30:00	1189262	926640	2115902	0.78
2022-07-06 12:00:00	1262964	988494	2251458	0.78
2022-07-06 12:30:00	1358784	1076456	2435240	0.79
2022-07-06 13:00:00	1439143	1149120	2588263	0.8
2022-07-06 13:30:00	1555697	1259043	2814740	0.81
2022-07-06 14:00:00	1709003	1386963	3095966	0.81
2022-07-06 14:30:00	1886348	1570396	3456744	0.83
2022-07-06 15:00:00	2095789	1792327	3888116	0.86
2022-07-06 15:15:00	2129103	1879993	4009096	0.88
2022-07-05 09:00:00	286760	264012	550772	0.92
2022-07-05 09:30:00	522027	482764	1004791	0.92
2022-07-05 10:00:00	772926	770348	1543274	1.0
2022-07-05 10:30:00	915349	878664	1794013	0.96
2022-07-05 11:00:00	1240690	998277	2238967	0.8
2022-07-05 11:30:00	1363249	1115194	2478443	0.82
2022-07-05 12:00:00	1453581	1227389	2680970	0.84
2022-07-05 12:30:00	1577133	1339820	2916953	0.85
2022-07-05 13:00:00	1696805	1446690	3143495	0.85
2022-07-05 13:30:00	1820865	1538718	3359583	0.85
2022-07-05 14:00:00	1973291	1716938	3690229	0.87
2022-07-05 14:30:00	2126664	1885843	4012507	0.89
2022-07-05 15:00:00	2338138	2066826	4404964	0.88
2022-07-05 15:15:00	2405697	2134026	4539723	0.89
2022-07-01 09:00:00	452625	383779	836404	0.85
2022-07-01 09:30:00	740527	699663	1440190	0.94
2022-07-01 10:00:00	1084066	1001285	2085351	0.92
2022-07-01 10:30:00	1300037	1182413	2482450	0.91
2022-07-01 11:00:00	1439731	1352587	2792318	0.94
2022-07-01 11:30:00	1606528	1480780	3087308	0.92
2022-07-01 12:00:00	1740345	1617766	3358111	0.93
2022-07-01 12:30:00	1861001	1784808	3645809	0.96
2022-07-01 13:00:00	2023215	1920304	3943519	0.95
2022-07-01 13:30:00	2174986	2080862	4255848	0.96
2022-07-01 14:00:00	2377690	2270018	4647708	0.95
2022-07-01 14:30:00	2562969	2427242	4990211	0.95
2022-07-01 15:00:00	2864852	2733879	5598731	0.95
2022-07-01 15:15:00	2907464	2818120	5725584	0.97
2022-06-30 09:00:00	377749	402746	780495	1.07
2022-06-30 09:30:00	706162	628597	1334759	0.89
2022-06-30 10:00:00	909504	810767	1720271	0.89
2022-06-30 10:30:00	1087771	1005136	2092907	0.92
2022-06-30 11:00:00	1535804	1141158	2676962	0.74
2022-06-30 11:30:00	1647533	1237784	2885317	0.75
2022-06-30 12:00:00	1776571	1441108	3217679	0.81
2022-06-30 12:30:00	1879635	1542443	3422078	0.82
2022-06-30 13:00:00	1972625	1647039	3619664	0.83
2022-06-30 13:30:00	2057476	1728499	3785975	0.84
2022-06-30 14:00:00	2133272	1821711	3954983	0.85
2022-06-30 14:30:00	2354249	2126224	4480473	0.9
2022-06-30 15:00:00	2600738	2358217	4958955	0.91
2022-06-30 15:15:00	2639610	2435073	5074683	0.92
2022-06-29 09:00:00	311572	280781	592353	0.9
2022-06-29 09:30:00	530220	488315	1018535	0.92
2022-06-29 10:00:00	713639	668287	1381926	0.94
2022-06-29 10:30:00	817183	814726	1631909	1.0
2022-06-29 11:00:00	919021	955567	1874588	1.04
2022-06-29 11:30:00	1021879	1053408	2075287	1.03
2022-06-29 12:00:00	1108976	1145444	2254420	1.03
2022-06-29 12:30:00	1205035	1249466	2454501	1.04
2022-06-29 13:00:00	1290172	1335291	2625463	1.03
2022-06-29 13:30:00	1408471	1483419	2891890	1.05
2022-06-29 14:00:00	1501368	1591828	3093196	1.06
2022-06-29 14:30:00	1630455	2155773	3786228	1.32
2022-06-29 15:00:00	1828944	2324911	4153855	1.27
2022-06-29 15:15:00	1871396	2396259	4267655	1.28
2022-06-28 09:00:00	352556	279462	632018	0.79
2022-06-28 09:30:00	680407	515115	1195522	0.76
2022-06-28 10:00:00	862889	739180	1602069	0.86
2022-06-28 10:30:00	1023941	886362	1910303	0.87
2022-06-28 11:00:00	1223808	1068564	2292372	0.87
2022-06-28 11:30:00	1457732	1218532	2676264	0.84
2022-06-28 12:00:00	1554626	1355313	2909939	0.87
2022-06-28 12:30:00	1702765	1493005	3195770	0.88
2022-06-28 13:00:00	1793629	1593343	3386972	0.89
2022-06-28 13:30:00	1924715	1743932	3668647	0.91
2022-06-28 14:00:00	2050697	1893546	3944243	0.92
2022-06-28 14:30:00	2183901	2018667	4202568	0.92
2022-06-28 15:00:00	2376858	2220166	4597024	0.93
2022-06-28 15:15:00	2436777	2275565	4712342	0.93
2022-06-27 09:00:00	249350	196913	446263	0.79
2022-06-27 09:30:00	466263	388848	855111	0.83
2022-06-27 10:00:00	691460	511209	1202669	0.74
2022-06-27 10:30:00	836704	641145	1477849	0.77
2022-06-27 11:00:00	980008	844278	1824286	0.86
2022-06-27 11:30:00	1089776	934508	2024284	0.86
2022-06-27 12:00:00	1179252	1009470	2188722	0.86
2022-06-27 12:30:00	1273351	1109467	2382818	0.87
2022-06-27 13:00:00	1363936	1236850	2600786	0.91
2022-06-27 13:30:00	1458190	1319862	2778052	0.91
2022-06-27 14:00:00	1582542	1413255	2995797	0.89
2022-06-27 14:30:00	1746762	1582823	3329585	0.91
2022-06-27 15:00:00	1911422	1771881	3683303	0.93
2022-06-27 15:15:00	1944393	1824586	3768979	0.94
2022-05-31 09:00:00	399637	327544	727181	0.82
2022-05-31 09:30:00	631711	548284	1179995	0.87
2022-05-31 10:00:00	881821	808530	1690351	0.92
2022-05-31 10:30:00	1079173	1012468	2091641	0.94
2022-05-31 11:00:00	1261727	1173078	2434805	0.93
2022-05-31 11:30:00	1483771	1370528	2854299	0.92
2022-05-31 12:00:00	1618701	1506613	3125314	0.93
2022-05-31 12:30:00	1796188	1601273	3397461	0.89
2022-05-31 13:00:00	1901181	1710796	3611977	0.9
2022-05-31 13:30:00	2021085	1823986	3845071	0.9
2022-05-31 14:00:00	2143172	1971920	4115092	0.92
2022-05-31 14:30:00	2274778	2107462	4382240	0.93
2022-05-31 15:00:00	2445570	2346009	4791579	0.96
2022-05-31 15:15:00	2491062	2409789	4900851	0.97
2022-05-27 09:00:00	568430	470539	1038969	0.83
2022-05-27 09:30:00	997113	931424	1928537	0.93
2022-05-27 10:00:00	1332936	1261672	2594608	0.95
2022-05-27 10:30:00	1771155	1487308	3258463	0.84
2022-05-27 11:00:00	1978141	1731365	3709506	0.88
2022-05-27 11:30:00	2211403	1896126	4107529	0.86
2022-05-27 12:00:00	2364299	2052365	4416664	0.87
2022-05-27 12:30:00	2509460	2209166	4718626	0.88
2022-05-27 13:00:00	2651349	2387240	5038589	0.9
2022-05-27 13:30:00	2825739	2521999	5347738	0.89
2022-05-27 14:00:00	3009617	2695100	5704717	0.9
2022-05-27 14:30:00	3325774	2930171	6255945	0.88
2022-05-27 15:00:00	3743194	3272209	7015403	0.87
2022-05-27 15:15:00	3799520	3409472	7208992	0.9
2022-05-26 09:00:00	378070	355660	733730	0.94
2022-05-26 09:30:00	750813	628668	1379481	0.84
2022-05-26 10:00:00	987573	821176	1808749	0.83
2022-05-26 10:30:00	1184451	1034048	2218499	0.87
2022-05-26 11:00:00	1389187	1172895	2562082	0.84
2022-05-26 11:30:00	1594738	1356766	2951504	0.85
2022-05-26 12:00:00	1771282	1595468	3366750	0.9
2022-05-26 12:30:00	1986022	1871101	3857123	0.94
2022-05-26 13:00:00	2198369	1979251	4177620	0.9
2022-05-26 13:30:00	2330729	2105241	4435970	0.9
2022-05-26 14:00:00	2485352	2285167	4770519	0.92
2022-05-26 14:30:00	2672905	2401352	5074257	0.9
2022-05-26 15:00:00	2872475	2623407	5495882	0.91
2022-05-26 15:15:00	2909426	2692976	5602402	0.93
2022-05-25 09:00:00	228950	205914	434864	0.9
2022-05-25 09:30:00	409193	367033	776226	0.9
2022-05-25 10:00:00	587214	530183	1117397	0.9
2022-05-25 10:30:00	731846	645827	1377673	0.88
2022-05-25 11:00:00	851700	785539	1637239	0.92
2022-05-25 11:30:00	960547	871468	1832015	0.91
2022-05-25 12:00:00	1088967	978329	2067296	0.9
2022-05-25 12:30:00	1212784	1050351	2263135	0.87
2022-05-25 13:00:00	1318512	1136720	2455232	0.86
2022-05-25 13:30:00	1504452	1262832	2767284	0.84
2022-05-25 14:00:00	1666789	1387071	3053860	0.83
2022-05-25 14:30:00	1870611	1560105	3430716	0.83
2022-05-25 15:00:00	2070045	1791009	3861054	0.87
2022-05-25 15:15:00	2119673	1852635	3972308	0.87
2022-05-24 09:00:00	270157	282893	553050	1.05
2022-05-24 09:30:00	529671	563036	1092707	1.06
2022-05-24 10:00:00	727037	760482	1487519	1.05
2022-05-24 10:30:00	927499	892522	1820021	0.96
2022-05-24 11:00:00	1062162	1034985	2097147	0.97
2022-05-24 11:30:00	1181690	1158176	2339866	0.98
2022-05-24 12:00:00	1287176	1267415	2554591	0.98
2022-05-24 12:30:00	1376355	1358638	2734993	0.99
2022-05-24 13:00:00	1492738	1456774	2949512	0.98
2022-05-24 13:30:00	1635965	1577776	3213741	0.96
2022-05-24 14:00:00	1768398	1718688	3487086	0.97
2022-05-24 14:30:00	1926502	1871614	3798116	0.97
2022-05-24 15:00:00	2139601	2103021	4242622	0.98
2022-05-24 15:15:00	2173084	2168865	4341949	1.0
2022-05-23 09:00:00	332416	274073	606489	0.82
2022-05-23 09:30:00	538278	476279	1014557	0.88
2022-05-23 10:00:00	768843	682801	1451644	0.89
2022-05-23 10:30:00	1048306	914300	1962606	0.87
2022-05-23 11:00:00	1218094	1056131	2274225	0.87
2022-05-23 11:30:00	1374607	1240602	2615209	0.9
2022-05-23 12:00:00	1498042	1345302	2843344	0.9
2022-05-23 12:30:00	1591593	1439938	3031531	0.9
2022-05-23 13:00:00	1714227	1550562	3264789	0.9
2022-05-23 13:30:00	1834040	1709672	3543712	0.93
2022-05-23 14:00:00	1950334	1816633	3766967	0.93
2022-05-23 14:30:00	2069169	1944071	4013240	0.94
2022-05-23 15:00:00	2235183	2178476	4413659	0.97
2022-05-23 15:15:00	2272728	2229338	4502066	0.98
2022-05-20 09:00:00	413433	388290	801723	0.94
2022-05-20 09:30:00	725166	812465	1537631	1.12
2022-05-20 10:00:00	999182	1171506	2170688	1.17
2022-05-20 10:30:00	1255506	1543299	2798805	1.23
2022-05-20 11:00:00	1530530	1799210	3329740	1.18
2022-05-20 11:30:00	1752841	2119257	3872098	1.21
2022-05-20 12:00:00	2097268	2473157	4570425	1.18
2022-05-20 12:30:00	2303972	2810754	5114726	1.22
2022-05-20 13:00:00	2540261	3227927	5768188	1.27
2022-05-20 13:30:00	2756125	3476035	6232160	1.26
2022-05-20 14:00:00	2944325	3751751	6696076	1.27
2022-05-20 14:30:00	3190356	4024659	7215015	1.26
2022-05-20 15:00:00	3648611	4446787	8095398	1.22
2022-05-20 15:15:00	3690084	4534982	8225066	1.23
2022-05-19 09:00:00	408498	491697	900195	1.2
2022-05-19 09:30:00	660624	782013	1442637	1.18
2022-05-19 10:00:00	865520	1019709	1885229	1.18
2022-05-19 10:30:00	1045007	1265660	2310667	1.21
2022-05-19 11:00:00	1317001	1572427	2889428	1.19
2022-05-19 11:30:00	1482217	1743602	3225819	1.18
2022-05-19 12:00:00	1642874	1951069	3593943	1.19
2022-05-19 12:30:00	1770653	2122018	3892671	1.2
2022-05-19 13:00:00	1941800	2351049	4292849	1.21
2022-05-19 13:30:00	2063042	2551221	4614263	1.24
2022-05-19 14:00:00	2232102	2726826	4958928	1.22
2022-05-19 14:30:00	2407092	2917710	5324802	1.21
2022-05-19 15:00:00	2655786	3236842	5892628	1.22
2022-05-19 15:15:00	2704999	3317648	6022647	1.23
2022-05-18 09:00:00	363354	372183	735537	1.02
2022-05-18 09:30:00	570034	586550	1156584	1.03
2022-05-18 10:00:00	755446	847438	1602884	1.12
2022-05-18 10:30:00	985125	1069833	2054958	1.09
2022-05-18 11:00:00	1173662	1274547	2448209	1.09
2022-05-18 11:30:00	1343226	1550049	2893275	1.15
2022-05-18 12:00:00	1615863	1712966	3328829	1.06
2022-05-18 12:30:00	1741565	1886459	3628024	1.08
2022-05-18 13:00:00	1886298	2060423	3946721	1.09
2022-05-18 13:30:00	2020262	2252457	4272719	1.11
2022-05-18 14:00:00	2202461	2433400	4635861	1.1
2022-05-18 14:30:00	2382088	2707392	5089480	1.14
2022-05-18 15:00:00	2607444	3071879	5679323	1.18
2022-05-18 15:15:00	2640743	3169399	5810142	1.2
2022-05-17 09:00:00	358905	376879	735784	1.05
2022-05-17 09:30:00	627496	655252	1282748	1.04
2022-05-17 10:00:00	855872	879852	1735724	1.03
2022-05-17 10:30:00	1022338	1087361	2109699	1.06
2022-05-17 11:00:00	1176726	1224119	2400845	1.04
2022-05-17 11:30:00	1381320	1386837	2768157	1.0
2022-05-17 12:00:00	1536791	1524997	3061788	0.99
2022-05-17 12:30:00	1687755	1688996	3376751	1.0
2022-05-17 13:00:00	1796755	1828338	3625093	1.02
2022-05-17 13:30:00	1944604	2030516	3975120	1.04
2022-05-17 14:00:00	2107047	2202517	4309564	1.05
2022-05-17 14:30:00	2293784	2345941	4639725	1.02
2022-05-17 15:00:00	2549511	2600083	5149594	1.02
2022-05-17 15:15:00	2588136	2675417	5263553	1.03
2022-05-16 09:00:00	324490	260449	584939	0.8
2022-05-16 09:30:00	596212	506422	1102634	0.85
2022-05-16 10:00:00	837618	702227	1539845	0.84
2022-05-16 10:30:00	1029214	825103	1854317	0.8
2022-05-16 11:00:00	1184021	1001865	2185886	0.85
2022-05-16 11:30:00	1296691	1117547	2414238	0.86
2022-05-16 12:00:00	1398694	1230408	2629102	0.88
2022-05-16 12:30:00	1498806	1321829	2820635	0.88
2022-05-16 13:00:00	1606130	1431987	3038117	0.89
2022-05-16 13:30:00	1786235	1561706	3347941	0.87
2022-05-16 14:00:00	1913801	1711259	3625060	0.89
2022-05-16 14:30:00	2110963	1952623	4063586	0.92
2022-05-16 15:00:00	2289282	2187686	4476968	0.96
2022-05-16 15:15:00	2466647	2247439	4714086	0.91
2022-05-13 09:00:00	562818	507244	1070062	0.9
2022-05-13 09:30:00	912714	863613	1776327	0.95
2022-05-13 10:00:00	1214883	1129367	2344250	0.93
2022-05-13 10:30:00	1571967	1367598	2939565	0.87
2022-05-13 11:00:00	1753844	1552443	3306287	0.89
2022-05-13 11:30:00	2013227	1776802	3790029	0.88
2022-05-13 12:00:00	2196456	1991081	4187537	0.91
2022-05-13 12:30:00	2398284	2183352	4581636	0.91
2022-05-13 13:00:00	2620394	2423505	5043899	0.92
2022-05-13 13:30:00	2838686	2709980	5548666	0.95
2022-05-13 14:00:00	3028279	2900421	5928700	0.96
2022-05-13 14:30:00	3273420	3130200	6403620	0.96
2022-05-13 15:00:00	3590817	3496190	7087007	0.97
2022-05-13 15:15:00	3636402	3591570	7227972	0.99
2022-05-12 09:00:00	474841	582106	1056947	1.23
2022-05-12 09:30:00	856592	975413	1832005	1.14
2022-05-12 12:30:00	2026315	2423550	4449865	1.2
2022-05-12 13:00:00	2169492	2669087	4838579	1.23
2022-05-12 13:30:00	2318170	2896343	5214513	1.25
2022-05-12 14:00:00	2484957	3206210	5691167	1.29
2022-05-12 14:30:00	2674600	3447579	6122179	1.29
2022-05-12 15:00:00	2986347	3749808	6736155	1.26
2022-05-12 15:15:00	3036934	3819112	6856046	1.26
2022-05-11 09:00:00	340395	314949	655344	0.93
2022-05-11 09:30:00	590307	530571	1120878	0.9
2022-05-11 10:00:00	764654	736944	1501598	0.96
2022-05-11 10:30:00	881869	856954	1738823	0.97
2022-05-11 11:00:00	1002878	1003226	2006104	1.0
2022-05-11 11:30:00	1131104	1146044	2277148	1.01
2022-05-11 12:00:00	1261698	1304211	2565909	1.03
2022-05-11 12:30:00	1488449	1486023	2974472	1.0
2022-05-11 13:00:00	1683149	1737944	3421093	1.03
2022-05-11 13:30:00	1832475	1942526	3775001	1.06
2022-05-11 14:00:00	1969282	2093067	4062349	1.06
2022-05-11 14:30:00	2117203	2296073	4413276	1.08
2022-05-11 15:00:00	2358963	2593120	4952083	1.1
2022-05-11 15:15:00	2400914	2711808	5112722	1.13
2022-05-10 09:00:00	332518	324892	657410	0.98
2022-05-10 09:30:00	626649	576413	1203062	0.92
2022-05-10 10:00:00	850042	837371	1687413	0.99
2022-05-10 10:30:00	1054240	1105277	2159517	1.05
2022-05-10 11:00:00	1212895	1306711	2519606	1.08
2022-05-10 11:30:00	1389638	1507979	2897617	1.09
2022-05-10 12:00:00	1552046	1671443	3223489	1.08
2022-05-10 12:30:00	1707799	1819764	3527563	1.07
2022-05-10 13:00:00	1930705	2000829	3931534	1.04
2022-05-10 13:30:00	2077698	2161036	4238734	1.04
2022-05-10 14:00:00	2243989	2270780	4514769	1.01
2022-05-10 14:30:00	2441370	2419732	4861102	0.99
2022-05-10 15:00:00	2652859	2635736	5288595	0.99
2022-05-10 15:15:00	2700137	2706762	5406899	1.0
2022-05-09 09:00:00	324184	348561	672745	1.08
2022-05-09 09:30:00	592077	614655	1206732	1.04
2022-05-09 10:00:00	805776	923343	1729119	1.15
2022-05-09 10:30:00	1013952	1226075	2240027	1.21
2022-05-09 11:00:00	1255867	1498929	2754796	1.19
2022-05-09 11:30:00	1456390	1688100	3144490	1.16
2022-05-09 12:00:00	1585368	1806950	3392318	1.14
2022-05-09 12:30:00	1705940	2146090	3852030	1.26
2022-05-09 13:00:00	1834067	2319675	4153742	1.26
2022-05-09 13:30:00	1956299	2444797	4401096	1.25
2022-05-09 14:00:00	2077570	2589918	4667488	1.25
2022-05-09 14:30:00	2225452	2775162	5000614	1.25
2022-05-09 15:00:00	2488943	3167247	5656190	1.27
2022-05-09 15:15:00	2525320	3319725	5845045	1.31
2022-05-06 09:00:00	299667	285004	584671	0.95
2022-05-06 09:30:00	589245	602841	1192086	1.02
2022-05-06 10:00:00	744052	792871	1536923	1.07
2022-05-06 10:30:00	910809	948254	1859063	1.04
2022-05-06 11:00:00	1021583	1091017	2112600	1.07
2022-05-06 11:30:00	1121136	1196602	2317738	1.07
2022-05-06 12:00:00	1208338	1294495	2502833	1.07
2022-05-06 12:30:00	1304910	1416938	2721848	1.09
2022-05-06 13:00:00	1400087	1520195	2920282	1.09
2022-05-06 13:30:00	1496477	1634523	3131000	1.09
2022-05-06 14:00:00	1641080	1819882	3460962	1.11
2022-05-06 14:30:00	1784343	2007962	3792305	1.13
2022-05-06 15:00:00	2004161	2349258	4353419	1.17
2022-05-06 15:15:00	2040502	2419176	4459678	1.19
