TIME	CALLS	PUTS	TOTAL	P/C RATIO
2022-12-01 09:00:00	661855	536572	1198427	0.81
2022-12-01 09:30:00	1229488	1012204	2241692	0.82
2022-12-01 10:00:00	1256876	941262	2198138	0.75
2022-12-01 10:30:00	1472506	1105010	2577516	0.75
2022-12-01 11:00:00	1761536	1285725	3047261	0.73
2022-12-01 11:30:00	1905192	1439338	3344530	0.76
2022-12-01 12:00:00	2029897	1684214	3714111	0.83
2022-12-01 12:30:00	2207997	2075895	4283892	0.94
2022-12-01 13:00:00	2317499	2178437	4495936	0.94
2022-12-01 13:30:00	2464380	2313058	4777438	0.94
2022-12-01 14:00:00	2657910	2427869	5085779	0.91
2022-12-01 14:30:00	2844815	2601815	5446630	0.91
2022-12-01 15:00:00	3088595	2859576	5948171	0.93
2022-12-01 15:15:00	3136035	2936844	6072879	0.94
2022-11-30 09:00:00	279395	243277	522672	0.87
2022-11-30 09:30:00	642578	561537	1204115	0.87
2022-11-30 10:00:00	863690	722970	1586660	0.84
2022-11-30 10:30:00	861158	691383	1552541	0.8
2022-11-30 11:00:00	1009138	826036	1835174	0.82
2022-11-30 11:30:00	1173003	1292955	2465958	1.1
2022-11-30 12:00:00	1278372	1959153	3237525	1.53
2022-11-30 12:30:00	1405257	2181253	3586510	1.55
2022-11-30 13:00:00	1659977	2459408	4119385	1.48
2022-11-30 13:30:00	2034455	2854596	4889051	1.4
2022-11-30 14:00:00	2285097	3231644	5516741	1.41
2022-11-30 14:30:00	2607800	3488781	6096581	1.34
2022-11-30 15:00:00	3071722	3921934	6993656	1.28
2022-11-30 15:15:00	3172868	4043129	7215997	1.27
2022-11-29 09:00:00	417129	368049	785178	0.88
2022-11-29 09:30:00	775030	734416	1509446	0.95
2022-11-29 10:00:00	1023777	941782	1965559	0.92
2022-11-29 10:30:00	1340454	1293921	2634375	0.97
2022-11-29 11:00:00	1564875	1600607	3165482	1.02
2022-11-29 11:30:00	1726476	1732290	3458766	1.0
2022-11-29 12:00:00	1858451	1885142	3743593	1.01
2022-11-29 12:30:00	2034286	2056135	4090421	1.01
2022-11-29 13:00:00	2201102	2241376	4442478	1.02
2022-11-29 13:30:00	2386550	2418743	4805293	1.01
2022-11-29 14:00:00	2517623	2569138	5086761	1.02
2022-11-29 14:30:00	2677650	2743633	5421283	1.02
2022-11-29 15:00:00	2900767	2988161	5888928	1.03
2022-11-29 15:15:00	2942547	3049031	5991578	1.04
2022-11-28 09:00:00	386680	342258	728938	0.89
2022-11-28 09:30:00	625691	608980	1234671	0.97
2022-11-28 10:00:00	822779	789207	1611986	0.96
2022-11-28 10:30:00	965584	942410	1907994	0.98
2022-11-28 11:00:00	1103899	1057282	2161181	0.96
2022-11-28 11:30:00	1284119	1199819	2483938	0.93
2022-11-28 12:00:00	1406695	1307107	2713802	0.93
2022-11-28 12:30:00	1501716	1396575	2898291	0.93
2022-11-28 13:00:00	1635409	1543939	3179348	0.94
2022-11-28 13:30:00	1797017	1705215	3502232	0.95
2022-11-28 14:00:00	1920447	1860828	3781275	0.97
2022-11-28 14:30:00	2129318	2064792	4194110	0.97
2022-11-28 15:00:00	2351306	2333311	4684617	0.99
2022-11-28 15:15:00	2380691	2394117	4774808	1.01
2022-11-25 09:00:00	336799	318390	655189	0.95
2022-11-25 09:30:00	651018	533269	1184287	0.82
2022-11-25 10:00:00	913998	753289	1667287	0.82
2022-11-25 10:30:00	1129499	983166	2112665	0.87
2022-11-25 11:00:00	1378319	1189918	2568237	0.86
2022-11-25 11:30:00	1563916	1409774	2973690	0.9
2022-11-25 12:00:00	1805067	1665930	3470997	0.92
2022-11-25 12:30:00	1829003	1708114	3537117	0.93
2022-11-25 13:00:00	1829003	1708114	3537117	0.93
2022-11-25 13:30:00	1829003	1708114	3537117	0.93
2022-11-25 14:00:00	1829003	1708114	3537117	0.93
2022-11-25 14:30:00	1829003	1708114	3537117	0.93
2022-11-25 15:00:00	1829003	1708114	3537117	0.93
2022-11-25 15:15:00	1829003	1708114	3537117	0.93
2022-11-23 09:00:00	470233	631765	1101998	1.34
2022-11-23 09:30:00	945433	910275	1855708	0.96
2022-11-23 10:00:00	1022931	936368	1959299	0.92
2022-11-23 10:30:00	1195617	1127516	2323133	0.94
2022-11-23 11:00:00	1382537	1327089	2709626	0.96
2022-11-23 11:30:00	1519995	1460352	2980347	0.96
2022-11-23 12:00:00	1649949	1755411	3405360	1.06
2022-11-23 12:30:00	1770765	2054749	3825514	1.16
2022-11-23 13:00:00	1876337	2147611	4023948	1.14
2022-11-23 13:30:00	2132139	2338508	4470647	1.1
2022-11-23 14:00:00	2321125	2533730	4854855	1.09
2022-11-23 14:30:00	2497483	2755532	5253015	1.1
2022-11-23 15:00:00	2737803	3006653	5744456	1.1
2022-11-23 15:15:00	2765387	3066976	5832363	1.11
2022-11-22 09:00:00	441489	456025	897514	1.03
2022-11-22 09:30:00	1034267	752027	1786294	0.73
2022-11-22 10:00:00	1362774	1028814	2391588	0.75
2022-11-22 10:30:00	1568521	1238501	2807022	0.79
2022-11-22 11:00:00	1395713	1113294	2509007	0.8
2022-11-22 11:30:00	1572886	1228655	2801541	0.78
2022-11-22 12:00:00	1702096	1545460	3247556	0.91
2022-11-22 12:30:00	1839301	2126598	3965899	1.16
2022-11-22 13:00:00	1981779	2406247	4388026	1.21
2022-11-22 13:30:00	2138482	2660655	4799137	1.24
2022-11-22 14:00:00	2253225	2815644	5068869	1.25
2022-11-22 14:30:00	2446383	3048837	5495220	1.25
2022-11-22 15:00:00	2705440	3218128	5923568	1.19
2022-11-22 15:15:00	2735250	3291955	6027205	1.2
2022-11-21 09:00:00	449776	404183	853959	0.9
2022-11-21 09:30:00	813509	710255	1523764	0.87
2022-11-21 10:00:00	1122474	965315	2087789	0.86
2022-11-21 10:30:00	1383368	1176902	2560270	0.85
2022-11-21 11:00:00	1617798	1369170	2986968	0.85
2022-11-21 11:30:00	1976287	1529489	3505776	0.77
2022-11-21 12:00:00	2158233	1695698	3853931	0.79
2022-11-21 12:30:00	2350466	1887638	4238104	0.8
2022-11-21 13:00:00	2058315	1600179	3658494	0.78
2022-11-21 13:30:00	2184343	1702414	3886757	0.78
2022-11-21 14:00:00	2879450	2401487	5280937	0.83
2022-11-21 14:30:00	2428690	1951375	4380065	0.8
2022-11-21 15:00:00	2635243	2157814	4793057	0.82
2022-11-21 15:15:00	2697223	2228659	4925882	0.83
2022-11-18 09:00:00	541399	502002	1043401	0.93
2022-11-18 09:30:00	947195	855269	1802464	0.9
2022-11-18 10:00:00	1352837	1105055	2457892	0.82
2022-11-18 10:30:00	1630083	1354250	2984333	0.83
2022-11-18 11:00:00	1853572	1558873	3412445	0.84
2022-11-18 11:30:00	2134365	1779072	3913437	0.83
2022-11-18 12:00:00	2324580	1955338	4279918	0.84
2022-11-18 12:30:00	2536540	2136836	4673376	0.84
2022-11-18 13:00:00	2724794	2318360	5043154	0.85
2022-11-18 13:30:00	2936417	2475753	5412170	0.84
2022-11-18 14:00:00	3104262	2666924	5771186	0.86
2022-11-18 14:30:00	3381131	2925371	6306502	0.87
2022-11-18 15:00:00	3775553	3348614	7124167	0.89
2022-11-18 15:15:00	3813284	3424776	7238060	0.9
2022-11-17 09:00:00	583819	579756	1163575	0.99
2022-11-17 09:30:00	789881	720540	1510421	0.91
2022-11-17 10:00:00	1041812	913473	1955285	0.88
2022-11-17 10:30:00	1240785	1075750	2316535	0.87
2022-11-17 11:00:00	1495126	1285964	2781090	0.86
2022-11-17 11:30:00	2055187	1856925	3912112	0.9
2022-11-17 12:00:00	1897265	1593002	3490267	0.84
2022-11-17 12:30:00	2072983	1751969	3824952	0.85
2022-11-17 13:00:00	2221556	1895912	4117468	0.85
2022-11-17 13:30:00	2366828	2054273	4421101	0.87
2022-11-17 14:00:00	2523406	2217440	4740846	0.88
2022-11-17 14:30:00	2765736	2422215	5187951	0.88
2022-11-17 15:00:00	3002441	2724651	5727092	0.91
2022-11-17 15:15:00	3054944	2799275	5854219	0.92
2022-11-16 09:00:00	503298	483811	987109	0.96
2022-11-16 09:30:00	883375	781759	1665134	0.88
2022-11-16 10:00:00	1165852	1062302	2228154	0.91
2022-11-16 10:30:00	1422696	1264720	2687416	0.89
2022-11-16 11:00:00	1670655	1449155	3119810	0.87
2022-11-16 11:30:00	1842281	1654639	3496920	0.9
2022-11-16 12:00:00	2044239	2263913	4308152	1.11
2022-11-16 12:30:00	2190216	2674030	4864246	1.22
2022-11-16 13:00:00	2350321	2836030	5186351	1.21
2022-11-16 13:30:00	2518864	3009231	5528095	1.19
2022-11-16 14:00:00	2695095	3197226	5892321	1.19
2022-11-16 14:30:00	2901589	3424034	6325623	1.18
2022-11-16 15:00:00	3185717	3806960	6992677	1.2
2022-11-16 15:15:00	3216993	3921427	7138420	1.22
2022-11-14 09:00:00	403114	358488	761602	0.89
2022-11-14 09:30:00	757782	653752	1411534	0.86
2022-11-14 10:00:00	1072664	860607	1933271	0.8
2022-11-14 10:30:00	1294011	1092551	2386562	0.84
2022-11-14 11:00:00	1477855	1250410	2728265	0.85
2022-11-14 11:30:00	2124303	1838885	3963188	0.87
2022-11-14 12:00:00	1856389	1601440	3457829	0.86
2022-11-14 12:30:00	2014366	1829959	3844325	0.91
2022-11-14 13:00:00	2182544	1944412	4126956	0.89
2022-11-14 13:30:00	2353049	2094299	4447348	0.89
2022-11-14 14:00:00	2543176	2237764	4780940	0.88
2022-11-14 14:30:00	2844196	2422557	5266753	0.85
2022-11-14 15:00:00	3328801	2707589	6036390	0.81
2022-11-14 15:15:00	3372695	2824310	6197005	0.84
2022-11-11 09:00:00	792802	615695	1408497	0.78
2022-11-11 09:30:00	1362124	1055400	2417524	0.77
2022-11-11 10:00:00	1817960	1388908	3206868	0.76
2022-11-11 10:30:00	2318713	1739884	4058597	0.75
2022-11-11 11:00:00	2636284	2015647	4651931	0.76
2022-11-11 11:30:00	2900184	2248212	5148396	0.78
2022-11-11 12:00:00	3152065	2457740	5609805	0.78
2022-11-11 12:30:00	3519172	2704102	6223274	0.77
2022-11-11 13:00:00	3847370	2939877	6787247	0.76
2022-11-11 13:30:00	4228081	3209962	7438043	0.76
2022-11-11 14:00:00	4807802	3518156	8325958	0.73
2022-11-11 14:30:00	5204205	3863202	9067407	0.74
2022-11-11 15:00:00	5720156	4255331	9975487	0.74
2022-11-11 15:15:00	5777357	4340069	10117426	0.75
2022-11-10 09:00:00	802709	665454	1468163	0.83
2022-11-10 09:30:00	1262343	1082288	2344631	0.86
2022-11-10 10:00:00	1665302	1396648	3061950	0.84
2022-11-10 10:30:00	1948939	1689420	3638359	0.87
2022-11-10 11:00:00	2286637	1923220	4209857	0.84
2022-11-10 11:30:00	2529440	2097367	4626807	0.83
2022-11-10 12:00:00	2733098	2353628	5086726	0.86
2022-11-10 12:30:00	2983818	2522787	5506605	0.85
2022-11-10 13:00:00	3156677	2656794	5813471	0.84
2022-11-10 13:30:00	3387514	2817004	6204518	0.83
2022-11-10 14:00:00	3632484	2999128	6631612	0.83
2022-11-10 14:30:00	3923698	3258143	7181841	0.83
2022-11-10 15:00:00	4332369	3595806	7928175	0.83
2022-11-10 15:15:00	4429113	3715237	8144350	0.84
2022-11-08 09:00:00	343336	294879	638215	0.86
2022-11-08 09:30:00	655746	521172	1176918	0.79
2022-11-08 10:00:00	898873	734131	1633004	0.82
2022-11-08 10:30:00	1180161	976102	2156263	0.83
2022-11-08 11:00:00	1440785	1204170	2644955	0.84
2022-11-08 11:30:00	1607713	1354652	2962365	0.84
2022-11-08 12:00:00	1885119	1511950	3397069	0.8
2022-11-08 12:30:00	2063107	2111517	4174624	1.02
2022-11-08 13:00:00	2232642	2790376	5023018	1.25
2022-11-08 13:30:00	2419745	2966775	5386520	1.23
2022-11-08 14:00:00	2631480	3160434	5791914	1.2
2022-11-08 14:30:00	2817376	3331707	6149083	1.18
2022-11-08 15:00:00	3076938	3625421	6702359	1.18
2022-11-08 15:15:00	3147769	3708844	6856613	1.18
2022-11-04 09:00:00	660237	593540	1253777	0.9
2022-11-04 09:30:00	1146490	1013260	2159750	0.88
2022-11-04 10:00:00	1511503	1372289	2883792	0.91
2022-11-04 10:30:00	1831389	1680494	3511883	0.92
2022-11-04 11:00:00	2191440	2071024	4262464	0.95
2022-11-04 11:30:00	2485708	2382784	4868492	0.96
2022-11-04 12:00:00	2697233	2615107	5312340	0.97
2022-11-04 12:30:00	2879674	2856055	5735729	0.99
2022-11-04 13:00:00	3087640	3032866	6120506	0.98
2022-11-04 13:30:00	3362720	3292845	6655565	0.98
2022-11-04 14:00:00	3625478	3617922	7243400	1.0
2022-11-04 14:30:00	3947426	3907935	7855361	0.99
2022-11-04 15:00:00	4355060	4398243	8753303	1.01
2022-11-04 15:15:00	4410502	4495097	8905599	1.02
2022-11-03 09:00:00	447934	534694	982628	1.19
2022-11-03 09:30:00	789437	907780	1697217	1.15
2022-11-03 10:00:00	1054268	1166369	2220637	1.11
2022-11-03 10:30:00	1307700	1377916	2685616	1.05
2022-11-03 11:00:00	1536963	1572554	3109517	1.02
2022-11-03 11:30:00	1768819	1792169	3560988	1.01
2022-11-03 12:00:00	1931462	1934067	3865529	1.0
2022-11-03 12:30:00	2067826	2056093	4123919	0.99
2022-11-03 13:00:00	2185850	2193818	4379668	1.0
2022-11-03 13:30:00	2314574	2352340	4666914	1.02
2022-11-03 14:00:00	2467053	2498612	4965665	1.01
2022-11-03 14:30:00	2657091	2723678	5380769	1.03
2022-11-03 15:00:00	2943551	3001347	5944898	1.02
2022-11-03 15:15:00	2984029	3100017	6084046	1.04
2022-11-02 09:00:00	262817	273974	536791	1.04
2022-11-02 09:30:00	425180	462871	888051	1.09
2022-11-02 10:00:00	562566	610711	1173277	1.09
2022-11-02 10:30:00	788802	740362	1529164	0.94
2022-11-02 11:00:00	965797	906359	1872156	0.94
2022-11-02 11:30:00	1086719	1036729	2123448	0.95
2022-11-02 12:00:00	1212757	1183993	2396750	0.98
2022-11-02 12:30:00	1332869	1266116	2598985	0.95
2022-11-02 13:00:00	1477237	1377586	2854823	0.93
2022-11-02 13:30:00	1756729	1622270	3378999	0.92
2022-11-02 14:00:00	2052878	2058890	4111768	1.0
2022-11-02 14:30:00	2328557	2668046	4996603	1.15
2022-11-02 15:00:00	2704785	3335625	6040410	1.23
2022-11-02 15:15:00	2769390	3425357	6194747	1.24
2022-11-01 09:00:00	409565	290022	699587	0.71
2022-11-01 09:30:00	675603	578552	1254155	0.86
2022-11-01 10:00:00	879096	815752	1694848	0.93
2022-11-01 10:30:00	1019581	966835	1986416	0.95
2022-11-01 11:00:00	1170817	1095254	2266071	0.94
2022-11-01 11:30:00	1328199	1207336	2535535	0.91
2022-11-01 12:00:00	1461815	1319445	2781260	0.9
2022-11-01 12:30:00	1580551	1414884	2995435	0.9
2022-11-01 13:00:00	1698914	1534219	3233133	0.9
2022-11-01 13:30:00	1800275	1655256	3455531	0.92
2022-11-01 14:00:00	1922966	1802781	3725747	0.94
2022-11-01 14:30:00	2151182	1951481	4102663	0.91
2022-11-01 15:00:00	2367496	2201048	4568544	0.93
2022-11-01 15:15:00	2461819	2309445	4771264	0.94
2022-10-31 09:00:00	409970	270072	680042	0.66
2022-10-31 09:30:00	674654	462803	1137457	0.69
2022-10-31 10:00:00	855887	635386	1491273	0.74
2022-10-31 10:30:00	1069883	776392	1846275	0.73
2022-10-31 11:00:00	1272561	1003351	2275912	0.79
2022-10-31 11:30:00	1460655	1165371	2626026	0.8
2022-10-31 12:00:00	1560437	1317660	2878097	0.84
2022-10-31 12:30:00	1680699	1427678	3108377	0.85
2022-10-31 13:00:00	1782846	1506366	3289212	0.84
2022-10-31 13:30:00	1913388	1626423	3539811	0.85
2022-10-31 14:00:00	2089314	1808902	3898216	0.87
2022-10-31 14:30:00	2246189	1992446	4238635	0.89
2022-10-31 15:00:00	2460808	2225644	4686452	0.9
2022-10-31 15:15:00	2538255	2379121	4917376	0.94
2022-10-28 09:00:00	469714	402076	871790	0.86
2022-10-28 09:30:00	907190	846994	1754184	0.93
2022-10-28 10:00:00	1321754	1219587	2541341	0.92
2022-10-28 10:30:00	1633494	1517478	3150972	0.93
2022-10-28 11:00:00	1870041	1762166	3632207	0.94
2022-10-28 11:30:00	2117381	2047909	4165290	0.97
2022-10-28 12:00:00	2353134	2322267	4675401	0.99
2022-10-28 12:30:00	2563874	2560145	5124019	1.0
2022-10-28 13:00:00	2865306	2779086	5644392	0.97
2022-10-28 13:30:00	3099686	2988089	6087775	0.96
2022-10-28 14:00:00	3408071	3265119	6673190	0.96
2022-10-28 14:30:00	3706377	3533428	7239805	0.95
2022-10-28 15:00:00	4220828	3960992	8181820	0.94
2022-10-28 15:15:00	4389029	4048886	8437915	0.92
2022-10-27 09:00:00	464822	481409	946231	1.04
2022-10-27 09:30:00	766433	758578	1525011	0.99
2022-10-27 10:00:00	1025330	986314	2011644	0.96
2022-10-27 10:30:00	1249541	1169538	2419079	0.94
2022-10-27 11:00:00	1432610	1328774	2761384	0.93
2022-10-27 11:30:00	1668775	1552886	3221661	0.93
2022-10-27 12:00:00	1785693	1678539	3464232	0.94
2022-10-27 12:30:00	1968517	1824067	3792584	0.93
2022-10-27 13:00:00	2079224	2092090	4171314	1.01
2022-10-27 13:30:00	2230622	2304672	4535294	1.03
2022-10-27 14:00:00	2374705	2490598	4865303	1.05
2022-10-27 14:30:00	2624667	2695938	5320605	1.03
2022-10-27 15:00:00	2878075	2995925	5874000	1.04
2022-10-27 15:15:00	2945395	3113714	6059109	1.06
2022-10-26 09:00:00	532090	364840	896930	0.69
2022-10-26 09:30:00	875557	664270	1539827	0.76
2022-10-26 10:00:00	1176476	925995	2102471	0.79
2022-10-26 10:30:00	1523580	1131966	2655546	0.74
2022-10-26 11:00:00	1785895	1306934	3092829	0.73
2022-10-26 11:30:00	1958053	1466250	3424303	0.75
2022-10-26 12:00:00	2133322	1639608	3772930	0.77
2022-10-26 12:30:00	2304916	1886402	4191318	0.82
2022-10-26 13:00:00	2436615	2087272	4523887	0.86
2022-10-26 13:30:00	2575646	2217996	4793642	0.86
2022-10-26 14:00:00	2736487	2361089	5097576	0.86
2022-10-26 14:30:00	2907384	2554363	5461747	0.88
2022-10-26 15:00:00	3146193	2805274	5951467	0.89
2022-10-26 15:15:00	3189464	2889306	6078770	0.91
2022-10-25 09:00:00	416731	321327	738058	0.77
2022-10-25 09:30:00	805233	606896	1412129	0.75
2022-10-25 10:00:00	1116233	831945	1948178	0.75
2022-10-25 10:30:00	1345037	1003089	2348126	0.75
2022-10-25 11:00:00	1556509	1177250	2733759	0.76
2022-10-25 11:30:00	1801893	1336036	3137929	0.74
2022-10-25 12:00:00	1943138	1482957	3426095	0.76
2022-10-25 12:30:00	2070879	1656886	3727765	0.8
2022-10-25 13:00:00	2214337	1794962	4009299	0.81
2022-10-25 13:30:00	2352434	1941802	4294236	0.83
2022-10-25 14:00:00	2496355	2100442	4596797	0.84
2022-10-25 14:30:00	2670990	2285941	4956931	0.86
2022-10-25 15:00:00	2970740	2597737	5568477	0.87
2022-10-25 15:15:00	3002684	2689195	5691879	0.9
2022-10-24 09:00:00	389262	343082	732344	0.88
2022-10-24 09:30:00	660968	633900	1294868	0.96
2022-10-24 10:00:00	863759	818803	1682562	0.95
2022-10-24 10:30:00	1081812	981381	2063193	0.91
2022-10-24 11:00:00	1238395	1114578	2352973	0.9
2022-10-24 11:30:00	1467335	1265766	2733101	0.86
2022-10-24 12:00:00	1607168	1382302	2989470	0.86
2022-10-24 12:30:00	1738721	1532028	3270749	0.88
2022-10-24 13:00:00	1869235	1656084	3525319	0.89
2022-10-24 13:30:00	1978932	1753225	3732157	0.89
2022-10-24 14:00:00	2116220	1976772	4092992	0.93
2022-10-24 14:30:00	2320816	2148341	4469157	0.93
2022-10-24 15:00:00	2559227	2448832	5008059	0.96
2022-10-24 15:15:00	2608379	2510565	5118944	0.96
2022-10-21 09:00:00	603518	533336	1136854	0.88
2022-10-21 09:30:00	1097158	966886	2064044	0.88
2022-10-21 10:00:00	1479694	1314590	2794284	0.89
2022-10-21 10:30:00	1715746	1565782	3281528	0.91
2022-10-21 11:00:00	1991464	1819229	3810693	0.91
2022-10-21 11:30:00	2270085	2082481	4352566	0.92
2022-10-21 12:00:00	2538626	2399576	4938202	0.95
2022-10-21 12:30:00	2758229	2614020	5372249	0.95
2022-10-21 13:00:00	3002320	2831510	5833830	0.94
2022-10-21 13:30:00	3316032	3128863	6444895	0.94
2022-10-21 14:00:00	3537155	3340912	6878067	0.94
2022-10-21 14:30:00	3934177	3658062	7592239	0.93
2022-10-21 15:00:00	4394673	4139266	8533939	0.94
2022-10-21 15:15:00	4459447	4231009	8690456	0.95
2022-10-20 09:00:00	443168	398290	841458	0.9
2022-10-20 09:30:00	854194	886366	1740560	1.04
2022-10-20 10:00:00	1097693	1119573	2217266	1.02
2022-10-20 10:30:00	1299008	1371688	2670696	1.06
2022-10-20 11:00:00	1488927	1544866	3033793	1.04
2022-10-20 11:30:00	1696033	1751054	3447087	1.03
2022-10-20 12:00:00	1863023	1938649	3801672	1.04
2022-10-20 12:30:00	2044993	2099064	4144057	1.03
2022-10-20 13:00:00	2214398	2276446	4490844	1.03
2022-10-20 13:30:00	2470811	2518465	4989276	1.02
2022-10-20 14:00:00	2630169	2699811	5329980	1.03
2022-10-20 14:30:00	2807345	2871443	5678788	1.02
2022-10-20 15:00:00	3030853	3166325	6197178	1.04
2022-10-20 15:15:00	3093237	3240522	6333759	1.05
2022-10-19 09:00:00	470787	332816	803603	0.71
2022-10-19 09:30:00	718580	583436	1302016	0.81
2022-10-19 10:00:00	958688	762861	1721549	0.8
2022-10-19 10:30:00	1129692	928750	2058442	0.82
2022-10-19 11:00:00	1262802	1093523	2356325	0.87
2022-10-19 11:30:00	1469144	1253269	2722413	0.85
2022-10-19 12:00:00	1618017	1486207	3104224	0.92
2022-10-19 12:30:00	1779301	1649567	3428868	0.93
2022-10-19 13:00:00	1897053	1774295	3671348	0.94
2022-10-19 13:30:00	2027112	1928880	3955992	0.95
2022-10-19 14:00:00	2135972	2049241	4185213	0.96
2022-10-19 14:30:00	2284717	2203394	4488111	0.96
2022-10-19 15:00:00	2531270	2470239	5001509	0.98
2022-10-19 15:15:00	2578273	2552858	5131131	0.99
2022-10-18 09:00:00	515284	467008	982292	0.91
2022-10-18 09:30:00	912939	760504	1673443	0.83
2022-10-18 10:00:00	1153756	1033814	2187570	0.9
2022-10-18 10:30:00	1429049	1338548	2767597	0.94
2022-10-18 11:00:00	1775239	1570616	3345855	0.88
2022-10-18 11:30:00	1972672	1731211	3703883	0.88
2022-10-18 12:00:00	2122744	1857997	3980741	0.88
2022-10-18 12:30:00	2228863	2049259	4278122	0.92
2022-10-18 13:00:00	2386439	2172065	4558504	0.91
2022-10-18 13:30:00	2548832	2307029	4855861	0.91
2022-10-18 14:00:00	2724398	2489552	5213950	0.91
2022-10-18 14:30:00	2896804	2667720	5564524	0.92
2022-10-18 15:00:00	3132767	2905894	6038661	0.93
2022-10-18 15:15:00	3188332	2999228	6187560	0.94
2022-10-17 09:00:00	384057	388113	772170	1.01
2022-10-17 09:30:00	737666	657108	1394774	0.89
2022-10-17 10:00:00	979491	911508	1890999	0.93
2022-10-17 10:30:00	1174235	1037561	2211796	0.88
2022-10-17 11:00:00	1401060	1221939	2622999	0.87
2022-10-17 11:30:00	1542656	1339525	2882181	0.87
2022-10-17 12:00:00	1652887	1457983	3110870	0.88
2022-10-17 12:30:00	1755733	1622640	3378373	0.92
2022-10-17 13:00:00	1872439	1753197	3625636	0.94
2022-10-17 13:30:00	1988991	1872250	3861241	0.94
2022-10-17 14:00:00	2106685	2017028	4123713	0.96
2022-10-17 14:30:00	2337459	2170053	4507512	0.93
2022-10-17 15:00:00	2511842	2418807	4930649	0.96
2022-10-17 15:15:00	2555115	2481372	5036487	0.97
2022-10-14 09:00:00	693558	525715	1219273	0.76
2022-10-14 09:30:00	1117142	962577	2079719	0.86
2022-10-14 10:00:00	1394014	1288335	2682349	0.92
2022-10-14 10:30:00	1666895	1561381	3228276	0.94
2022-10-14 11:00:00	2335369	1796625	4131994	0.77
2022-10-14 11:30:00	2574584	2039804	4614388	0.79
2022-10-14 12:00:00	2862369	2237292	5099661	0.78
2022-10-14 12:30:00	3059490	2407312	5466802	0.79
2022-10-14 13:00:00	3284642	2562122	5846764	0.78
2022-10-14 13:30:00	3462582	2774212	6236794	0.8
2022-10-14 14:00:00	3643532	3109717	6753249	0.85
2022-10-14 14:30:00	3882222	3387348	7269570	0.87
2022-10-14 15:00:00	4244208	3866035	8110243	0.91
2022-10-14 15:15:00	4313544	3975068	8288612	0.92
2022-10-13 09:00:00	790954	593139	1384093	0.75
2022-10-13 09:30:00	1268071	986418	2254489	0.78
2022-10-13 10:00:00	1608928	1244464	2853392	0.77
2022-10-13 10:30:00	1964893	1634264	3599157	0.83
2022-10-13 11:00:00	2325592	1926644	4252236	0.83
2022-10-13 11:30:00	2537404	2100417	4637821	0.83
2022-10-13 12:00:00	2705698	2253603	4959301	0.83
2022-10-13 12:30:00	3004984	2444340	5449324	0.81
2022-10-13 13:00:00	3212429	2593695	5806124	0.81
2022-10-13 13:30:00	3378750	2748522	6127272	0.81
2022-10-13 14:00:00	3574504	2920168	6494672	0.82
2022-10-13 14:30:00	3787792	3156294	6944086	0.83
2022-10-13 15:00:00	4099260	3475152	7574412	0.85
2022-10-13 15:15:00	4144318	3577787	7722105	0.86
2022-10-12 09:00:00	289748	266843	556591	0.92
2022-10-12 09:30:00	462555	438596	901151	0.95
2022-10-12 10:00:00	620413	567126	1187539	0.91
2022-10-12 10:30:00	771056	710193	1481249	0.92
2022-10-12 11:00:00	900931	841100	1742031	0.93
2022-10-12 11:30:00	1092213	952756	2044969	0.87
2022-10-12 12:00:00	1154772	1049017	2203789	0.91
2022-10-12 12:30:00	1263717	1129700	2393417	0.89
2022-10-12 13:00:00	1345758	1224770	2570528	0.91
2022-10-12 13:30:00	1479259	1374974	2854233	0.93
2022-10-12 14:00:00	1604085	1512797	3116882	0.94
2022-10-12 14:30:00	1768058	1671602	3439660	0.95
2022-10-12 15:00:00	2036727	2010279	4047006	0.99
2022-10-12 15:15:00	2091366	2084764	4176130	1.0
2022-10-11 09:00:00	412417	410884	823301	1.0
2022-10-11 09:30:00	751103	721441	1472544	0.96
2022-10-11 10:00:00	1040766	909663	1950429	0.87
2022-10-11 10:30:00	1196126	1052303	2248429	0.88
2022-10-11 11:00:00	1472507	1247216	2719723	0.85
2022-10-11 11:30:00	1598214	1370000	2968214	0.86
2022-10-11 12:00:00	1786446	1499538	3285984	0.84
2022-10-11 12:30:00	1924176	1590842	3515018	0.83
2022-10-11 13:00:00	2073215	1678783	3751998	0.81
2022-10-11 13:30:00	2194629	1811120	4005749	0.83
2022-10-11 14:00:00	2378305	2026528	4404833	0.85
2022-10-11 14:30:00	2591694	2307988	4899682	0.89
2022-10-11 15:00:00	2811172	2599893	5411065	0.92
2022-10-11 15:15:00	2852312	2664848	5517160	0.93
2022-10-10 09:00:00	455863	282173	738036	0.62
2022-10-10 09:30:00	783460	490807	1274267	0.63
2022-10-10 10:00:00	988369	869048	1857417	0.88
2022-10-10 10:30:00	1236615	1085694	2322309	0.88
2022-10-10 11:00:00	1361193	1254149	2615342	0.92
2022-10-10 11:30:00	1510312	1388910	2899222	0.92
2022-10-10 12:00:00	1630248	1562223	3192471	0.96
2022-10-10 12:30:00	1786573	1715495	3502068	0.96
2022-10-10 13:00:00	1938790	1853919	3792709	0.96
2022-10-10 13:30:00	2036865	1957789	3994654	0.96
2022-10-10 14:00:00	2158543	2080082	4238625	0.96
2022-10-10 14:30:00	2269196	2216788	4485984	0.98
2022-10-10 15:00:00	2425584	2459417	4885001	1.01
2022-10-10 15:15:00	2465240	2551500	5016740	1.03
2022-10-07 09:00:00	629552	645342	1274894	1.03
2022-10-07 09:30:00	1087183	1096105	2183288	1.01
2022-10-07 10:00:00	1450206	1404355	2854561	0.97
2022-10-07 10:30:00	1668301	1651189	3319490	0.99
2022-10-07 11:00:00	1866470	1854791	3721261	0.99
2022-10-07 11:30:00	2089131	2045116	4134247	0.98
2022-10-07 12:00:00	2465249	2325508	4790757	0.94
2022-10-07 12:30:00	2667820	2523323	5191143	0.95
2022-10-07 13:00:00	2834965	2720662	5555627	0.96
2022-10-07 13:30:00	3040548	2955173	5995721	0.97
2022-10-07 14:00:00	3321682	3222390	6544072	0.97
2022-10-07 14:30:00	3568009	3519101	7087110	0.99
2022-10-07 15:00:00	4001671	4087478	8089149	1.02
2022-10-07 15:15:00	4066381	4209040	8275421	1.04
2022-10-06 09:00:00	389564	331850	721414	0.85
2022-10-06 09:30:00	693967	623423	1317390	0.9
2022-10-06 10:00:00	884751	822270	1707021	0.93
2022-10-06 10:30:00	1175018	971303	2146321	0.83
2022-10-06 11:00:00	1318142	1092964	2411106	0.83
2022-10-06 11:30:00	1424849	1243121	2667970	0.87
2022-10-06 12:00:00	1590911	1335382	2926293	0.84
2022-10-06 12:30:00	1687663	1444448	3132111	0.86
2022-10-06 13:00:00	1805924	1540944	3346868	0.85
2022-10-06 13:30:00	1956628	1682075	3638703	0.86
2022-10-06 14:00:00	2095860	1861829	3957689	0.89
2022-10-06 14:30:00	2329525	2011036	4340561	0.86
2022-10-06 15:00:00	2595906	2232111	4828017	0.86
2022-10-06 15:15:00	2644284	2299177	4943461	0.87
2022-10-05 09:00:00	271253	281732	552985	1.04
2022-10-05 09:30:00	495626	532211	1027837	1.07
2022-10-05 10:00:00	662973	694009	1356982	1.05
2022-10-05 10:30:00	791882	813809	1605691	1.03
2022-10-05 11:00:00	972020	922198	1894218	0.95
2022-10-05 11:30:00	1188858	1052195	2241053	0.89
2022-10-05 12:00:00	1380118	1159873	2539991	0.84
2022-10-05 12:30:00	1537265	1285285	2822550	0.84
2022-10-05 13:00:00	1648124	1393907	3042031	0.85
2022-10-05 13:30:00	1846996	1495577	3342573	0.81
2022-10-05 14:00:00	1971203	1593147	3564350	0.81
2022-10-05 14:30:00	2190396	1774223	3964619	0.81
2022-10-05 15:00:00	2433294	2014706	4448000	0.83
2022-10-05 15:15:00	2479076	2072590	4551666	0.84
2022-10-04 09:00:00	583059	476460	1059519	0.82
2022-10-04 09:30:00	930206	781523	1711729	0.84
2022-10-04 10:00:00	1174563	1121537	2296100	0.95
2022-10-04 10:30:00	1410596	1340799	2751395	0.95
2022-10-04 11:00:00	1633728	1564667	3198395	0.96
2022-10-04 11:30:00	1812652	1714934	3527586	0.95
2022-10-04 12:00:00	1979668	1850356	3830024	0.93
2022-10-04 12:30:00	2143083	2051470	4194553	0.96
2022-10-04 13:00:00	2301793	2185518	4487311	0.95
2022-10-04 13:30:00	2416534	2269221	4685755	0.94
2022-10-04 14:00:00	2550924	2399146	4950070	0.94
2022-10-04 14:30:00	2686439	2541348	5227787	0.95
2022-10-04 15:00:00	2888535	2807774	5696309	0.97
2022-10-04 15:15:00	2929729	2926302	5856031	1.0
2022-10-03 09:00:00	380520	334426	714946	0.88
2022-10-03 09:30:00	766348	638472	1404820	0.83
2022-10-03 10:00:00	976095	850908	1827003	0.87
2022-10-03 10:30:00	1169694	1018690	2188384	0.87
2022-10-03 11:00:00	1310599	1185305	2495904	0.9
2022-10-03 11:30:00	1452329	1304502	2756831	0.9
2022-10-03 12:00:00	1567996	1385822	2953818	0.88
2022-10-03 12:30:00	1694766	1496527	3191293	0.88
2022-10-03 13:00:00	1805978	1604847	3410825	0.89
2022-10-03 13:30:00	1955462	1734683	3690145	0.89
2022-10-03 14:00:00	2110008	1890168	4000176	0.9
2022-10-03 14:30:00	2288945	2077391	4366336	0.91
2022-10-03 15:00:00	2502413	2311379	4813792	0.92
2022-10-03 15:15:00	2585387	2377245	4962632	0.92
2022-09-30 09:00:00	475828	481113	956941	1.01
2022-09-30 09:30:00	804672	872062	1676734	1.08
2022-09-30 10:00:00	1101992	1231090	2333082	1.12
2022-09-30 10:30:00	1416447	1560295	2976742	1.1
2022-09-30 11:00:00	1665127	1844067	3509194	1.11
2022-09-30 11:30:00	1934870	2046875	3981745	1.06
2022-09-30 12:00:00	2090807	2226365	4317172	1.06
2022-09-30 12:30:00	2240055	2374483	4614538	1.06
2022-09-30 13:00:00	2459608	2579501	5039109	1.05
2022-09-30 13:30:00	2628758	2763647	5392405	1.05
2022-09-30 14:00:00	2910933	3141954	6052887	1.08
2022-09-30 14:30:00	3183402	3443828	6627230	1.08
2022-09-30 15:00:00	3559835	3905882	7465717	1.1
2022-09-30 15:15:00	3744555	4208238	7952793	1.12
2022-09-29 09:00:00	417651	469543	887194	1.12
2022-09-29 09:30:00	834032	796705	1630737	0.96
2022-09-29 10:00:00	1093665	1073255	2166920	0.98
2022-09-29 10:30:00	1280406	1299993	2580399	1.02
2022-09-29 11:00:00	1433937	1494500	2928437	1.04
2022-09-29 11:30:00	1577006	1677506	3254512	1.06
2022-09-29 12:00:00	1686099	1792027	3478126	1.06
2022-09-29 12:30:00	1804142	1934861	3739003	1.07
2022-09-29 13:00:00	1951745	2085288	4037033	1.07
2022-09-29 13:30:00	2134719	2298114	4432833	1.08
2022-09-29 14:00:00	2274818	2471535	4746353	1.09
2022-09-29 14:30:00	2436039	2636622	5072661	1.08
2022-09-29 15:00:00	2693394	2988651	5682045	1.11
2022-09-29 15:15:00	2762280	3081100	5843380	1.12
2022-09-28 09:00:00	362080	372893	734973	1.03
2022-09-28 09:30:00	616664	705382	1322046	1.14
2022-09-28 10:00:00	850449	944826	1795275	1.11
2022-09-28 10:30:00	1047346	1121178	2168524	1.07
2022-09-28 11:00:00	1201341	1318289	2519630	1.1
2022-09-28 11:30:00	1390198	1532348	2922546	1.1
2022-09-28 12:00:00	1534002	1646377	3180379	1.07
2022-09-28 12:30:00	1711382	1765228	3476610	1.03
2022-09-28 13:00:00	1819130	1873640	3692770	1.03
2022-09-28 13:30:00	1921087	1996195	3917282	1.04
2022-09-28 14:00:00	2057584	2142837	4200421	1.04
2022-09-28 14:30:00	2236208	2330026	4566234	1.04
2022-09-28 15:00:00	2531399	2673852	5205251	1.06
2022-09-28 15:15:00	2585679	2758000	5343679	1.07
2022-09-27 09:00:00	438555	316929	755484	0.72
2022-09-27 09:30:00	680543	546672	1227215	0.8
2022-09-27 10:00:00	877710	851710	1729420	0.97
2022-09-27 10:30:00	1092661	1033224	2125885	0.95
2022-09-27 11:00:00	1249501	1266489	2515990	1.01
2022-09-27 11:30:00	1482342	1529414	3011756	1.03
2022-09-27 12:00:00	1662742	1726854	3389596	1.04
2022-09-27 12:30:00	1844172	1893107	3737279	1.03
2022-09-27 13:00:00	1959859	2078275	4038134	1.06
2022-09-27 13:30:00	2084519	2277358	4361877	1.09
2022-09-27 14:00:00	2290279	2463162	4753441	1.08
2022-09-27 14:30:00	2467348	2658405	5125753	1.08
2022-09-27 15:00:00	2650571	2928506	5579077	1.1
2022-09-27 15:15:00	2727397	3068841	5796238	1.13
2022-09-26 09:00:00	438035	346056	784091	0.79
2022-09-26 09:30:00	701805	606162	1307967	0.86
2022-09-26 10:00:00	887070	798680	1685750	0.9
2022-09-26 10:30:00	1091329	999169	2090498	0.92
2022-09-26 11:00:00	1231539	1156026	2387565	0.94
2022-09-26 11:30:00	1363150	1461862	2825012	1.07
2022-09-26 12:00:00	1522700	1665865	3188565	1.09
2022-09-26 12:30:00	1657561	1825051	3482612	1.1
2022-09-26 13:00:00	1808732	2010947	3819679	1.11
2022-09-26 13:30:00	1906197	2177767	4083964	1.14
2022-09-26 14:00:00	2065697	2354833	4420530	1.14
2022-09-26 14:30:00	2180286	2542157	4722443	1.17
2022-09-26 15:00:00	3022150	2765649	5787799	0.92
2022-09-26 15:15:00	3086101	2886802	5972903	0.94
2022-09-23 09:00:00	621720	841351	1463071	1.35
2022-09-23 09:30:00	1084526	1481286	2565812	1.37
2022-09-23 10:00:00	1405934	1905493	3311427	1.36
2022-09-23 10:30:00	1724442	2271824	3996266	1.32
2022-09-23 11:00:00	1982549	2620789	4603338	1.32
2022-09-23 11:30:00	2301312	3061339	5362651	1.33
2022-09-23 12:00:00	2567202	3455458	6022660	1.35
2022-09-23 12:30:00	2805892	3784589	6590481	1.35
2022-09-23 13:00:00	3007827	4005079	7012906	1.33
2022-09-23 13:30:00	3293636	4432107	7725743	1.35
2022-09-23 14:00:00	3563985	4837952	8401937	1.36
2022-09-23 14:30:00	3924382	5341215	9265597	1.36
2022-09-23 15:00:00	4338151	5877322	10215473	1.35
2022-09-23 15:15:00	4410752	5986003	10396755	1.36
2022-09-22 09:00:00	494818	505732	1000550	1.02
2022-09-22 09:30:00	838305	979514	1817819	1.17
2022-09-22 10:00:00	1138867	1382813	2521680	1.21
2022-09-22 10:30:00	1467672	1662445	3130117	1.13
2022-09-22 11:00:00	1667509	1901538	3569047	1.14
2022-09-22 11:30:00	1835264	2058376	3893640	1.12
2022-09-22 12:00:00	1963424	2197009	4160433	1.12
2022-09-22 12:30:00	2087677	2371527	4459204	1.14
2022-09-22 13:00:00	2231471	2536647	4768118	1.14
2022-09-22 13:30:00	2447035	2710941	5157976	1.11
2022-09-22 14:00:00	2607343	2965754	5573097	1.14
2022-09-22 14:30:00	2816537	3219980	6036517	1.14
2022-09-22 15:00:00	3080134	3504528	6584662	1.14
2022-09-22 15:15:00	3145262	3609700	6754962	1.15
2022-09-21 09:00:00	276574	235135	511709	0.85
2022-09-21 09:30:00	451992	430348	882340	0.95
2022-09-21 10:00:00	598189	596999	1195188	1.0
2022-09-21 10:30:00	728993	683014	1412007	0.94
2022-09-21 11:00:00	815809	759611	1575420	0.93
2022-09-21 11:30:00	907903	861738	1769641	0.95
2022-09-21 12:00:00	1013123	988348	2001471	0.98
2022-09-21 12:30:00	1110218	1079156	2189374	0.97
2022-09-21 13:00:00	1225659	1251069	2476728	1.02
2022-09-21 13:30:00	1475429	1519583	2995012	1.03
2022-09-21 14:00:00	1778100	1804139	3582239	1.01
2022-09-21 14:30:00	1995262	2035386	4030648	1.02
2022-09-21 15:00:00	2359221	2451735	4810956	1.04
2022-09-21 15:15:00	2430649	2575549	5006198	1.06
2022-09-20 09:00:00	336148	302300	638448	0.9
2022-09-20 09:30:00	621315	504395	1125710	0.81
2022-09-20 10:00:00	813476	688675	1502151	0.85
2022-09-20 10:30:00	1009825	830685	1840510	0.82
2022-09-20 11:00:00	1207735	935876	2143611	0.77
2022-09-20 11:30:00	1356996	1055816	2412812	0.78
2022-09-20 12:00:00	1476027	1165521	2641548	0.79
2022-09-20 12:30:00	1609640	1301852	2911492	0.81
2022-09-20 13:00:00	1765079	1478954	3244033	0.84
2022-09-20 13:30:00	1920259	1624536	3544795	0.85
2022-09-20 14:00:00	2073663	1866300	3939963	0.9
2022-09-20 14:30:00	2224258	2000940	4225198	0.9
2022-09-20 15:00:00	2423362	2220342	4643704	0.92
2022-09-20 15:15:00	2488553	2274831	4763384	0.91
2022-09-19 09:00:00	302454	287050	589504	0.95
2022-09-19 09:30:00	509330	507094	1016424	1.0
2022-09-19 10:00:00	774066	742487	1516553	0.96
2022-09-19 10:30:00	939099	878692	1817791	0.94
2022-09-19 11:00:00	1094760	1008516	2103276	0.92
2022-09-19 11:30:00	1196963	1140765	2337728	0.95
2022-09-19 12:00:00	1336313	1238801	2575114	0.93
2022-09-19 12:30:00	1445836	1386775	2832611	0.96
2022-09-19 13:00:00	1547139	1495077	3042216	0.97
2022-09-19 13:30:00	1839367	1607635	3447002	0.87
2022-09-19 14:00:00	1953063	1717694	3670757	0.88
2022-09-19 14:30:00	2126648	1888430	4015078	0.89
2022-09-19 15:00:00	2371553	2145522	4517075	0.9
2022-09-19 15:15:00	2420867	2187629	4608496	0.9
2022-09-16 09:00:00	513100	777539	1290639	1.52
2022-09-16 09:30:00	986087	1209712	2195799	1.23
2022-09-16 10:00:00	1299705	1559541	2859246	1.2
2022-09-16 10:30:00	1543770	1849212	3392982	1.2
2022-09-16 11:00:00	1757484	2086967	3844451	1.19
2022-09-16 11:30:00	1949550	2368276	4317826	1.21
2022-09-16 12:00:00	2204134	2660457	4864591	1.21
2022-09-16 12:30:00	2393572	2846545	5240117	1.19
2022-09-16 13:00:00	2570559	3045472	5616031	1.18
2022-09-16 13:30:00	2771918	3263983	6035901	1.18
2022-09-16 14:00:00	2973399	3521796	6495195	1.18
2022-09-16 14:30:00	3242275	3836531	7078806	1.18
2022-09-16 15:00:00	3536698	4236417	7773115	1.2
2022-09-16 15:15:00	3573627	4330246	7903873	1.21
2022-09-15 09:00:00	362727	331763	694490	0.91
2022-09-15 09:30:00	663449	606658	1270107	0.91
2022-09-15 10:00:00	897954	868726	1766680	0.97
2022-09-15 10:30:00	1131191	1122180	2253371	0.99
2022-09-15 11:00:00	1322515	1303273	2625788	0.99
2022-09-15 11:30:00	1486180	1461668	2947848	0.98
2022-09-15 12:00:00	1617667	1652108	3269775	1.02
2022-09-15 12:30:00	1796953	1824560	3621513	1.02
2022-09-15 13:00:00	1919197	1954036	3873233	1.02
2022-09-15 13:30:00	2039495	2076821	4116316	1.02
2022-09-15 14:00:00	2177973	2219683	4397656	1.02
2022-09-15 14:30:00	2370289	2462093	4832382	1.04
2022-09-15 15:00:00	2608548	2762546	5371094	1.06
2022-09-15 15:15:00	2657516	2851457	5508973	1.07
2022-09-14 09:00:00	319105	370134	689239	1.16
2022-09-14 09:30:00	594426	677339	1271765	1.14
2022-09-14 10:00:00	805166	908790	1713956	1.13
2022-09-14 10:30:00	1013453	1070163	2083616	1.06
2022-09-14 11:00:00	1266228	1202545	2468773	0.95
2022-09-14 11:30:00	1411190	1333084	2744274	0.94
2022-09-14 12:00:00	1538633	1469854	3008487	0.96
2022-09-14 12:30:00	1663056	1597296	3260352	0.96
2022-09-14 13:00:00	1817444	1746027	3563471	0.96
2022-09-14 13:30:00	1946131	1913204	3859335	0.98
2022-09-14 14:00:00	2066503	2016551	4083054	0.98
2022-09-14 14:30:00	2246340	2242275	4488615	1.0
2022-09-14 15:00:00	2488323	2522319	5010642	1.01
2022-09-14 15:15:00	2538712	2589666	5128378	1.02
2022-09-13 09:00:00	464066	503676	967742	1.09
2022-09-13 09:30:00	810773	862389	1673162	1.06
2022-09-13 10:00:00	1094872	1161198	2256070	1.06
2022-09-13 10:30:00	1298937	1381655	2680592	1.06
2022-09-13 11:00:00	1512378	1537878	3050256	1.02
2022-09-13 11:30:00	1648528	1715420	3363948	1.04
2022-09-13 12:00:00	1771820	1839413	3611233	1.04
2022-09-13 12:30:00	1893963	2004222	3898185	1.06
2022-09-13 13:00:00	2024363	2124897	4149260	1.05
2022-09-13 13:30:00	2162812	2297449	4460261	1.06
2022-09-13 14:00:00	2382577	2532903	4915480	1.06
2022-09-13 14:30:00	2570786	2796745	5367531	1.09
2022-09-13 15:00:00	2937513	3326783	6264296	1.13
2022-09-13 15:15:00	3025955	3413184	6439139	1.13
2022-09-12 09:00:00	407547	302575	710122	0.74
2022-09-12 09:30:00	739776	617937	1357713	0.84
2022-09-12 10:00:00	981557	816133	1797690	0.83
2022-09-12 10:30:00	1146718	986303	2133021	0.86
2022-09-12 11:00:00	1294776	1167812	2462588	0.9
2022-09-12 11:30:00	1428675	1376044	2804719	0.96
2022-09-12 12:00:00	1529964	1521306	3051270	0.99
2022-09-12 12:30:00	1641601	1673237	3314838	1.02
2022-09-12 13:00:00	1804336	1823829	3628165	1.01
2022-09-12 13:30:00	1902308	1978451	3880759	1.04
2022-09-12 14:00:00	2001372	2099543	4100915	1.05
2022-09-12 14:30:00	2123937	2257687	4381624	1.06
2022-09-12 15:00:00	2364045	2517105	4881150	1.06
2022-09-12 15:15:00	2405751	2595860	5001611	1.08
2022-09-09 09:00:00	594001	501747	1095748	0.84
2022-09-09 09:30:00	1034416	903539	1937955	0.87
2022-09-09 10:00:00	1417443	1325664	2743107	0.94
2022-09-09 10:30:00	1691422	1565287	3256709	0.93
2022-09-09 11:00:00	1964350	1780395	3744745	0.91
2022-09-09 11:30:00	2176655	2010609	4187264	0.92
2022-09-09 12:00:00	2382191	2175724	4557915	0.91
2022-09-09 12:30:00	2603787	2365556	4969343	0.91
2022-09-09 13:00:00	2797209	2553166	5350375	0.91
2022-09-09 13:30:00	2976364	2790152	5766516	0.94
2022-09-09 14:00:00	3165311	2992511	6157822	0.95
2022-09-09 14:30:00	3418905	3193247	6612152	0.93
2022-09-09 15:00:00	3770136	3523784	7293920	0.93
2022-09-09 15:15:00	3820536	3651726	7472262	0.96
2022-09-08 09:00:00	380494	316517	697011	0.83
2022-09-08 09:30:00	615506	559000	1174506	0.91
2022-09-08 10:00:00	911068	787719	1698787	0.86
2022-09-08 10:30:00	1131391	1038238	2169629	0.92
2022-09-08 11:00:00	1323197	1199097	2522294	0.91
2022-09-08 11:30:00	1558728	1423103	2981831	0.91
2022-09-08 12:00:00	1703380	1547900	3251280	0.91
2022-09-08 12:30:00	1857386	1705720	3563106	0.92
2022-09-08 13:00:00	1985235	1847950	3833185	0.93
2022-09-08 13:30:00	2086426	1943845	4030271	0.93
2022-09-08 14:00:00	2220719	2081847	4302566	0.94
2022-09-08 14:30:00	2357605	2221085	4578690	0.94
2022-09-08 15:00:00	2560423	2420916	4981339	0.95
2022-09-08 15:15:00	2612802	2491081	5103883	0.95
2022-09-07 09:00:00	335904	268717	604621	0.8
2022-09-07 09:30:00	520791	475680	996471	0.91
2022-09-07 10:00:00	700934	640710	1341644	0.91
2022-09-07 10:30:00	918385	786193	1704578	0.86
2022-09-07 11:00:00	1047123	902557	1949680	0.86
2022-09-07 11:30:00	1167854	1021862	2189716	0.87
2022-09-07 12:00:00	1296078	1143872	2439950	0.88
2022-09-07 12:30:00	1410002	1270360	2680362	0.9
2022-09-07 13:00:00	1570597	1430652	3001249	0.91
2022-09-07 13:30:00	1741890	1582972	3324862	0.91
2022-09-07 14:00:00	1897595	1750794	3648389	0.92
2022-09-07 14:30:00	2073732	1928227	4001959	0.93
2022-09-07 15:00:00	2311595	2155547	4467142	0.93
2022-09-07 15:15:00	2356389	2213201	4569590	0.94
2022-09-06 09:00:00	264133	247857	511990	0.94
2022-09-06 09:30:00	476163	549519	1025682	1.15
2022-09-06 10:00:00	647159	708983	1356142	1.1
2022-09-06 10:30:00	801745	901425	1703170	1.12
2022-09-06 11:00:00	981872	1038811	2020683	1.06
2022-09-06 11:30:00	1123722	1202414	2326136	1.07
2022-09-06 12:00:00	1255653	1299229	2554882	1.03
2022-09-06 12:30:00	1411600	1431721	2843321	1.01
2022-09-06 13:00:00	1553512	1585164	3138676	1.02
2022-09-06 13:30:00	1671112	1701363	3372475	1.02
2022-09-06 14:00:00	1768590	1840509	3609099	1.04
2022-09-06 14:30:00	1909661	2013684	3923345	1.05
2022-09-06 15:00:00	2095381	2249038	4344419	1.07
2022-09-06 15:15:00	2129577	2311424	4441001	1.09
2022-09-02 09:00:00	486013	518398	1004411	1.07
2022-09-02 09:30:00	870446	889751	1760197	1.02
2022-09-02 10:00:00	1267375	1308456	2575831	1.03
2022-09-02 10:30:00	1460230	1499737	2959967	1.03
2022-09-02 11:00:00	1643202	1701368	3344570	1.04
2022-09-02 11:30:00	1873994	1923793	3797787	1.03
2022-09-02 12:00:00	2133541	2228736	4362277	1.04
2022-09-02 12:30:00	2412932	2547161	4960093	1.06
2022-09-02 13:00:00	2661291	2854629	5515920	1.07
2022-09-02 13:30:00	2834199	3061222	5895421	1.08
2022-09-02 14:00:00	2995879	3254528	6250407	1.09
2022-09-02 14:30:00	3185733	3479568	6665301	1.09
2022-09-02 15:00:00	3501390	3972652	7474042	1.13
2022-09-02 15:15:00	3541995	4044123	7586118	1.14
2022-09-01 09:00:00	454115	465400	919515	1.02
2022-09-01 09:30:00	813838	837661	1651499	1.03
2022-09-01 10:00:00	1048049	1149202	2197251	1.1
2022-09-01 10:30:00	1297527	1433264	2730791	1.1
2022-09-01 11:00:00	1489170	1646031	3135201	1.11
2022-09-01 11:30:00	1698168	1805229	3503397	1.06
2022-09-01 12:00:00	1816204	1955072	3771276	1.08
2022-09-01 12:30:00	2213938	2173958	4387896	0.98
2022-09-01 13:00:00	2356344	2300034	4656378	0.98
2022-09-01 13:30:00	2501207	2518867	5020074	1.01
2022-09-01 14:00:00	2658133	2703590	5361723	1.02
2022-09-01 14:30:00	2841694	2869915	5711609	1.01
2022-09-01 15:00:00	3065343	3142943	6208286	1.03
2022-09-01 15:15:00	3110201	3209427	6319628	1.03
2022-08-31 09:00:00	356362	366699	723061	1.03
2022-08-31 09:30:00	568815	610992	1179807	1.07
2022-08-31 10:00:00	750038	862642	1612680	1.15
2022-08-31 10:30:00	916851	1029998	1946849	1.12
2022-08-31 11:00:00	1050337	1145952	2196289	1.09
2022-08-31 11:30:00	1141787	1231022	2372809	1.08
2022-08-31 12:00:00	1262903	1326235	2589138	1.05
2022-08-31 12:30:00	1359990	1418748	2778738	1.04
2022-08-31 13:00:00	1457334	1549655	3006989	1.06
2022-08-31 13:30:00	1553834	1690205	3244039	1.09
2022-08-31 14:00:00	1697455	1847012	3544467	1.09
2022-08-31 14:30:00	1854578	2023716	3878294	1.09
2022-08-31 15:00:00	2069296	2238456	4307752	1.08
2022-08-31 15:15:00	2118633	2333890	4452523	1.1
2022-08-30 09:00:00	292596	262741	555337	0.9
2022-08-30 09:30:00	531580	526861	1058441	0.99
2022-08-30 10:00:00	858879	866389	1725268	1.01
2022-08-30 10:30:00	1048873	1103656	2152529	1.05
2022-08-30 11:00:00	1191555	1245616	2437171	1.05
2022-08-30 11:30:00	1339032	1387020	2726052	1.04
2022-08-30 12:00:00	1446517	1549352	2995869	1.07
2022-08-30 12:30:00	1580807	1782513	3363320	1.13
2022-08-30 13:00:00	1721701	2049299	3771000	1.19
2022-08-30 13:30:00	1842847	2185451	4028298	1.19
2022-08-30 14:00:00	1986623	2304534	4291157	1.16
2022-08-30 14:30:00	2150356	2479507	4629863	1.15
2022-08-30 15:00:00	2334857	2727727	5062584	1.17
2022-08-30 15:15:00	2367429	2768624	5136053	1.17
2022-08-29 09:00:00	374275	410273	784548	1.1
2022-08-29 09:30:00	630154	768985	1399139	1.22
2022-08-29 10:00:00	836935	1080942	1917877	1.29
2022-08-29 10:30:00	1000424	1292130	2292554	1.29
2022-08-29 11:00:00	1144722	1463670	2608392	1.28
2022-08-29 11:30:00	1302204	1744620	3046824	1.34
2022-08-29 12:00:00	1452592	1844578	3297170	1.27
2022-08-29 12:30:00	1552621	1948230	3500851	1.25
2022-08-29 13:00:00	1665118	2062311	3727429	1.24
2022-08-29 13:30:00	1763629	2163386	3927015	1.23
2022-08-29 14:00:00	1858857	2250374	4109231	1.21
2022-08-29 14:30:00	1961529	2376818	4338347	1.21
2022-08-29 15:00:00	2123054	2558134	4681188	1.2
2022-08-29 15:15:00	2151569	2602096	4753665	1.21
2022-08-26 09:00:00	502731	365783	868514	0.73
2022-08-26 09:30:00	952741	733934	1686675	0.77
2022-08-26 10:00:00	1329981	1093121	2423102	0.82
2022-08-26 10:30:00	1679279	1404109	3083388	0.84
2022-08-26 11:00:00	1930595	1643325	3573920	0.85
2022-08-26 11:30:00	2156331	1916152	4072483	0.89
2022-08-26 12:00:00	2345184	2095607	4440791	0.89
2022-08-26 12:30:00	2506115	2259883	4765998	0.9
2022-08-26 13:00:00	2686209	2463696	5149905	0.92
2022-08-26 13:30:00	2867214	2759512	5626726	0.96
2022-08-26 14:00:00	3049446	3050760	6100206	1.0
2022-08-26 14:30:00	3321541	3395615	6717156	1.02
2022-08-26 15:00:00	3676704	3940958	7617662	1.07
2022-08-26 15:15:00	3720258	4075868	7796126	1.1
2022-08-25 09:00:00	371721	285681	657402	0.77
2022-08-25 09:30:00	663141	502270	1165411	0.76
2022-08-25 10:00:00	946650	794560	1741210	0.84
2022-08-25 10:30:00	1137723	970794	2108517	0.85
2022-08-25 11:00:00	1265344	1084947	2350291	0.86
2022-08-25 11:30:00	1391838	1234146	2625984	0.89
2022-08-25 12:00:00	1497135	1329667	2826802	0.89
2022-08-25 12:30:00	1607037	1412578	3019615	0.88
2022-08-25 13:00:00	1724872	1503656	3228528	0.87
2022-08-25 13:30:00	1826265	1611048	3437313	0.88
2022-08-25 14:00:00	1937983	1706330	3644313	0.88
2022-08-25 14:30:00	2080858	1845856	3926714	0.89
2022-08-25 15:00:00	2381855	2093124	4474979	0.88
2022-08-25 15:15:00	2417680	2142845	4560525	0.89
2022-08-24 09:00:00	300093	206055	506148	0.69
2022-08-24 09:30:00	541002	420700	961702	0.78
2022-08-24 10:00:00	707818	542986	1250804	0.77
2022-08-24 10:30:00	870632	674630	1545262	0.77
2022-08-24 11:00:00	1016780	782653	1799433	0.77
2022-08-24 11:30:00	1125649	868642	1994291	0.77
2022-08-24 12:00:00	1240082	1001420	2241502	0.81
2022-08-24 12:30:00	1331684	1079810	2411494	0.81
2022-08-24 13:00:00	1448747	1171380	2620127	0.81
2022-08-24 13:30:00	1525599	1254295	2779894	0.82
2022-08-24 14:00:00	1619722	1332620	2952342	0.82
2022-08-24 14:30:00	1735626	1448069	3183695	0.83
2022-08-24 15:00:00	1955940	1644770	3600710	0.84
2022-08-24 15:15:00	1975048	1692648	3667696	0.86
2022-08-23 09:00:00	350117	407924	758041	1.17
2022-08-23 09:30:00	619552	649726	1269278	1.05
2022-08-23 10:00:00	795877	803382	1599259	1.01
2022-08-23 10:30:00	954804	943378	1898182	0.99
2022-08-23 11:00:00	1073776	1043775	2117551	0.97
2022-08-23 11:30:00	1168464	1161702	2330166	0.99
2022-08-23 12:00:00	1260655	1244250	2504905	0.99
2022-08-23 12:30:00	1374926	1338316	2713242	0.97
2022-08-23 13:00:00	1493240	1478819	2972059	0.99
2022-08-23 13:30:00	1601099	1554993	3156092	0.97
2022-08-23 14:00:00	1715227	1641608	3356835	0.96
2022-08-23 14:30:00	1854813	1743781	3598594	0.94
2022-08-23 15:00:00	2026186	1936449	3962635	0.96
2022-08-23 15:15:00	2058571	1976299	4034870	0.96
2022-08-22 09:00:00	405727	350760	756487	0.86
2022-08-22 09:30:00	695093	656348	1351441	0.94
2022-08-22 10:00:00	896566	882433	1778999	0.98
2022-08-22 10:30:00	1080917	1059620	2140537	0.98
2022-08-22 11:00:00	1218321	1290606	2508927	1.06
2022-08-22 11:30:00	1327513	1425726	2753239	1.07
2022-08-22 12:00:00	1430558	1519124	2949682	1.06
2022-08-22 12:30:00	1547569	1680404	3227973	1.09
2022-08-22 13:00:00	1681290	1850420	3531710	1.1
2022-08-22 13:30:00	1804224	2000060	3804284	1.11
2022-08-22 14:00:00	1937725	2164480	4102205	1.12
2022-08-22 14:30:00	2129334	2386178	4515512	1.12
2022-08-22 15:00:00	2349294	2674662	5023956	1.14
2022-08-22 15:15:00	2394748	2750224	5144972	1.15
2022-08-19 09:00:00	561572	608357	1169929	1.08
2022-08-19 09:30:00	1004876	1027647	2032523	1.02
2022-08-19 10:00:00	1275676	1320205	2595881	1.03
2022-08-19 10:30:00	1571410	1629030	3200440	1.04
2022-08-19 11:00:00	1804602	1877292	3681894	1.04
2022-08-19 11:30:00	1989498	2073432	4062930	1.04
2022-08-19 12:00:00	2175039	2233080	4408119	1.03
2022-08-19 12:30:00	2345238	2384783	4730021	1.02
2022-08-19 13:00:00	2538911	2548483	5087394	1.0
2022-08-19 13:30:00	2701717	2712352	5414069	1.0
2022-08-19 14:00:00	2883707	2892767	5776474	1.0
2022-08-19 14:30:00	3126587	3161534	6288121	1.01
2022-08-19 15:00:00	3439213	3528396	6967609	1.03
2022-08-19 15:15:00	3470785	3580354	7051139	1.03
2022-08-18 09:00:00	359880	270584	630464	0.75
2022-08-18 09:30:00	662371	544542	1206913	0.82
2022-08-18 10:00:00	902163	705465	1607628	0.78
2022-08-18 10:30:00	1137183	890336	2027519	0.78
2022-08-18 11:00:00	1311038	1082212	2393250	0.83
2022-08-18 11:30:00	1439570	1219937	2659507	0.85
2022-08-18 12:00:00	1575636	1329347	2904983	0.84
2022-08-18 12:30:00	1714212	1436062	3150274	0.84
2022-08-18 13:00:00	1819995	1548800	3368795	0.85
2022-08-18 13:30:00	1970221	1650579	3620800	0.84
2022-08-18 14:00:00	2094012	1830406	3924418	0.87
2022-08-18 14:30:00	2259711	1981494	4241205	0.88
2022-08-18 15:00:00	2510532	2251974	4762506	0.9
2022-08-18 15:15:00	2569935	2329424	4899359	0.91
2022-08-17 09:00:00	419363	380633	799996	0.91
2022-08-17 09:30:00	693145	591084	1284229	0.85
2022-08-17 10:00:00	1001022	798362	1799384	0.8
2022-08-17 10:30:00	1174787	947777	2122564	0.81
2022-08-17 11:00:00	1383239	1162901	2546140	0.84
2022-08-17 11:30:00	1560182	1300006	2860188	0.83
2022-08-17 12:00:00	1715888	1404713	3120601	0.82
2022-08-17 12:30:00	1813293	1490132	3303425	0.82
2022-08-17 13:00:00	1973666	1612038	3585704	0.82
2022-08-17 13:30:00	2158751	1807290	3966041	0.84
2022-08-17 14:00:00	2351549	1963230	4314779	0.83
2022-08-17 14:30:00	2509171	2143641	4652812	0.85
2022-08-17 15:00:00	2708522	2362327	5070849	0.87
2022-08-17 15:15:00	2759958	2451841	5211799	0.89
2022-08-16 09:00:00	334460	274629	609089	0.82
2022-08-16 09:30:00	604148	601542	1205690	1.0
2022-08-16 10:00:00	886205	905051	1791256	1.02
2022-08-16 10:30:00	1102889	1065160	2168049	0.97
2022-08-16 11:00:00	1385743	1304903	2690646	0.94
2022-08-16 11:30:00	1594790	1492042	3086832	0.94
2022-08-16 12:00:00	2021207	1631377	3652584	0.81
2022-08-16 12:30:00	2158977	1746405	3905382	0.81
2022-08-16 13:00:00	2340248	1894399	4234647	0.81
2022-08-16 13:30:00	2558666	2069187	4627853	0.81
2022-08-16 14:00:00	2809796	2298594	5108390	0.82
2022-08-16 14:30:00	3014274	2447599	5461873	0.81
2022-08-16 15:00:00	3223564	2647134	5870698	0.82
2022-08-16 15:15:00	3258725	2709804	5968529	0.83
2022-08-15 09:00:00	400594	331465	732059	0.83
2022-08-15 09:30:00	693221	586585	1279806	0.85
2022-08-15 10:00:00	875541	775490	1651031	0.89
2022-08-15 10:30:00	1035681	926222	1961903	0.89
2022-08-15 11:00:00	1233272	1125849	2359121	0.91
2022-08-15 11:30:00	1393464	1260691	2654155	0.9
2022-08-15 12:00:00	1539969	1380013	2919982	0.9
2022-08-15 12:30:00	1664809	1494144	3158953	0.9
2022-08-15 13:00:00	1791817	1621109	3412926	0.9
2022-08-15 13:30:00	2072298	1869638	3941936	0.9
2022-08-15 14:00:00	2229750	2020997	4250747	0.91
2022-08-15 14:30:00	2421255	2166594	4587849	0.89
2022-08-15 15:00:00	2625538	2415397	5040935	0.92
2022-08-15 15:15:00	2663170	2485892	5149062	0.93
2022-08-12 09:00:00	459807	419392	879199	0.91
2022-08-12 09:30:00	778262	731814	1510076	0.94
2022-08-12 10:00:00	1054084	975780	2029864	0.93
2022-08-12 10:30:00	1359874	1245890	2605764	0.92
2022-08-12 11:00:00	1551850	1491223	3043073	0.96
2022-08-12 11:30:00	1723484	1705433	3428917	0.99
2022-08-12 12:00:00	1917686	1860623	3778309	0.97
2022-08-12 12:30:00	2131602	2157828	4289430	1.01
2022-08-12 13:00:00	2318586	2342660	4661246	1.01
2022-08-12 13:30:00	2551675	2597375	5149050	1.02
2022-08-12 14:00:00	2823688	2808227	5631915	0.99
2022-08-12 14:30:00	3155544	3052533	6208077	0.97
2022-08-12 15:00:00	3527832	3364654	6892486	0.95
2022-08-12 15:15:00	3596647	3435442	7032089	0.96
2022-08-11 09:00:00	596210	335124	931334	0.56
2022-08-11 09:30:00	1055187	686969	1742156	0.65
2022-08-11 10:00:00	1450943	967138	2418081	0.67
2022-08-11 10:30:00	1688429	1364484	3052913	0.81
2022-08-11 11:00:00	1868202	1537367	3405569	0.82
2022-08-11 11:30:00	2016404	1670282	3686686	0.83
2022-08-11 12:00:00	2130868	1750032	3880900	0.82
2022-08-11 12:30:00	2239271	1850165	4089436	0.83
2022-08-11 13:00:00	2371193	1972955	4344148	0.83
2022-08-11 13:30:00	2497315	2099211	4596526	0.84
2022-08-11 14:00:00	2657849	2293955	4951804	0.86
2022-08-11 14:30:00	2808084	2436373	5244457	0.87
2022-08-11 15:00:00	3001271	2637944	5639215	0.88
2022-08-11 15:15:00	3049820	2708541	5758361	0.89
2022-08-10 09:00:00	475582	466113	941695	0.98
2022-08-10 09:30:00	801875	814634	1616509	1.02
2022-08-10 10:00:00	1033324	1045690	2079014	1.01
2022-08-10 10:30:00	1268763	1248071	2516834	0.98
2022-08-10 11:00:00	1487979	1414668	2902647	0.95
2022-08-10 11:30:00	1639727	1555026	3194753	0.95
2022-08-10 12:00:00	1774402	1684573	3458975	0.95
2022-08-10 12:30:00	1904705	1803013	3707718	0.95
2022-08-10 13:00:00	2045540	1953442	3998982	0.95
2022-08-10 13:30:00	2165078	2069006	4234084	0.96
2022-08-10 14:00:00	2325419	2207226	4532645	0.95
2022-08-10 14:30:00	2481968	2366869	4848837	0.95
2022-08-10 15:00:00	2753123	2663980	5417103	0.97
2022-08-10 15:15:00	2808814	2731171	5539985	0.97
2022-08-09 09:00:00	327427	354135	681562	1.08
2022-08-09 09:30:00	560139	556498	1116637	0.99
2022-08-09 10:00:00	768599	685634	1454233	0.89
2022-08-09 10:30:00	922294	837285	1759579	0.91
2022-08-09 11:00:00	1060300	950890	2011190	0.9
2022-08-09 11:30:00	1208261	1063154	2271415	0.88
2022-08-09 12:00:00	1330674	1160383	2491057	0.87
2022-08-09 12:30:00	1456683	1268239	2724922	0.87
2022-08-09 13:00:00	1585056	1372864	2957920	0.87
2022-08-09 13:30:00	1678843	1487223	3166066	0.89
2022-08-09 14:00:00	1807113	1606179	3413292	0.89
2022-08-09 14:30:00	1948376	1742557	3690933	0.89
2022-08-09 15:00:00	2150360	1920107	4070467	0.89
2022-08-09 15:15:00	2190641	1962058	4152699	0.9
2022-08-08 09:00:00	478180	310202	788382	0.65
2022-08-08 09:30:00	817321	654319	1471640	0.8
2022-08-08 10:00:00	1024208	889528	1913736	0.87
2022-08-08 10:30:00	1228665	1129950	2358615	0.92
2022-08-08 11:00:00	1494972	1382437	2877409	0.92
2022-08-08 11:30:00	1646683	1536857	3183540	0.93
2022-08-08 12:00:00	1776990	1654404	3431394	0.93
2022-08-08 12:30:00	1873094	1777974	3651068	0.95
2022-08-08 13:00:00	2007342	1874888	3882230	0.93
2022-08-08 13:30:00	2120613	1970462	4091075	0.93
2022-08-08 14:00:00	2235241	2090529	4325770	0.94
2022-08-08 14:30:00	2357279	2238788	4596067	0.95
2022-08-08 15:00:00	2527855	2414113	4941968	0.96
2022-08-08 15:15:00	2551125	2458034	5009159	0.96
2022-08-05 09:00:00	542022	459048	1001070	0.85
2022-08-05 09:30:00	966909	815312	1782221	0.84
2022-08-05 10:00:00	1267785	1047836	2315621	0.83
2022-08-05 10:30:00	1577879	1386959	2964838	0.88
2022-08-05 11:00:00	1830835	1646461	3477296	0.9
2022-08-05 11:30:00	2029425	1814052	3843477	0.89
2022-08-05 12:00:00	2206231	1971122	4177353	0.89
2022-08-05 12:30:00	2396685	2141184	4537869	0.89
2022-08-05 13:00:00	2588826	2293749	4882575	0.89
2022-08-05 13:30:00	2764013	2433373	5197386	0.88
2022-08-05 14:00:00	2931470	2594803	5526273	0.89
2022-08-05 14:30:00	3411842	2809674	6221516	0.82
2022-08-05 15:00:00	3733919	3141877	6875796	0.84
2022-08-05 15:15:00	3777581	3275457	7053038	0.87
2022-08-04 09:00:00	518213	434919	953132	0.84
2022-08-04 09:30:00	831077	704429	1535506	0.85
2022-08-04 10:00:00	978953	794127	1773080	0.81
2022-08-04 10:30:00	1162636	928565	2091201	0.8
2022-08-04 11:00:00	1548354	1274219	2822573	0.82
2022-08-04 11:30:00	1498945	1227235	2726180	0.82
2022-08-04 12:00:00	1645655	1332684	2978339	0.81
2022-08-04 12:30:00	1775234	1452975	3228209	0.82
2022-08-04 13:00:00	1887502	1562968	3450470	0.83
2022-08-04 13:30:00	2067633	1672381	3740014	0.81
2022-08-04 14:00:00	2185844	1771426	3957270	0.81
2022-08-04 14:30:00	2351746	1904712	4256458	0.81
2022-08-04 15:00:00	2604449	2151408	4755857	0.83
2022-08-04 15:15:00	2639807	2232829	4872636	0.85
2022-08-03 09:00:00	366672	257430	624102	0.7
2022-08-03 09:30:00	650847	467732	1118579	0.72
2022-08-03 10:00:00	827780	637315	1465095	0.77
2022-08-03 10:30:00	998791	798004	1796795	0.8
2022-08-03 11:00:00	1191607	979682	2171289	0.82
2022-08-03 11:30:00	1345613	1103035	2448648	0.82
2022-08-03 12:00:00	1532111	1243312	2775423	0.81
2022-08-03 12:30:00	1697106	1451626	3148732	0.86
2022-08-03 13:00:00	1857811	1564431	3422242	0.84
2022-08-03 13:30:00	2016302	1700512	3716814	0.84
2022-08-03 14:00:00	2162059	1835826	3997885	0.85
2022-08-03 14:30:00	2327332	1987322	4314654	0.85
2022-08-03 15:00:00	2579088	2237059	4816147	0.87
2022-08-03 15:15:00	2632848	2326985	4959833	0.88
2022-08-02 09:00:00	389900	278303	668203	0.71
2022-08-02 09:30:00	653314	582177	1235491	0.89
2022-08-02 10:00:00	875989	812909	1688898	0.93
2022-08-02 10:30:00	1034693	962387	1997080	0.93
2022-08-02 11:00:00	1191988	1093496	2285484	0.92
2022-08-02 11:30:00	1365385	1247123	2612508	0.91
2022-08-02 12:00:00	1528150	1392931	2921081	0.91
2022-08-02 12:30:00	1696913	1654929	3351842	0.98
2022-08-02 13:00:00	1868670	1837496	3706166	0.98
2022-08-02 13:30:00	2028036	1955325	3983361	0.96
2022-08-02 14:00:00	2142762	2077653	4220415	0.97
2022-08-02 14:30:00	2291434	2226671	4518105	0.97
2022-08-02 15:00:00	2492110	2440160	4932270	0.98
2022-08-02 15:15:00	2536658	2500754	5037412	0.99
2022-08-01 09:00:00	374871	280854	655725	0.75
2022-08-01 09:30:00	667784	655848	1323632	0.98
2022-08-01 10:00:00	922029	888680	1810709	0.96
2022-08-01 10:30:00	1084610	1028582	2113192	0.95
2022-08-01 11:00:00	1222348	1206636	2428984	0.99
2022-08-01 11:30:00	1355023	1328502	2683525	0.98
2022-08-01 12:00:00	1459618	1436562	2896180	0.98
2022-08-01 12:30:00	1586352	1568035	3154387	0.99
2022-08-01 13:00:00	1729788	1718633	3448421	0.99
2022-08-01 13:30:00	1839395	1859907	3699302	1.01
2022-08-01 14:00:00	1977801	1963248	3941049	0.99
2022-08-01 14:30:00	2112308	2075758	4188066	0.98
2022-08-01 15:00:00	2294650	2297578	4592228	1.0
2022-08-01 15:15:00	2341328	2383762	4725090	1.02
2022-07-29 09:00:00	624859	526139	1150998	0.84
2022-07-29 09:30:00	1060786	1056172	2116958	1.0
2022-07-29 10:00:00	1397635	1346990	2744625	0.96
2022-07-29 10:30:00	1720543	1726306	3446849	1.0
2022-07-29 11:00:00	1936305	1928913	3865218	1.0
2022-07-29 11:30:00	2096478	2167550	4264028	1.03
2022-07-29 12:00:00	2270950	2333138	4604088	1.03
2022-07-29 12:30:00	2474343	2463637	4937980	1.0
2022-07-29 13:00:00	2689490	2725919	5415409	1.01
2022-07-29 13:30:00	2940377	2963053	5903430	1.01
2022-07-29 14:00:00	3218332	3261334	6479666	1.01
2022-07-29 14:30:00	3518106	3510387	7028493	1.0
2022-07-29 15:00:00	3930162	3826668	7756830	0.97
2022-07-29 15:15:00	3984711	3929080	7913791	0.99
2022-07-28 09:00:00	436633	442430	879063	1.01
2022-07-28 09:30:00	706917	715362	1422279	1.01
2022-07-28 10:00:00	924669	902574	1827243	0.98
2022-07-28 10:30:00	1143047	1096762	2239809	0.96
2022-07-28 11:00:00	1364305	1293555	2657860	0.95
2022-07-28 11:30:00	1567005	1440505	3007510	0.92
2022-07-28 12:00:00	1692352	1567948	3260300	0.93
2022-07-28 12:30:00	1866562	1703736	3570298	0.91
2022-07-28 13:00:00	2059627	1885935	3945562	0.92
2022-07-28 13:30:00	2201086	2033155	4234241	0.92
2022-07-28 14:00:00	2362071	2209515	4571586	0.94
2022-07-28 14:30:00	2584594	2408306	4992900	0.93
2022-07-28 15:00:00	2876451	2702456	5578907	0.94
2022-07-28 15:15:00	2919958	2803455	5723413	0.96
2022-07-27 09:00:00	299148	289626	588774	0.97
2022-07-27 09:30:00	500038	476717	976755	0.95
2022-07-27 10:00:00	647436	676710	1324146	1.05
2022-07-27 10:30:00	847065	820527	1667592	0.97
2022-07-27 11:00:00	1015731	957496	1973227	0.94
2022-07-27 11:30:00	1117710	1063351	2181061	0.95
2022-07-27 12:00:00	1218056	1160553	2378609	0.95
2022-07-27 12:30:00	1322654	1254350	2577004	0.95
2022-07-27 13:00:00	1435898	1364173	2800071	0.95
2022-07-27 13:30:00	1560217	1491399	3051616	0.96
2022-07-27 14:00:00	1846960	1792184	3639144	0.97
2022-07-27 14:30:00	2126180	2091631	4217811	0.98
2022-07-27 15:00:00	2456276	2576769	5033045	1.05
2022-07-27 15:15:00	2494594	2709076	5203670	1.09
2022-07-26 09:00:00	313764	288870	602634	0.92
2022-07-26 09:30:00	526534	475559	1002093	0.9
2022-07-26 10:00:00	664229	608335	1272564	0.92
2022-07-26 10:30:00	802523	739502	1542025	0.92
2022-07-26 11:00:00	992319	915593	1907912	0.92
2022-07-26 11:30:00	1116135	1068351	2184486	0.96
2022-07-26 12:00:00	1258618	1210181	2468799	0.96
2022-07-26 12:30:00	1340243	1298543	2638786	0.97
2022-07-26 13:00:00	1423229	1374655	2797884	0.97
2022-07-26 13:30:00	1546349	1504855	3051204	0.97
2022-07-26 14:00:00	1694429	1616035	3310464	0.95
2022-07-26 14:30:00	1847382	1730249	3577631	0.94
2022-07-26 15:00:00	2043660	1959139	4002799	0.96
2022-07-26 15:15:00	2072678	2016979	4089657	0.97
2022-07-25 09:00:00	301781	230094	531875	0.76
2022-07-25 09:30:00	476003	417636	893639	0.88
2022-07-25 10:00:00	613220	553080	1166300	0.9
2022-07-25 10:30:00	840071	693429	1533500	0.83
2022-07-25 11:00:00	961751	798351	1760102	0.83
2022-07-25 11:30:00	1072340	883324	1955664	0.82
2022-07-25 12:00:00	1169831	978770	2148601	0.84
2022-07-25 12:30:00	1260490	1053610	2314100	0.84
2022-07-25 13:00:00	1343890	1179528	2523418	0.88
2022-07-25 13:30:00	1434528	1276127	2710655	0.89
2022-07-25 14:00:00	1531190	1366245	2897435	0.89
2022-07-25 14:30:00	1629567	1482162	3111729	0.91
2022-07-25 15:00:00	1793833	1684886	3478719	0.94
2022-07-25 15:15:00	1836348	1757493	3593841	0.96
2022-07-22 09:00:00	513297	509014	1022311	0.99
2022-07-22 09:30:00	885989	848508	1734497	0.96
2022-07-22 10:00:00	1099348	1045496	2144844	0.95
2022-07-22 10:30:00	1339042	1285582	2624624	0.96
2022-07-22 11:00:00	1629181	1591063	3220244	0.98
2022-07-22 11:30:00	1826417	1918600	3745017	1.05
2022-07-22 12:00:00	1987043	2081771	4068814	1.05
2022-07-22 12:30:00	2220281	2289195	4509476	1.03
2022-07-22 13:00:00	2391636	2492153	4883789	1.04
2022-07-22 13:30:00	2559248	2722679	5281927	1.06
2022-07-22 14:00:00	2713366	2885261	5598627	1.06
2022-07-22 14:30:00	2903753	3067074	5970827	1.06
2022-07-22 15:00:00	3212130	3394611	6606741	1.06
2022-07-22 15:15:00	3244954	3486003	6730957	1.07
2022-07-21 09:00:00	392736	276209	668945	0.7
2022-07-21 09:30:00	670268	539561	1209829	0.8
2022-07-21 10:00:00	834346	770277	1604623	0.92
2022-07-21 10:30:00	1006383	911930	1918313	0.91
2022-07-21 11:00:00	1155078	1064175	2219253	0.92
2022-07-21 11:30:00	1356739	1231563	2588302	0.91
2022-07-21 12:00:00	1522349	1391168	2913517	0.91
2022-07-21 12:30:00	1640208	1534590	3174798	0.94
2022-07-21 13:00:00	1765264	1652930	3418194	0.94
2022-07-21 13:30:00	1891430	1753919	3645349	0.93
2022-07-21 14:00:00	2010427	1864885	3875312	0.93
2022-07-21 14:30:00	2167302	1999725	4167027	0.92
2022-07-21 15:00:00	2441610	2264854	4706464	0.93
2022-07-21 15:15:00	2487933	2351630	4839563	0.95
2022-07-20 09:00:00	298120	320154	618274	1.07
2022-07-20 09:30:00	530035	514206	1044241	0.97
2022-07-20 10:00:00	890819	837448	1728267	0.94
2022-07-20 10:30:00	1101987	992797	2094784	0.9
2022-07-20 11:00:00	1322993	1170617	2493610	0.88
2022-07-20 11:30:00	1477685	1321625	2799310	0.89
2022-07-20 12:00:00	1638361	1457139	3095500	0.89
2022-07-20 12:30:00	1785749	1607843	3393592	0.9
2022-07-20 13:00:00	1901516	1722615	3624131	0.91
2022-07-20 13:30:00	1990113	1848355	3838468	0.93
2022-07-20 14:00:00	2105028	1955933	4060961	0.93
2022-07-20 14:30:00	2279505	2103230	4382735	0.92
2022-07-20 15:00:00	2481808	2312782	4794590	0.93
2022-07-20 15:15:00	2515053	2379291	4894344	0.95
2022-07-19 09:00:00	298043	277351	575394	0.93
2022-07-19 09:30:00	539832	481528	1021360	0.89
2022-07-19 10:00:00	744149	776911	1521060	1.04
2022-07-19 10:30:00	974517	962938	1937455	0.99
2022-07-19 11:00:00	1161434	1095062	2256496	0.94
2022-07-19 11:30:00	1312787	1260733	2573520	0.96
2022-07-19 12:00:00	1500038	1431531	2931569	0.95
2022-07-19 12:30:00	1620930	1543006	3163936	0.95
2022-07-19 13:00:00	1764094	1659926	3424020	0.94
2022-07-19 13:30:00	1949866	1893967	3843833	0.97
2022-07-19 14:00:00	2085809	2050000	4135809	0.98
2022-07-19 14:30:00	2225694	2186057	4411751	0.98
2022-07-19 15:00:00	2489701	2414824	4904525	0.97
2022-07-19 15:15:00	2518323	2477472	4995795	0.98
2022-07-18 09:00:00	432442	292600	725042	0.68
2022-07-18 09:30:00	769200	652714	1421914	0.85
2022-07-18 10:00:00	943559	826298	1769857	0.88
2022-07-18 10:30:00	1082838	953167	2036005	0.88
2022-07-18 11:00:00	1252468	1062939	2315407	0.85
2022-07-18 11:30:00	1375906	1193240	2569146	0.87
2022-07-18 12:00:00	1470001	1307264	2777265	0.89
2022-07-18 12:30:00	1579915	1455349	3035264	0.92
2022-07-18 13:00:00	1734613	1660988	3395601	0.96
2022-07-18 13:30:00	1874531	1799023	3673554	0.96
2022-07-18 14:00:00	1981578	1949184	3930762	0.98
2022-07-18 14:30:00	2115406	2078237	4193643	0.98
2022-07-18 15:00:00	2316420	2297829	4614249	0.99
2022-07-18 15:15:00	2345590	2366916	4712506	1.01
2022-07-15 09:00:00	490403	540149	1030552	1.1
2022-07-15 09:30:00	844339	864527	1708866	1.02
2022-07-15 10:00:00	1119755	1147530	2267285	1.02
2022-07-15 10:30:00	1406423	1370651	2777074	0.97
2022-07-15 11:00:00	1581399	1541875	3123274	0.98
2022-07-15 11:30:00	1759562	1715345	3474907	0.97
2022-07-15 12:00:00	1942060	1866945	3809005	0.96
2022-07-15 12:30:00	2160175	2024884	4185059	0.94
2022-07-15 13:00:00	2318639	2178177	4496816	0.94
2022-07-15 13:30:00	2480659	2335938	4816597	0.94
2022-07-15 14:00:00	2760224	2496551	5256775	0.9
2022-07-15 14:30:00	2949538	2662663	5612201	0.9
2022-07-15 15:00:00	3300615	2984232	6284847	0.9
2022-07-15 15:15:00	3341955	3071402	6413357	0.92
2022-07-14 09:00:00	366767	462550	829317	1.26
2022-07-14 09:30:00	694104	742043	1436147	1.07
2022-07-14 10:00:00	1148519	967631	2116150	0.84
2022-07-14 10:30:00	1373844	1172501	2546345	0.85
2022-07-14 11:00:00	1625687	1382728	3008415	0.85
2022-07-14 11:30:00	1793037	1592022	3385059	0.89
2022-07-14 12:00:00	1914574	1723150	3637724	0.9
2022-07-14 12:30:00	2079120	1861424	3940544	0.9
2022-07-14 13:00:00	2195752	1973966	4169718	0.9
2022-07-14 13:30:00	2329040	2136780	4465820	0.92
2022-07-14 14:00:00	2513247	2298523	4811770	0.91
2022-07-14 14:30:00	2692618	2449371	5141989	0.91
2022-07-14 15:00:00	2919540	2730112	5649652	0.94
2022-07-14 15:15:00	2957602	2801688	5759290	0.95
2022-07-13 09:00:00	357278	340579	697857	0.95
2022-07-13 09:30:00	615588	556947	1172535	0.9
2022-07-13 10:00:00	871711	763083	1634794	0.88
2022-07-13 10:30:00	1029785	923406	1953191	0.9
2022-07-13 11:00:00	1151324	1065410	2216734	0.93
2022-07-13 11:30:00	1229563	1173055	2402618	0.95
2022-07-13 12:00:00	1331214	1267556	2598770	0.95
2022-07-13 12:30:00	1434894	1411020	2845914	0.98
2022-07-13 13:00:00	1527022	1519533	3046555	1.0
2022-07-13 13:30:00	1681051	1676408	3357459	1.0
2022-07-13 14:00:00	1864569	1794330	3658899	0.96
2022-07-13 14:30:00	1977871	1918541	3896412	0.97
2022-07-13 15:00:00	2150982	2158907	4309889	1.0
2022-07-13 15:15:00	2212598	2225782	4438380	1.01
2022-07-12 09:00:00	315742	231799	547541	0.73
2022-07-12 09:30:00	589121	446156	1035277	0.76
2022-07-12 10:00:00	773953	627727	1401680	0.81
2022-07-12 10:30:00	924404	750495	1674899	0.81
2022-07-12 11:00:00	1038194	833097	1871291	0.8
2022-07-12 11:30:00	1130570	909885	2040455	0.8
2022-07-12 12:00:00	1215111	979088	2194199	0.81
2022-07-12 12:30:00	1321231	1069435	2390666	0.81
2022-07-12 13:00:00	1391373	1164856	2556229	0.84
2022-07-12 13:30:00	1477503	1244585	2722088	0.84
2022-07-12 14:00:00	1584430	1352836	2937266	0.85
2022-07-12 14:30:00	1762352	1535512	3297864	0.87
2022-07-12 15:00:00	2000734	1848859	3849593	0.92
2022-07-12 15:15:00	2032274	1911417	3943691	0.94
2022-07-11 09:00:00	427533	261806	689339	0.61
2022-07-11 09:30:00	622127	413283	1035410	0.66
2022-07-11 10:00:00	861035	596032	1457067	0.69
2022-07-11 10:30:00	1002968	752210	1755178	0.75
2022-07-11 11:00:00	1124132	848021	1972153	0.75
2022-07-11 11:30:00	1189837	927376	2117213	0.78
2022-07-11 12:00:00	1257183	1002097	2259280	0.8
2022-07-11 12:30:00	1338170	1113400	2451570	0.83
2022-07-11 13:00:00	1429076	1201619	2630695	0.84
2022-07-11 13:30:00	1506159	1286533	2792692	0.85
2022-07-11 14:00:00	1577363	1366910	2944273	0.87
2022-07-11 14:30:00	1708007	1530988	3238995	0.9
2022-07-11 15:00:00	1906819	1714474	3621293	0.9
2022-07-11 15:15:00	1951479	1766944	3718423	0.91
2022-07-08 09:00:00	422439	342947	765386	0.81
2022-07-08 09:30:00	696670	645438	1342108	0.93
2022-07-08 10:00:00	1034720	972311	2007031	0.94
2022-07-08 10:30:00	1309802	1183316	2493118	0.9
2022-07-08 11:00:00	1521553	1374980	2896533	0.9
2022-07-08 11:30:00	1694551	1538805	3233356	0.91
2022-07-08 12:00:00	1882127	1716409	3598536	0.91
2022-07-08 12:30:00	2047190	1882442	3929632	0.92
2022-07-08 13:00:00	2187161	2018737	4205898	0.92
2022-07-08 13:30:00	2326283	2159168	4485451	0.93
2022-07-08 14:00:00	2489247	2312913	4802160	0.93
2022-07-08 14:30:00	2657824	2479229	5137053	0.93
2022-07-08 15:00:00	2947081	2772305	5719386	0.94
2022-07-08 15:15:00	2978200	2828819	5807019	0.95
2022-07-07 09:00:00	402960	274573	677533	0.68
2022-07-07 09:30:00	651715	462308	1114023	0.71
2022-07-07 10:00:00	880714	694950	1575664	0.79
2022-07-07 10:30:00	1038058	871648	1909706	0.84
2022-07-07 11:00:00	1245307	1012928	2258235	0.81
2022-07-07 11:30:00	1509743	1137534	2647277	0.75
2022-07-07 12:00:00	1672870	1262961	2935831	0.75
2022-07-07 12:30:00	1795441	1352330	3147771	0.75
2022-07-07 13:00:00	1922416	1467607	3390023	0.76
2022-07-07 13:30:00	2060901	1618347	3679248	0.79
2022-07-07 14:00:00	2245585	1762065	4007650	0.78
2022-07-07 14:30:00	2441882	1943761	4385643	0.8
2022-07-07 15:00:00	2698015	2140378	4838393	0.79
2022-07-07 15:15:00	2763441	2242316	5005757	0.81
2022-07-06 09:00:00	269092	227649	496741	0.85
2022-07-06 09:30:00	694129	388536	1082665	0.56
2022-07-06 10:00:00	852468	558950	1411418	0.66
2022-07-06 10:30:00	981348	668763	1650111	0.68
2022-07-06 11:00:00	1109204	857573	1966777	0.77
2022-07-06 11:30:00	1189262	926640	2115902	0.78
2022-07-06 12:00:00	1262964	988494	2251458	0.78
2022-07-06 12:30:00	1358784	1076456	2435240	0.79
2022-07-06 13:00:00	1439143	1149120	2588263	0.8
2022-07-06 13:30:00	1555697	1259043	2814740	0.81
2022-07-06 14:00:00	1709003	1386963	3095966	0.81
2022-07-06 14:30:00	1886348	1570396	3456744	0.83
2022-07-06 15:00:00	2095789	1792327	3888116	0.86
2022-07-06 15:15:00	2129103	1879993	4009096	0.88
2022-07-05 09:00:00	286760	264012	550772	0.92
2022-07-05 09:30:00	522027	482764	1004791	0.92
2022-07-05 10:00:00	772926	770348	1543274	1.0
2022-07-05 10:30:00	915349	878664	1794013	0.96
2022-07-05 11:00:00	1240690	998277	2238967	0.8
2022-07-05 11:30:00	1363249	1115194	2478443	0.82
2022-07-05 12:00:00	1453581	1227389	2680970	0.84
2022-07-05 12:30:00	1577133	1339820	2916953	0.85
2022-07-05 13:00:00	1696805	1446690	3143495	0.85
2022-07-05 13:30:00	1820865	1538718	3359583	0.85
2022-07-05 14:00:00	1973291	1716938	3690229	0.87
2022-07-05 14:30:00	2126664	1885843	4012507	0.89
2022-07-05 15:00:00	2338138	2066826	4404964	0.88
2022-07-05 15:15:00	2405697	2134026	4539723	0.89
2022-07-01 09:00:00	452625	383779	836404	0.85
2022-07-01 09:30:00	740527	699663	1440190	0.94
2022-07-01 10:00:00	1084066	1001285	2085351	0.92
2022-07-01 10:30:00	1300037	1182413	2482450	0.91
2022-07-01 11:00:00	1439731	1352587	2792318	0.94
2022-07-01 11:30:00	1606528	1480780	3087308	0.92
2022-07-01 12:00:00	1740345	1617766	3358111	0.93
2022-07-01 12:30:00	1861001	1784808	3645809	0.96
2022-07-01 13:00:00	2023215	1920304	3943519	0.95
2022-07-01 13:30:00	2174986	2080862	4255848	0.96
2022-07-01 14:00:00	2377690	2270018	4647708	0.95
2022-07-01 14:30:00	2562969	2427242	4990211	0.95
2022-07-01 15:00:00	2864852	2733879	5598731	0.95
2022-07-01 15:15:00	2907464	2818120	5725584	0.97
2022-06-30 09:00:00	377749	402746	780495	1.07
2022-06-30 09:30:00	706162	628597	1334759	0.89
2022-06-30 10:00:00	909504	810767	1720271	0.89
2022-06-30 10:30:00	1087771	1005136	2092907	0.92
2022-06-30 11:00:00	1535804	1141158	2676962	0.74
2022-06-30 11:30:00	1647533	1237784	2885317	0.75
2022-06-30 12:00:00	1776571	1441108	3217679	0.81
2022-06-30 12:30:00	1879635	1542443	3422078	0.82
2022-06-30 13:00:00	1972625	1647039	3619664	0.83
2022-06-30 13:30:00	2057476	1728499	3785975	0.84
2022-06-30 14:00:00	2133272	1821711	3954983	0.85
2022-06-30 14:30:00	2354249	2126224	4480473	0.9
2022-06-30 15:00:00	2600738	2358217	4958955	0.91
2022-06-30 15:15:00	2639610	2435073	5074683	0.92
2022-06-29 09:00:00	311572	280781	592353	0.9
2022-06-29 09:30:00	530220	488315	1018535	0.92
2022-06-29 10:00:00	713639	668287	1381926	0.94
2022-06-29 10:30:00	817183	814726	1631909	1.0
2022-06-29 11:00:00	919021	955567	1874588	1.04
2022-06-29 11:30:00	1021879	1053408	2075287	1.03
2022-06-29 12:00:00	1108976	1145444	2254420	1.03
2022-06-29 12:30:00	1205035	1249466	2454501	1.04
2022-06-29 13:00:00	1290172	1335291	2625463	1.03
2022-06-29 13:30:00	1408471	1483419	2891890	1.05
2022-06-29 14:00:00	1501368	1591828	3093196	1.06
2022-06-29 14:30:00	1630455	2155773	3786228	1.32
2022-06-29 15:00:00	1828944	2324911	4153855	1.27
2022-06-29 15:15:00	1871396	2396259	4267655	1.28
2022-06-28 09:00:00	352556	279462	632018	0.79
2022-06-28 09:30:00	680407	515115	1195522	0.76
2022-06-28 10:00:00	862889	739180	1602069	0.86
2022-06-28 10:30:00	1023941	886362	1910303	0.87
2022-06-28 11:00:00	1223808	1068564	2292372	0.87
2022-06-28 11:30:00	1457732	1218532	2676264	0.84
2022-06-28 12:00:00	1554626	1355313	2909939	0.87
2022-06-28 12:30:00	1702765	1493005	3195770	0.88
2022-06-28 13:00:00	1793629	1593343	3386972	0.89
2022-06-28 13:30:00	1924715	1743932	3668647	0.91
2022-06-28 14:00:00	2050697	1893546	3944243	0.92
2022-06-28 14:30:00	2183901	2018667	4202568	0.92
2022-06-28 15:00:00	2376858	2220166	4597024	0.93
2022-06-28 15:15:00	2436777	2275565	4712342	0.93
2022-06-27 09:00:00	249350	196913	446263	0.79
2022-06-27 09:30:00	466263	388848	855111	0.83
2022-06-27 10:00:00	691460	511209	1202669	0.74
2022-06-27 10:30:00	836704	641145	1477849	0.77
2022-06-27 11:00:00	980008	844278	1824286	0.86
2022-06-27 11:30:00	1089776	934508	2024284	0.86
2022-06-27 12:00:00	1179252	1009470	2188722	0.86
2022-06-27 12:30:00	1273351	1109467	2382818	0.87
2022-06-27 13:00:00	1363936	1236850	2600786	0.91
2022-06-27 13:30:00	1458190	1319862	2778052	0.91
2022-06-27 14:00:00	1582542	1413255	2995797	0.89
2022-06-27 14:30:00	1746762	1582823	3329585	0.91
2022-06-27 15:00:00	1911422	1771881	3683303	0.93
2022-06-27 15:15:00	1944393	1824586	3768979	0.94
2022-05-31 09:00:00	399637	327544	727181	0.82
2022-05-31 09:30:00	631711	548284	1179995	0.87
2022-05-31 10:00:00	881821	808530	1690351	0.92
2022-05-31 10:30:00	1079173	1012468	2091641	0.94
2022-05-31 11:00:00	1261727	1173078	2434805	0.93
2022-05-31 11:30:00	1483771	1370528	2854299	0.92
2022-05-31 12:00:00	1618701	1506613	3125314	0.93
2022-05-31 12:30:00	1796188	1601273	3397461	0.89
2022-05-31 13:00:00	1901181	1710796	3611977	0.9
2022-05-31 13:30:00	2021085	1823986	3845071	0.9
2022-05-31 14:00:00	2143172	1971920	4115092	0.92
2022-05-31 14:30:00	2274778	2107462	4382240	0.93
2022-05-31 15:00:00	2445570	2346009	4791579	0.96
2022-05-31 15:15:00	2491062	2409789	4900851	0.97
2022-05-27 09:00:00	568430	470539	1038969	0.83
2022-05-27 09:30:00	997113	931424	1928537	0.93
2022-05-27 10:00:00	1332936	1261672	2594608	0.95
2022-05-27 10:30:00	1771155	1487308	3258463	0.84
2022-05-27 11:00:00	1978141	1731365	3709506	0.88
2022-05-27 11:30:00	2211403	1896126	4107529	0.86
2022-05-27 12:00:00	2364299	2052365	4416664	0.87
2022-05-27 12:30:00	2509460	2209166	4718626	0.88
2022-05-27 13:00:00	2651349	2387240	5038589	0.9
2022-05-27 13:30:00	2825739	2521999	5347738	0.89
2022-05-27 14:00:00	3009617	2695100	5704717	0.9
2022-05-27 14:30:00	3325774	2930171	6255945	0.88
2022-05-27 15:00:00	3743194	3272209	7015403	0.87
2022-05-27 15:15:00	3799520	3409472	7208992	0.9
2022-05-26 09:00:00	378070	355660	733730	0.94
2022-05-26 09:30:00	750813	628668	1379481	0.84
2022-05-26 10:00:00	987573	821176	1808749	0.83
2022-05-26 10:30:00	1184451	1034048	2218499	0.87
2022-05-26 11:00:00	1389187	1172895	2562082	0.84
2022-05-26 11:30:00	1594738	1356766	2951504	0.85
2022-05-26 12:00:00	1771282	1595468	3366750	0.9
2022-05-26 12:30:00	1986022	1871101	3857123	0.94
2022-05-26 13:00:00	2198369	1979251	4177620	0.9
2022-05-26 13:30:00	2330729	2105241	4435970	0.9
2022-05-26 14:00:00	2485352	2285167	4770519	0.92
2022-05-26 14:30:00	2672905	2401352	5074257	0.9
2022-05-26 15:00:00	2872475	2623407	5495882	0.91
2022-05-26 15:15:00	2909426	2692976	5602402	0.93
2022-05-25 09:00:00	228950	205914	434864	0.9
2022-05-25 09:30:00	409193	367033	776226	0.9
2022-05-25 10:00:00	587214	530183	1117397	0.9
2022-05-25 10:30:00	731846	645827	1377673	0.88
2022-05-25 11:00:00	851700	785539	1637239	0.92
2022-05-25 11:30:00	960547	871468	1832015	0.91
2022-05-25 12:00:00	1088967	978329	2067296	0.9
2022-05-25 12:30:00	1212784	1050351	2263135	0.87
2022-05-25 13:00:00	1318512	1136720	2455232	0.86
2022-05-25 13:30:00	1504452	1262832	2767284	0.84
2022-05-25 14:00:00	1666789	1387071	3053860	0.83
2022-05-25 14:30:00	1870611	1560105	3430716	0.83
2022-05-25 15:00:00	2070045	1791009	3861054	0.87
2022-05-25 15:15:00	2119673	1852635	3972308	0.87
2022-05-24 09:00:00	270157	282893	553050	1.05
2022-05-24 09:30:00	529671	563036	1092707	1.06
2022-05-24 10:00:00	727037	760482	1487519	1.05
2022-05-24 10:30:00	927499	892522	1820021	0.96
2022-05-24 11:00:00	1062162	1034985	2097147	0.97
2022-05-24 11:30:00	1181690	1158176	2339866	0.98
2022-05-24 12:00:00	1287176	1267415	2554591	0.98
2022-05-24 12:30:00	1376355	1358638	2734993	0.99
2022-05-24 13:00:00	1492738	1456774	2949512	0.98
2022-05-24 13:30:00	1635965	1577776	3213741	0.96
2022-05-24 14:00:00	1768398	1718688	3487086	0.97
2022-05-24 14:30:00	1926502	1871614	3798116	0.97
2022-05-24 15:00:00	2139601	2103021	4242622	0.98
2022-05-24 15:15:00	2173084	2168865	4341949	1.0
2022-05-23 09:00:00	332416	274073	606489	0.82
2022-05-23 09:30:00	538278	476279	1014557	0.88
2022-05-23 10:00:00	768843	682801	1451644	0.89
2022-05-23 10:30:00	1048306	914300	1962606	0.87
2022-05-23 11:00:00	1218094	1056131	2274225	0.87
2022-05-23 11:30:00	1374607	1240602	2615209	0.9
2022-05-23 12:00:00	1498042	1345302	2843344	0.9
2022-05-23 12:30:00	1591593	1439938	3031531	0.9
2022-05-23 13:00:00	1714227	1550562	3264789	0.9
2022-05-23 13:30:00	1834040	1709672	3543712	0.93
2022-05-23 14:00:00	1950334	1816633	3766967	0.93
2022-05-23 14:30:00	2069169	1944071	4013240	0.94
2022-05-23 15:00:00	2235183	2178476	4413659	0.97
2022-05-23 15:15:00	2272728	2229338	4502066	0.98
2022-05-20 09:00:00	413433	388290	801723	0.94
2022-05-20 09:30:00	725166	812465	1537631	1.12
2022-05-20 10:00:00	999182	1171506	2170688	1.17
2022-05-20 10:30:00	1255506	1543299	2798805	1.23
2022-05-20 11:00:00	1530530	1799210	3329740	1.18
2022-05-20 11:30:00	1752841	2119257	3872098	1.21
2022-05-20 12:00:00	2097268	2473157	4570425	1.18
2022-05-20 12:30:00	2303972	2810754	5114726	1.22
2022-05-20 13:00:00	2540261	3227927	5768188	1.27
2022-05-20 13:30:00	2756125	3476035	6232160	1.26
2022-05-20 14:00:00	2944325	3751751	6696076	1.27
2022-05-20 14:30:00	3190356	4024659	7215015	1.26
2022-05-20 15:00:00	3648611	4446787	8095398	1.22
2022-05-20 15:15:00	3690084	4534982	8225066	1.23
2022-05-19 09:00:00	408498	491697	900195	1.2
2022-05-19 09:30:00	660624	782013	1442637	1.18
2022-05-19 10:00:00	865520	1019709	1885229	1.18
2022-05-19 10:30:00	1045007	1265660	2310667	1.21
2022-05-19 11:00:00	1317001	1572427	2889428	1.19
2022-05-19 11:30:00	1482217	1743602	3225819	1.18
2022-05-19 12:00:00	1642874	1951069	3593943	1.19
2022-05-19 12:30:00	1770653	2122018	3892671	1.2
2022-05-19 13:00:00	1941800	2351049	4292849	1.21
2022-05-19 13:30:00	2063042	2551221	4614263	1.24
2022-05-19 14:00:00	2232102	2726826	4958928	1.22
2022-05-19 14:30:00	2407092	2917710	5324802	1.21
2022-05-19 15:00:00	2655786	3236842	5892628	1.22
2022-05-19 15:15:00	2704999	3317648	6022647	1.23
2022-05-18 09:00:00	363354	372183	735537	1.02
2022-05-18 09:30:00	570034	586550	1156584	1.03
2022-05-18 10:00:00	755446	847438	1602884	1.12
2022-05-18 10:30:00	985125	1069833	2054958	1.09
2022-05-18 11:00:00	1173662	1274547	2448209	1.09
2022-05-18 11:30:00	1343226	1550049	2893275	1.15
2022-05-18 12:00:00	1615863	1712966	3328829	1.06
2022-05-18 12:30:00	1741565	1886459	3628024	1.08
2022-05-18 13:00:00	1886298	2060423	3946721	1.09
2022-05-18 13:30:00	2020262	2252457	4272719	1.11
2022-05-18 14:00:00	2202461	2433400	4635861	1.1
2022-05-18 14:30:00	2382088	2707392	5089480	1.14
2022-05-18 15:00:00	2607444	3071879	5679323	1.18
2022-05-18 15:15:00	2640743	3169399	5810142	1.2
2022-05-17 09:00:00	358905	376879	735784	1.05
2022-05-17 09:30:00	627496	655252	1282748	1.04
2022-05-17 10:00:00	855872	879852	1735724	1.03
2022-05-17 10:30:00	1022338	1087361	2109699	1.06
2022-05-17 11:00:00	1176726	1224119	2400845	1.04
2022-05-17 11:30:00	1381320	1386837	2768157	1.0
2022-05-17 12:00:00	1536791	1524997	3061788	0.99
2022-05-17 12:30:00	1687755	1688996	3376751	1.0
2022-05-17 13:00:00	1796755	1828338	3625093	1.02
2022-05-17 13:30:00	1944604	2030516	3975120	1.04
2022-05-17 14:00:00	2107047	2202517	4309564	1.05
2022-05-17 14:30:00	2293784	2345941	4639725	1.02
2022-05-17 15:00:00	2549511	2600083	5149594	1.02
2022-05-17 15:15:00	2588136	2675417	5263553	1.03
2022-05-16 09:00:00	324490	260449	584939	0.8
2022-05-16 09:30:00	596212	506422	1102634	0.85
2022-05-16 10:00:00	837618	702227	1539845	0.84
2022-05-16 10:30:00	1029214	825103	1854317	0.8
2022-05-16 11:00:00	1184021	1001865	2185886	0.85
2022-05-16 11:30:00	1296691	1117547	2414238	0.86
2022-05-16 12:00:00	1398694	1230408	2629102	0.88
2022-05-16 12:30:00	1498806	1321829	2820635	0.88
2022-05-16 13:00:00	1606130	1431987	3038117	0.89
2022-05-16 13:30:00	1786235	1561706	3347941	0.87
2022-05-16 14:00:00	1913801	1711259	3625060	0.89
2022-05-16 14:30:00	2110963	1952623	4063586	0.92
2022-05-16 15:00:00	2289282	2187686	4476968	0.96
2022-05-16 15:15:00	2466647	2247439	4714086	0.91
2022-05-13 09:00:00	562818	507244	1070062	0.9
2022-05-13 09:30:00	912714	863613	1776327	0.95
2022-05-13 10:00:00	1214883	1129367	2344250	0.93
2022-05-13 10:30:00	1571967	1367598	2939565	0.87
2022-05-13 11:00:00	1753844	1552443	3306287	0.89
2022-05-13 11:30:00	2013227	1776802	3790029	0.88
2022-05-13 12:00:00	2196456	1991081	4187537	0.91
2022-05-13 12:30:00	2398284	2183352	4581636	0.91
2022-05-13 13:00:00	2620394	2423505	5043899	0.92
2022-05-13 13:30:00	2838686	2709980	5548666	0.95
2022-05-13 14:00:00	3028279	2900421	5928700	0.96
2022-05-13 14:30:00	3273420	3130200	6403620	0.96
2022-05-13 15:00:00	3590817	3496190	7087007	0.97
2022-05-13 15:15:00	3636402	3591570	7227972	0.99
2022-05-12 09:00:00	474841	582106	1056947	1.23
2022-05-12 09:30:00	856592	975413	1832005	1.14
2022-05-12 12:30:00	2026315	2423550	4449865	1.2
2022-05-12 13:00:00	2169492	2669087	4838579	1.23
2022-05-12 13:30:00	2318170	2896343	5214513	1.25
2022-05-12 14:00:00	2484957	3206210	5691167	1.29
2022-05-12 14:30:00	2674600	3447579	6122179	1.29
2022-05-12 15:00:00	2986347	3749808	6736155	1.26
2022-05-12 15:15:00	3036934	3819112	6856046	1.26
2022-05-11 09:00:00	340395	314949	655344	0.93
2022-05-11 09:30:00	590307	530571	1120878	0.9
2022-05-11 10:00:00	764654	736944	1501598	0.96
2022-05-11 10:30:00	881869	856954	1738823	0.97
2022-05-11 11:00:00	1002878	1003226	2006104	1.0
2022-05-11 11:30:00	1131104	1146044	2277148	1.01
2022-05-11 12:00:00	1261698	1304211	2565909	1.03
2022-05-11 12:30:00	1488449	1486023	2974472	1.0
2022-05-11 13:00:00	1683149	1737944	3421093	1.03
2022-05-11 13:30:00	1832475	1942526	3775001	1.06
2022-05-11 14:00:00	1969282	2093067	4062349	1.06
2022-05-11 14:30:00	2117203	2296073	4413276	1.08
2022-05-11 15:00:00	2358963	2593120	4952083	1.1
2022-05-11 15:15:00	2400914	2711808	5112722	1.13
2022-05-10 09:00:00	332518	324892	657410	0.98
2022-05-10 09:30:00	626649	576413	1203062	0.92
2022-05-10 10:00:00	850042	837371	1687413	0.99
2022-05-10 10:30:00	1054240	1105277	2159517	1.05
2022-05-10 11:00:00	1212895	1306711	2519606	1.08
2022-05-10 11:30:00	1389638	1507979	2897617	1.09
2022-05-10 12:00:00	1552046	1671443	3223489	1.08
2022-05-10 12:30:00	1707799	1819764	3527563	1.07
2022-05-10 13:00:00	1930705	2000829	3931534	1.04
2022-05-10 13:30:00	2077698	2161036	4238734	1.04
2022-05-10 14:00:00	2243989	2270780	4514769	1.01
2022-05-10 14:30:00	2441370	2419732	4861102	0.99
2022-05-10 15:00:00	2652859	2635736	5288595	0.99
2022-05-10 15:15:00	2700137	2706762	5406899	1.0
2022-05-09 09:00:00	324184	348561	672745	1.08
2022-05-09 09:30:00	592077	614655	1206732	1.04
2022-05-09 10:00:00	805776	923343	1729119	1.15
2022-05-09 10:30:00	1013952	1226075	2240027	1.21
2022-05-09 11:00:00	1255867	1498929	2754796	1.19
2022-05-09 11:30:00	1456390	1688100	3144490	1.16
2022-05-09 12:00:00	1585368	1806950	3392318	1.14
2022-05-09 12:30:00	1705940	2146090	3852030	1.26
2022-05-09 13:00:00	1834067	2319675	4153742	1.26
2022-05-09 13:30:00	1956299	2444797	4401096	1.25
2022-05-09 14:00:00	2077570	2589918	4667488	1.25
2022-05-09 14:30:00	2225452	2775162	5000614	1.25
2022-05-09 15:00:00	2488943	3167247	5656190	1.27
2022-05-09 15:15:00	2525320	3319725	5845045	1.31
2022-05-06 09:00:00	299667	285004	584671	0.95
2022-05-06 09:30:00	589245	602841	1192086	1.02
2022-05-06 10:00:00	744052	792871	1536923	1.07
2022-05-06 10:30:00	910809	948254	1859063	1.04
2022-05-06 11:00:00	1021583	1091017	2112600	1.07
2022-05-06 11:30:00	1121136	1196602	2317738	1.07
2022-05-06 12:00:00	1208338	1294495	2502833	1.07
2022-05-06 12:30:00	1304910	1416938	2721848	1.09
2022-05-06 13:00:00	1400087	1520195	2920282	1.09
2022-05-06 13:30:00	1496477	1634523	3131000	1.09
2022-05-06 14:00:00	1641080	1819882	3460962	1.11
2022-05-06 14:30:00	1784343	2007962	3792305	1.13
2022-05-06 15:00:00	2004161	2349258	4353419	1.17
2022-05-06 15:15:00	2040502	2419176	4459678	1.19
